100 200 49
11 808686156 21709764
76 760136334 815074081
86 734783927 735986987
60 812287563 591276875
45 235282971 550140202
48 545002522 828916861
76 487900333 960062286
75 63482558 162847344
84 875496806 410990399
83 33265408 412603217
37 603535802 357626100
3 45250741 427972536
65 117727925 127869212
39 174804574 715323017
55 781532857 529679315
46 625465930 617470580
68 195032336 744395898
22 648754483 704427900
85 964353513 696237234
1 598615986 810250885
73 873425413 225257022
49 752102786 265383382
54 19416155 312888433
49 101196391 713361627
27 620583927 555631906
55 354699432 555367340
100 772314405 681318419
37 244409249 419685412
33 956923694 895628172
43 562604808 606758744
75 210190580 886288543
66 433777705 416402953
26 645326802 696898125
43 611703032 929715398
67 955528835 926024327
31 392605238 802180379
14 212153996 400276421
72 337802763 85179136
37 549221462 895575170
89 315842481 783668785
24 845417842 880363732
93 202638169 758735395
92 447844703 924957838
45 665948818 553950225
42 832373340 973643044
55 693031531 565637342
38 740281617 391436520
62 30784302 676391312
3 71234235 864698238
27 973701207 892408070
37 24236836 764752892
7 629286696 88420887
9 44067896 835478011
97 691705628 699020339
11 416642926 153451097
82 354453538 982936415
99 659589363 941650026
66 491672738 506438603
99 492207130 636652082
44 322214657 244442689
56 60387298 252257946
2 413720430 615594477
12 710591663 451598089
100 648211345 571970449
36 25107472 986380934
26 442369417 729643793
85 233109823 273696171
12 946706584 101195995
46 980737703 645451509
64 841589591 778985868
62 670385506 181847486
65 128761935 299527984
8 362645972 649690758
54 627219352 451509878
97 93412127 916599556
4 512906802 540981245
57 406703000 761003872
22 834469272 94322292
11 538444200 720192786
96 91262614 923958005
8 185815863 375680472
65 716616730 893093261
28 530421197 919987455
81 235757249 461363782
76 399991949 672809189
5 748806525 713876818
20 809922818 766925782
28 81971424 295956
56 271005432 676584853
70 79636314 458057525
84 974966073 644987712
93 104014249 123362991
41 976186242 158302487
1 270573454 388184757
54 195731418 926808770
64 633007188 82184020
31 642708007 7997647
3 6316770 26262804
94 702420617 368602327
16 396835108 499878978
31 128333471 419523927
8 178261548 179837514
46 176188590 858306941
24 205534531 195085855
44 266492435 588202680
54 920005448 686333053
18 949444798 53534031
2 707274735 908440582
88 820713494 420881929
30 382575026 0
15 781319816 538681108
38 703437412 727770204
32 182199198 702334633
77 668716700 264619918
46 514533939 414369157
89 76204931 766754721
80 532359547 786355508
12 358681455 261780659
22 195947959 219550575
63 378001784 50542567
58 947547989 490003600
96 398843457 0
73 309900821 619804170
67 170058385 114795897
29 792767767 525922553
22 344029091 763992202
85 320261423 161132803
31 714377319 666431014
6 492235685 829456215
2 468360301 305951085
86 989044410 930069063
14 167705710 760935301
96 231364964 598871275
30 177573812 823167876
33 922027796 345522430
5 680636332 271253888
62 193873073 21388425
39 571867443 701000932
59 158935312 154785900
50 190258290 770663185
64 619352788 888300273
13 843815951 474743018
4 44685341 527467285
63 888945963 166152373
18 308544406 897356838
41 964315286 804119240
63 68281214 780472341
59 934755807 363611067
21 602371535 937646633
52 999093129 523017057
21 352612691 591714510
69 797745568 821986962
10 608969545 728245093
9 595028377 874951871
14 568644905 754551114
87 528002546 435879046
28 537249496 579353760
54 752916685 340906352
97 69114700 67996801
78 606829503 366963274
74 154364301 975683819
99 701455399 305945332
22 493969488 597277587
53 506122458 771364030
6 901052296 616228971
49 582631503 918968802
45 755005275 695842995
76 969024044 477793075
37 447007714 884883978
8 997294309 950745610
71 303106661 964360551
18 762798093 101368443
45 594521700 787987616
22 82066186 747854840
85 614756305 862668255
60 67216346 450217424
59 705444915 279924952
22 945060806 652933480
65 421853402 408545946
69 191443781 650976962
69 293841372 173011005
62 431750201 207414504
82 606397723 347715218
31 496896985 44635191
59 703998433 418728183
40 615403495 38228676
52 654462689 31425278
55 729306057 575548737
99 848233389 895757230
88 879938262 995780993
75 711903799 81572621
13 364774204 488903756
5 290616973 850552223
38 896182832 319063514
63 770167173 658600042
9 13311281 865683995
50 880730595 319095515
44 91689528 899932064
38 45155026 20797784
16 762286337 59233734
1 8
2 11
3 21
4 24
5 32
6 34
7 38
8 42
9 44
10 45
11 47
12 51
13 52
14 53
15 56
16 57
17 59
18 60
19 61
21 63
22 64
23 65
24 67
25 70
26 71
27 75
28 76
30 78
32 80
33 81
35 82
36 83
39 84
40 85
42 86
44 87
45 88
50 89
51 90
52 91
61 92
62 93
63 94
64 95
70 96
73 97
80 98
83 99
88 100
