100 500 99
42 90229437 99584453
24 131732630 700478241
69 546968442 972862448
92 16516632 983917258
42 820325362 815286347
74 596105462 836196152
56 394907245 629908623
91 581978228 896094989
18 165750636 104912717
33 399469493 204966174
90 82886336 439112342
41 795338095 15835801
49 625310415 817426540
69 494388407 266058418
63 271258342 322140244
1 704798321 419297441
41 673964231 85446577
100 733712804 500091675
80 386416300 185174789
46 439054560 8554879
8 475529627 103775341
82 509362159 377001041
3 66024625 969993182
74 734745369 770086910
3 363880965 276578686
50 260762357 465243891
15 47613742 452360550
27 691720930 242211594
27 932780966 201055821
99 977161493 355188375
59 894007960 314895277
67 841569067 394456574
94 96024980 404235977
26 254761529 903440844
4 719447374 95349941
17 896638540 916046104
40 540810997 141705688
32 623308862 137373077
78 354633520 808943095
11 924755984 315267099
2 667864385 20410987
68 498416982 613147931
50 484881054 87751495
50 693816227 96285030
39 838155228 297888610
35 444185178 294266923
45 924467455 716651482
20 238099346 363298288
56 286055294 88190165
11 421901167 551899766
34 828890217 608339293
68 895988653 706166898
40 94617461 259718988
80 287192414 245265957
64 795320621 381143616
94 410706041 147139674
24 154476129 562638254
10 761447480 228911588
98 840042377 18125686
91 368685056 284612213
15 171128242 380063520
69 473698327 491193370
92 587255723 194206255
79 386369679 247866823
73 1864188 343065188
43 758024230 257692189
46 724358721 116560969
21 768561850 710821713
53 536883394 662201748
12 843506621 907146028
39 69318628 576655356
66 843896085 448323080
91 376620696 833713163
26 751485917 233763365
44 532612480 719649506
20 356940067 787102571
15 979789471 791405577
49 980452829 179432877
90 832941666 603486262
97 396829272 638198690
10 382218263 713623199
12 730828615 11055676
62 986502253 643749928
85 128314109 995373392
28 243176886 433916382
31 408363137 907049018
69 172606967 743462199
50 87670380 487261979
46 20488511 695762302
71 858782067 34258552
69 806841940 33447936
56 671053174 355715070
24 314049965 939101332
49 466424824 335260113
74 556812729 892506955
79 464396258 566130406
75 471027130 500253558
65 493873520 597813600
69 688528683 12045441
13 840243879 444047760
65 880211328 778276853
64 278947685 783991057
89 898557742 270942767
35 659342747 416897642
41 377422156 634696250
71 823895330 777580689
9 457794458 360187097
90 216276248 236138018
67 431228758 833691446
35 24311451 120664152
93 456359617 904964708
85 454873226 962841720
82 156516468 251693579
23 667777868 655425480
64 85441675 584725863
39 607531217 7983460
69 656863286 249892034
58 18428701 573719593
31 465091742 737695199
17 21554843 324058434
63 390243403 211956102
7 357021349 50741248
10 228309474 463651736
86 722493495 138698751
40 695575083 13849580
35 766968033 416755863
71 588786502 532695799
39 29199908 581934694
85 786435657 22324987
57 411301141 3425952
94 703144054 33533936
48 796235013 967851038
48 375751213 623401540
69 838494223 700625311
79 997285377 49433770
21 472204940 183664322
85 503307507 560215810
26 891645684 458219356
21 343139917 69378365
51 412388981 36343667
50 552821778 307593952
41 990026988 683319789
75 993971215 349917456
18 940651787 398921344
6 66296562 593463432
69 105437964 777864349
70 557547880 233876005
5 576828023 593875017
82 171958158 922949733
51 879832972 87572872
23 818149356 243040669
10 41517296 416690005
16 304974477 99303758
33 815762159 328357428
96 675627471 229516202
55 258002727 990323040
25 824468722 659284959
44 181162063 969240449
48 888665953 725444999
63 157412912 643167757
47 9448181 193886269
54 444876594 716131444
30 339240927 618378503
69 550650866 826582416
22 46723218 698075222
17 422837019 701353704
65 38111072 31709595
76 698856692 534302485
50 407202320 644761833
65 693179848 52495231
98 725748453 623709314
72 419134027 395830733
71 496924451 886088596
72 191506167 221098212
26 581030440 557947344
66 953128347 826410916
51 363366053 224968076
68 201305686 397252456
59 284679224 505776371
88 745525287 157431059
22 116851302 327352062
36 366062312 404568782
76 412920477 911655907
51 978812082 386761800
59 949378862 728201606
68 578788293 959871020
61 191482399 197150383
63 903699076 607875499
95 505366576 83902113
34 242302334 841504652
37 68676499 150345401
72 300403986 944851002
12 258004497 441994288
4 545341784 327476536
58 857670111 48435690
35 562968995 351499310
11 253158312 95261306
94 367563102 546883740
94 300707099 649171424
50 939099457 754112750
33 147759876 100398599
21 370218502 29387515
49 846024829 777342165
34 991365768 197719466
78 698791899 917534231
10 652047485 470032356
28 57173158 160187548
28 548505778 756983372
60 879720097 612329893
84 929399565 836609130
35 863181795 175980645
88 14830679 364408743
27 29242965 608182061
7 383371366 462719308
55 91993757 450143986
60 134862542 437167741
59 147496144 389869613
83 999569892 125870645
40 210278024 372295203
59 978167398 468116839
62 49742647 438896904
34 289582013 31579700
43 189704973 176060357
37 655504074 65571913
57 676283256 343262103
9 768268013 702805459
99 416215009 15166925
55 802759022 424491597
88 276189149 723719531
91 601612872 238841936
52 777077223 580671412
54 318008940 945764734
73 347252671 403804981
76 640306960 263387565
82 292580712 944761309
72 925917726 130299787
2 656890503 839209708
34 241440988 800726045
32 991190807 201802740
33 935137573 101181878
66 591163235 708496336
31 978275621 45754297
91 526774488 934592962
66 793674852 275035953
73 569964974 965804695
23 618034201 338571870
28 52096451 128367420
30 121239999 370903878
73 767645155 378510491
67 559904797 503949920
82 943826112 429452605
100 856339527 337967044
84 436034838 401057637
37 172144698 947309795
20 419712225 299389707
9 194770602 445946
14 317912120 955166882
31 870264782 906681727
39 934507550 610881655
28 537027167 821929142
63 622181811 73069004
64 906969565 319325371
84 957524545 116533806
2 394248526 145386584
75 255605503 354818808
100 702682790 152690380
46 555834117 562819359
35 123494242 394640755
91 75147287 796046311
23 291961877 876072820
15 757406021 7596343
30 944840228 353384564
60 462437253 970921408
51 192703070 512810272
2 425465997 565660970
94 434551292 167711827
32 800929588 954761293
19 111326234 727980899
3 197694196 120806396
70 746569241 912700852
2 653825392 377273622
7 319132082 112086489
17 772342551 694271944
13 102571933 643585484
49 426864534 979256536
83 145773493 399958907
81 192919385 549177923
49 759599471 11150295
48 230481908 750661739
79 279262536 487460767
33 484115613 804358570
23 491901602 791298896
11 150724115 883053295
97 109673325 858964034
51 965813844 872916938
3 616494585 568288946
73 944063538 529438512
56 971142368 295211148
54 567215149 661168877
76 999842006 525276426
4 415279697 613279667
73 760248516 818713679
6 363438307 716178423
4 634242375 873254462
20 511932925 389365183
16 403794057 542924171
35 866275868 36057636
93 633896211 228323304
76 111916485 806420753
11 924911013 715303008
23 945499027 814946581
25 47026321 474107886
41 929002780 859011028
74 366895434 850757076
34 570259893 794357128
2 754085685 976859538
92 489240457 445920325
57 283326770 789489260
17 471625273 969818136
95 393282182 74148839
93 86566128 57342406
76 861508690 690689543
83 597257639 183841827
91 857988778 788653921
28 546413266 714729432
26 825292917 482171019
21 329820906 168213950
93 594504224 519462083
31 805141663 258421925
23 201000694 421328211
95 753949049 273131200
95 959108124 452570059
70 413980156 50340992
53 907091556 880779328
64 939885424 567642247
73 843967562 128948731
44 543865924 968233276
77 897623827 579752979
96 426099261 521847939
82 567504050 250373712
40 953727308 625771046
96 270712510 23648134
30 253616225 936454934
4 432495868 581816503
85 516013232 212499081
20 590874598 597235381
77 531881515 703933715
84 758797540 359739256
21 387228970 937136841
2 19934152 499189380
42 164671512 884468602
5 720958457 100262270
80 25177542 585999586
28 593231228 56489332
89 906166724 693664638
37 711338805 367667672
28 368104843 526996940
18 957685996 809394723
77 791427803 52121184
99 133164895 911995785
23 312713380 758749247
57 195942209 530730081
76 279465623 301885029
19 488569864 495920199
30 682322253 840853050
33 233131775 849856474
31 24829147 881783110
100 506725226 145263630
35 936690186 894733024
64 506159812 990299726
45 854920086 693934762
7 15223594 732921133
23 293907839 296124765
22 46224119 47651031
19 200635156 14976285
15 902404383 330635778
81 660369873 212505147
87 997741938 409331610
68 124468262 725880501
37 568496160 318239782
63 9713083 264742929
77 361922701 747503102
76 537399398 266536342
89 945294994 636353088
56 543926570 294237717
95 859776856 72558550
91 315489553 877654293
26 952366628 747850840
47 455664998 847004942
84 395625876 768017371
13 565983463 819042242
99 710261070 832010864
73 730602768 254593846
29 645927078 993692498
41 35237033 470392816
20 610154219 185243046
25 50058203 463619831
7 143169129 250454028
27 550457928 502130263
68 612437174 41332957
93 878523330 930566955
43 95599703 839745435
88 910634595 398766575
64 550518471 42044009
23 239861156 80174468
100 644901072 759663345
75 36741008 352743175
6 157410765 419621445
99 182828059 482507777
78 636517893 865009972
71 935922200 530067735
75 955543360 625630796
95 284851938 305728769
65 172924376 483145756
26 618396082 674136707
94 648977746 87949089
30 861138910 604392023
1 272697846 393760063
9 414272083 111213624
48 620354686 665447453
15 60589440 287460371
60 301047410 719558289
31 837858446 139490287
63 498287775 39319876
77 49802036 689397728
17 224852872 384075628
45 992830082 219137386
98 352096416 101728213
8 89181783 579048072
86 316765919 915605203
2 794430146 566904382
82 706732182 384706461
49 988063337 373951319
6 661951228 82924001
43 527596813 585403556
16 543031473 215939844
9 55401159 679439080
53 869625581 70624997
72 954603806 583700712
29 595663619 482041766
61 430270742 159926012
65 409899493 424958570
80 800673013 823113181
35 93462539 138085228
40 377795562 273336571
15 141757587 586281949
73 587531723 936749611
62 966505067 211265223
6 58543320 282054022
29 717014065 920021274
52 289770620 660948722
6 291824762 866610695
22 749069924 620363805
72 538836504 168597762
24 372764850 151581808
25 595900905 653082927
56 564437802 473980279
66 564512096 804097415
7 572111921 311171504
8 989046100 577788980
82 765547122 625540248
23 944808731 986259511
29 102984371 172676244
52 581749970 203077955
33 346664324 998722507
75 664734460 643664704
88 302165408 556940552
80 492672613 784927139
79 853988527 719759210
89 17295623 778699786
65 823890934 797859877
55 889451184 855994523
90 826386643 259142534
45 968408542 801019292
24 844589230 726698969
86 295872730 429017903
56 605524005 895681888
6 236864787 223932140
97 304382926 37577300
66 798584827 435720464
97 539570439 932695020
83 646489103 919295740
10 236803070 417282952
19 880620145 229840860
77 606010713 327008122
50 117407915 347716630
85 674842318 393558024
13 868737907 565312610
2 712938049 375570081
52 6339334 380656405
14 952793512 942005146
50 13406650 513618929
67 87021588 677000268
98 270248021 474697411
41 856007059 486272998
79 324313229 445443121
60 677345579 369908360
79 234126174 569254441
55 588604293 237674635
21 767754611 430595618
1 2
2 3
3 4
4 5
5 6
6 7
7 8
8 9
9 10
10 11
11 12
12 13
13 14
14 15
15 16
16 17
17 18
18 19
19 20
20 21
21 22
22 23
23 24
24 25
25 26
26 27
27 28
28 29
29 30
30 31
31 32
32 33
33 34
34 35
35 36
36 37
37 38
38 39
39 40
40 41
41 42
42 43
43 44
44 45
45 46
46 47
47 48
48 49
49 50
50 51
51 52
52 53
53 54
54 55
55 56
56 57
57 58
58 59
59 60
60 61
61 62
62 63
63 64
64 65
65 66
66 67
67 68
68 69
69 70
70 71
71 72
72 73
73 74
74 75
75 76
76 77
77 78
78 79
79 80
80 81
81 82
82 83
83 84
84 85
85 86
86 87
87 88
88 89
89 90
90 91
91 92
92 93
93 94
94 95
95 96
96 97
97 98
98 99
99 100
