233
89 94
84 18
89 163
192 189
151 149
68 154
43 13
127 136
187 233
192 53
89 86
46 114
113 123
11 15
89 32
203 211
1 89
89 214
71 140
188 227
89 152
137 142
89 69
72 104
89 43
69 218
33 31
89 90
89 217
216 45
45 229
96 147
182 96
8 109
18 72
32 230
103 193
89 170
187 74
56 201
194 156
43 36
162 82
92 28
223 63
68 97
224 7
89 91
220 127
63 2
35 102
89 79
105 121
73 179
108 3
55 122
25 1
113 192
196 228
58 70
216 111
186 138
89 216
89 139
89 184
187 12
192 61
64 125
89 14
24 159
89 175
5 110
182 113
114 157
43 132
38 9
89 116
54 226
194 177
50 131
120 58
117 120
89 187
82 26
4 210
66 232
124 182
170 171
188 38
55 51
221 200
208 33
123 145
89 24
146 54
89 71
229 174
164 103
54 188
55 195
182 137
89 62
167 41
89 8
43 168
89 220
4 98
89 35
141 191
89 57
200 46
89 34
89 181
89 129
82 50
216 84
89 73
195 64
219 225
203 56
180 215
89 143
173 37
209 52
85 77
144 118
64 22
192 67
184 16
139 153
32 112
81 48
156 166
188 165
200 186
123 99
196 206
27 203
89 87
144 204
89 162
210 119
89 4
199 160
1 75
212 107
70 25
83 176
125 106
157 164
60 135
141 183
113 198
216 40
156 144
89 11
203 30
54 126
71 81
9 39
113 128
155 172
223 17
212 208
166 219
161 194
181 173
89 80
89 202
31 221
15 6
83 60
151 115
225 92
9 83
64 20
101 108
89 223
226 29
124 66
53 133
178 19
106 146
113 130
193 161
197 27
218 65
23 42
89 169
179 49
216 95
89 167
187 199
89 134
89 5
31 59
28 224
105 10
89 150
89 207
177 101
141 47
126 76
56 117
17 141
82 222
27 100
32 180
112 190
60 197
98 93
10 212
95 148
211 21
68 213
92 55
61 105
89 23
38 151
89 155
89 178
225 205
89 88
68 124
163 44
184 185
184 85
89 78
138 231
73 158
192 196
89 209
