2000
644 459
644 911
1387 1833
756 1055
644 1223
644 77
1301 360
644 1403
111 136
1847 814
192 60
902 1641
1083 1136
157 1965
331 1473
1582 1252
1874 1798
747 367
486 330
1061 293
599 881
51 1312
1208 1921
644 1168
1320 542
1919 1101
199 115
864 1257
1067 1640
644 766
97 1662
737 627
644 809
1320 1134
644 336
242 33
1130 150
1557 1814
333 377
899 1893
160 93
1699 1271
730 1313
644 284
644 965
1960 356
712 230
644 433
671 1039
644 721
1491 1474
644 268
1851 664
795 745
1935 1094
171 1820
1156 1754
1330 245
189 1627
1123 1522
1573 1898
644 371
907 37
528 674
106 805
891 641
644 821
1409 1347
644 725
644 684
495 1897
1630 1875
1074 1709
1992 1439
1908 983
1401 1529
676 1621
1033 1047
451 1763
1560 603
983 645
1557 15
888 1546
1798 800
277 34
4 160
644 1692
682 1765
1558 1700
435 939
1458 1212
1874 1922
1886 1042
644 1902
524 995
1620 1314
1016 378
834 78
1485 1110
1710 1636
766 285
1772 700
1804 1063
1400 1019
264 316
1479 1359
1925 1392
232 1730
644 1049
1491 205
644 135
251 390
43 849
45 951
730 1334
644 1385
879 126
1438 1528
1683 169
85 1129
1016 1949
406 387
644 97
1790 383
625 918
644 480
644 1782
480 980
755 819
809 1943
750 753
1410 109
284 1955
526 222
1127 913
13 548
605 563
1163 1463
644 1794
236 742
990 1891
1789 1239
60 1
111 1108
618 886
452 103
1423 1144
1525 1065
644 394
1714 1370
1276 1382
1337 1243
1631 1194
875 1248
1776 1722
644 1402
1190 1843
794 1877
770 1799
351 1515
24 1596
1517 1968
644 961
994 1971
1484 1415
672 1635
1565 1934
1492 317
1293 901
644 1117
809 1267
260 1654
1560 606
628 1258
644 434
1497 25
278 1050
1809 652
1981 1279
188 1608
1375 406
82 1736
644 251
1692 1013
844 1135
495 167
878 1832
519 1059
1975 6
594 1740
809 96
1543 996
928 1380
1866 344
653 1890
313 442
1113 506
1755 31
1489 151
49 1881
644 1205
1447 1523
1420 1210
225 1589
91 1164
127 1250
530 1647
931 1633
1268 1616
351 1082
488 1530
529 1204
794 750
644 1449
1763 1088
2 54
644 975
1964 1844
608 777
624 458
1671 546
1957 224
196 144
1313 1713
644 116
644 421
1943 1263
1901 1547
1396 280
676 1227
1908 1936
1825 959
1182 1489
711 17
1244 1376
947 904
1490 1708
692 1559
332 1694
702 373
213 957
644 874
1228 221
1755 102
819 241
363 294
1835 644
512 1885
906 407
1716 1472
654 1537
644 1391
1029 21
915 474
1996 1564
393 781
1694 1895
1721 551
644 1326
1516 1932
1241 1219
644 978
185 94
848 696
1664 1642
644 507
1321 401
1635 1295
175 14
1767 338
343 1213
543 703
644 1261
264 481
156 276
644 1788
644 1652
1722 990
1181 802
644 999
126 1924
648 369
644 841
644 1192
1306 1549
1029 447
644 1552
686 712
1576 538
927 1585
1989 671
1536 1772
1518 682
644 49
10 315
1408 722
1279 518
16 614
875 1259
1450 856
644 119
127 685
182 1226
1592 536
1489 1584
1204 1483
1203 428
468 1634
1400 601
644 655
1205 90
129 363
644 938
1344 619
1981 1275
790 1545
359 1759
726 1300
1176 665
476 602
644 1340
1337 1486
299 206
644 305
122 424
1020 1225
1986 35
929 98
1734 1657
885 908
1608 1348
348 99
299 64
587 873
644 1866
1966 1190
644 1211
226 1573
999 1744
644 752
1613 1264
68 1025
965 282
644 1973
851 1993
643 1667
1482 1743
67 1401
1553 127
490 1568
104 1455
1926 976
443 157
920 204
894 130
398 62
1899 1781
1924 1516
644 196
349 697
970 622
295 1440
1377 1519
552 808
683 313
1751 1548
1020 707
1104 1478
1720 1535
166 1603
142 1935
644 1809
869 134
1933 1984
644 449
378 783
140 188
276 1412
1353 947
877 1514
776 1436
778 1011
644 258
1694 1183
644 1111
789 1769
644 1132
408 1349
440 833
927 1127
1173 1428
735 489
1678 199
1524 1367
1894 1346
42 1733
644 786
424 1663
318 718
1642 1688
1737 516
259 1062
1054 836
644 1091
644 502
794 1027
907 1838
644 1696
648 1996
53 1812
536 154
416 1158
312 825
644 1501
699 1157
614 1461
644 1360
232 1122
782 1791
1822 509
536 680
1034 1457
624 739
1284 247
278 517
1925 5
543 831
1730 1125
1029 1847
1547 581
1908 577
644 1880
644 260
992 943
644 1058
1750 981
704 217
1710 1811
1539 1729
1403 432
1486 678
182 70
189 1953
1582 178
122 759
1801 1570
1581 311
1248 1808
1947 1766
1536 1551
1009 1780
644 798
701 1510
860 861
644 1920
490 803
800 249
1999 1775
644 226
1145 1674
1558 1056
1223 1638
1732 66
644 1450
1235 1974
218 1188
446 1995
273 646
1180 1773
163 887
157 462
1593 1919
618 589
414 1150
538 788
1982 48
1932 534
1847 1343
622 208
1679 8
644 1077
644 172
644 574
504 666
442 1242
644 631
439 917
1329 1860
644 1626
664 1081
41 1900
430 361
1584 1723
1907 61
704 529
644 1231
1397 906
405 444
190 51
386 1061
572 1161
764 878
1423 1084
801 227
1249 1691
644 175
644 1276
246 148
1386 1869
835 1294
1194 1277
644 375
1408 52
396 910
817 1417
644 772
439 1718
1996 1566
644 1939
1982 940
555 1666
346 1944
1441 1152
963 297
1306 1835
744 1274
1063 1278
826 973
1079 1246
644 411
467 1329
1378 1012
1051 780
813 1381
739 834
1385 916
1855 612
285 358
865 1533
644 84
1645 1686
1145 1684
561 214
644 1981
1166 629
753 210
815 1606
1571 1864
644 690
543 108
478 372
1061 1786
424 1942
644 530
139 1237
949 1174
1326 743
1130 211
584 1610
1671 1292
1267 1612
1354 386
644 616
604 303
414 902
448 1879
1020 575
425 599
222 1076
1897 1950
644 1430
1749 1714
1244 1857
644 735
553 1177
1468 445
1210 219
27 1247
1573 473
1819 1761
57 1738
1267 1717
794 1351
908 392
660 617
1415 359
413 541
1981 862
1727 1057
59 1041
644 75
792 1220
644 488
644 1256
1055 1339
1856 1075
40 256
413 1491
994 764
888 969
1216 870
1860 1896
644 1771
16 145
1415 279
593 1331
1337 964
386 1451
1992 1565
1066 960
644 1685
519 900
644 403
656 1115
1762 715
119 120
143 138
644 343
628 1407
896 1739
540 212
729 1015
1195 1064
644 1681
928 1770
1989 237
1764 1948
1822 1265
1947 329
1546 1052
662 1085
148 526
865 892
91 1560
312 1952
423 1574
101 1069
644 922
1974 1416
348 1590
544 936
962 897
644 486
1529 1327
1177 65
275 550
560 19
1281 402
899 889
504 866
1759 1707
56 318
1991 1238
644 1861
940 871
644 1947
1446 67
194 427
1940 1216
135 1172
1988 1464
948 1672
946 44
433 854
1058 985
244 719
849 393
644 1752
1846 388
484 1658
884 1335
299 1040
1181 351
770 1345
68 1807
1441 1693
644 223
1211 592
82 1048
1038 702
1680 1066
1198 1308
286 365
1020 1594
707 1160
1614 122
501 572
1244 1093
1954 818
1673 621
1140 1748
1607 118
1131 816
1331 687
1525 76
1018 364
644 1372
841 1671
141 1142
574 1245
276 778
1355 673
1025 18
1933 23
644 1060
644 1907
240 1855
1614 971
735 1526
1765 523
885 919
644 1865
975 726
862 431
644 1817
1820 1991
1219 1342
1130 714
1825 1682
408 322
122 636
1571 327
580 1732
1594 1297
1103 1120
1484 1683
943 1007
580 547
644 928
504 1456
1680 1587
88 1480
377 1632
644 740
10 710
644 352
584 510
1130 179
644 1544
287 1306
1101 758
644 320
644 310
644 941
1911 1498
1084 333
1377 797
1941 716
1589 30
870 1410
1354 283
1615 1466
1825 319
641 875
1923 366
538 1737
1101 74
870 1352
452 1797
642 667
644 962
978 1503
1442 1699
1194 124
1123 1777
1852 1539
446 539
1886 571
19 1373
1251 987
225 1884
1942 296
644 1092
256 105
701 640
850 1009
644 1307
793 500
89 1201
855 1291
21 934
594 1096
1813 560
422 1043
1544 1240
644 1558
47 464
1321 1703
779 727
1521 1344
644 1618
1594 1768
437 239
1885 152
1773 1296
156 1883
1720 1611
644 497
240 596
644 494
975 1253
1011 191
101 681
861 1909
644 876
1672 325
1553 1767
290 839
1552 1448
1620 141
644 994
1024 535
782 453
278 720
644 321
48 12
983 1505
1704 1527
644 1680
759 180
778 1806
462 1354
644 261
643 298
644 143
616 569
4 675
1935 1938
1163 920
148 570
833 1818
78 1911
1711 1365
1189 1665
1218 993
1072 1494
405 1268
644 826
1995 1928
603 1155
38 1840
226 1500
851 1241
644 463
984 201
644 1504
1615 1107
1709 1624
38 945
332 248
53 1328
1491 1816
1566 1644
321 408
1583 1446
1678 1116
962 942
1691 88
1364 699
742 341
1194 1159
1856 1338
137 187
1881 334
1078 1181
189 955
227 1112
582 40
1261 1114
644 1302
419 496
330 302
644 440
486 853
1489 907
588 9
335 832
644 1954
604 1254
644 1162
644 605
644 926
1621 1481
1613 668
1913 1269
644 1963
1512 1023
1580 620
644 792
1695 1715
644 1673
739 852
644 1006
1484 1800
777 1822
1528 1937
853 195
936 829
40 501
987 1156
977 56
1302 1325
196 460
1285 656
952 966
712 2
396 1490
247 252
1679 1419
1456 974
1528 1182
644 1750
644 104
1107 1222
1444 79
1580 765
1821 1487
589 290
278 1118
75 264
1835 107
644 193
644 1068
1438 419
644 760
644 701
830 1008
1335 1836
430 314
1572 147
1979 1305
1047 1459
819 1660
644 1452
649 441
74 1496
740 200
644 1853
313 933
644 564
1496 988
799 140
644 1221
1357 1283
1639 395
225 565
644 1521
1103 106
1397 877
1984 47
644 1433
575 324
1423 1311
55 1432
644 1719
1572 1074
800 443
1416 1979
1810 1425
1420 1167
385 255
1768 1930
1879 1387
644 1364
644 850
1671 1309
877 670
1003 1499
1946 1802
644 1255
1618 286
141 956
1205 779
1450 1983
1634 1083
1537 1985
551 190
1870 1992
140 1830
644 451
1437 537
1905 1821
992 840
644 1978
60 435
1332 1578
1704 1716
836 549
260 1408
644 1720
1251 1945
104 1141
1719 1460
327 416
1060 903
234 838
1835 155
1991 198
272 1615
1163 165
1749 762
296 1572
1579 1465
364 930
588 389
386 1868
907 1317
644 694
879 855
644 848
644 1458
825 288
891 923
644 189
644 129
537 1273
572 1235
693 1030
826 1957
582 95
1527 291
644 885
644 1871
627 1178
267 857
644 1966
822 632
1469 858
1073 1369
1131 490
776 229
653 1518
1815 1532
69 38
1926 1870
1856 1648
1495 657
282 896
660 1133
1916 977
490 1441
1056 73
381 166
196 1086
470 894
602 1704
1279 998
608 11
1712 1614
1207 1785
1477 1287
1838 171
749 1815
641 1303
1466 713
371 677
644 1577
1873 1103
1073 233
268 1556
408 461
1055 381
589 1179
1395 470
660 476
620 492
644 42
1124 578
1011 1912
1731 1176
42 1651
1815 1591
644 295
20 1828
1838 1137
1737 708
1920 374
644 399
644 485
761 1371
952 1163
1748 1384
876 1045
1438 1379
1668 1970
854 1454
644 89
320 1575
1642 1413
644 1495
1408 1149
1031 176
1602 272
644 1196
644 1234
1029 842
750 1053
1496 1121
1890 770
1477 782
1012 1848
748 1214
1004 734
644 423
644 1218
845 837
1539 267
410 499
662 1538
1357 1051
940 1444
907 1037
1597 909
644 1198
644 1018
340 683
6 468
785 586
1390 512
644 1016
502 828
1049 932
165 1318
1119 1776
644 1375
604 1341
410 1024
1026 1829
1521 1701
1607 1032
644 1322
864 1169
187 170
1631 1324
225 1398
447 1304
1975 822
988 309
1992 1982
1820 244
1411 1036
1342 1867
20 27
644 1756
1299 236
644 1960
920 1488
915 1916
1597 669
1722 100
1548 87
1949 1637
745 1191
644 1629
1628 709
1682 273
817 1378
82 872
62 1388
1889 915
577 1429
1980 1734
1443 691
1722 391
1946 1262
644 801
538 1035
188 1931
1002 830
1163 1337
101 1892
1442 698
757 1646
1071 649
602 340
1779 475
911 1395
1387 1184
644 693
1397 139
251 672
1536 952
325 379
988 326
1642 1540
804 573
644 1863
1774 768
1956 417
1911 532
994 1793
1025 867
1128 559
164 1095
1691 1550
644 125
166 1353
456 1845
1614 472
644 1695
1261 1485
644 1437
1192 724
644 1711
1765 186
644 513
1085 1605
1979 844
644 1284
782 231
223 1323
644 751
644 982
1242 1602
258 1270
998 1792
1599 133
1557 794
1095 149
874 1728
808 1427
1187 1601
1418 1014
644 557
648 1467
1548 1010
1502 1165
1598 1414
1483 1404
610 24
1886 270
798 1453
321 1670
869 633
1071 278
1809 774
724 1109
1692 1386
1158 1874
644 1026
644 163
62 1251
1083 1741
83 604
301 232
649 174
1385 168
479 1002
644 123
644 1147
1351 1553
1241 1925
644 1119
1184 43
123 422
1512 585
644 1377
1111 228
684 220
403 898
1836 350
644 789
57 618
1326 859
1696 1972
1181 799
644 1846
1539 1272
745 659
253 533
644 1779
644 465
644 1656
1991 1536
742 1289
1337 45
690 860
1906 634
1417 1824
1702 755
1304 439
86 658
1976 456
41 1801
649 695
868 436
168 1876
644 1280
421 1411
644 1746
644 1731
644 1285
1870 1999
284 1923
1153 1462
1826 1929
17 1209
644 1899
644 1959
644 1659
1564 277
928 1005
1060 963
153 173
933 81
644 676
1897 1477
379 648
165 339
954 368
1744 253
1268 13
1906 944
1570 686
909 234
644 1581
167 482
644 553
1980 1958
1375 1513
59 1951
1555 591
1117 1470
644 1986
919 972
1468 1653
1624 717
1051 370
831 732
1461 580
644 137
1346 1299
1262 796
607 1745
223 1099
1791 1230
837 531
1496 1889
1109 1882
644 1418
834 1079
1134 692
1670 1236
1670 607
433 1525
1002 1315
1586 623
644 1104
1053 731
1248 493
1441 41
644 647
1422 1964
1846 397
644 1332
644 594
42 1435
507 275
213 663
1983 953
343 1600
947 265
909 775
75 209
1886 197
184 1290
439 225
626 776
644 868
991 1316
644 1595
368 1520
20 128
502 110
1721 704
618 1908
1197 448
1821 300
1782 1823
644 1751
1224 1894
702 741
1342 958
834 737
644 865
960 1604
1444 527
1974 349
644 1645
524 795
538 425
1865 307
596 242
1724 1998
886 1031
1372 729
1577 1502
927 1431
929 1831
1461 899
1248 478
1451 1762
1675 1423
458 1933
644 813
1889 1623
341 1598
183 1961
166 53
870 287
644 1089
594 1374
644 1034
644 642
1659 1189
372 1852
644 281
857 888
1837 561
1653 1625
1111 1330
332 162
312 890
1910 1735
644 1266
275 1215
559 16
1958 1476
478 1281
1593 613
1326 1138
443 520
1885 773
661 1927
1426 384
1289 117
1759 1029
1425 1397
938 1622
644 992
512 269
1463 566
1634 1400
37 736
771 812
1731 1726
660 767
644 1724
197 1747
1795 355
644 1399
1307 181
912 1668
1671 1319
1682 82
64 1368
337 1405
1450 215
1770 1139
665 177
1521 522
644 1531
158 85
223 558
644 414
1287 304
552 1017
214 1046
227 243
1224 266
66 1825
258 863
728 477
917 785
1 651
1368 1988
1970 257
1262 112
442 479
644 446
1497 950
977 1044
804 935
246 331
1979 948
1688 498
1493 1067
644 332
638 590
1894 1406
1688 1249
1945 308
785 1712
1936 1197
644 39
55 1260
965 609
385 184
767 968
87 412
644 521
714 746
1804 824
1168 1193
644 1749
1400 790
1310 1827
1285 7
1272 1941
1645 1080
1591 1071
1722 893
1542 931
644 639
1429 688
765 1858
22 643
644 637
644 804
537 1599
1504 1202
644 1841
16 68
1993 1956
22 454
1493 1607
644 588
792 1511
1815 289
139 50
1080 1643
1685 949
496 1567
1721 1175
644 1492
1247 483
644 1389
1406 1758
644 706
1852 925
644 1003
644 86
1965 238
132 353
1337 1655
644 299
644 1679
710 845
147 1557
721 182
1552 771
122 1195
644 970
1423 587
565 1862
644 1200
1816 1795
1302 1286
90 763
644 1727
1912 624
279 306
586 362
138 597
1364 869
1208 879
275 1677
1522 1705
1669 92
33 1789
751 733
41 1471
662 263
987 1320
560 582
494 630
1772 1561
644 396
614 467
644 1774
644 1394
1288 183
1366 1497
84 912
610 954
833 1022
644 1508
644 929
855 1905
1654 1233
644 1171
610 1072
1552 1358
644 638
10 337
1268 1106
1657 142
661 1438
1821 1282
999 1669
1550 312
83 457
341 843
91 146
644 769
644 484
413 997
769 1689
816 132
692 1131
1360 1362
60 1926
355 22
1414 1630
921 562
116 728
1054 1859
644 1482
165 202
977 626
397 679
644 1186
298 1617
174 1070
1159 1810
320 545
1495 58
1334 1664
1367 192
457 1224
922 121
184 4
1546 398
1718 1151
714 1980
560 1073
535 1383
1685 1803
1538 1506
1562 891
777 927
1818 991
664 625
217 540
1199 1994
1717 469
191 1288
375 984
876 1697
1636 1078
261 1819
786 576
644 1543
644 1123
1732 1977
1424 348
817 1661
644 1140
1644 1128
1203 757
1399 114
1342 1468
376 1918
20 1586
644 1229
1075 1363
1235 1542
1254 1206
1087 72
1550 380
1208 1301
1522 556
1786 1721
1409 342
1760 851
127 544
644 354
125 827
1870 1509
1542 568
1873 455
641 615
756 1910
558 1778
1942 1842
694 1422
644 1915
57 882
881 158
363 1333
1759 1887
1446 1813
318 385
1727 1913
1965 1888
1139 583
1122 3
644 59
1268 1143
298 1675
1727 1001
1267 528
161 1787
644 846
757 26
223 452
137 1706
884 1631
757 1105
286 579
644 793
644 1232
1335 1350
644 1293
644 404
1418 1757
1092 36
247 1554
644 1244
61 1146
184 429
1068 32
86 519
879 514
296 505
1456 1033
947 1914
1907 989
644 1969
11 1609
1140 1764
1821 508
1126 1355
172 1755
1586 495
644 650
624 1886
932 1180
193 1837
610 413
801 1649
644 1113
41 1639
142 1185
968 738
1416 357
164 345
236 71
765 1790
370 1904
825 1310
895 487
795 1087
675 661
644 1512
1103 905
438 595
432 761
1653 1826
1397 1228
1493 91
35 430
1615 1524
525 1469
300 1592
1544 1851
748 1856
901 1421
1191 1579
1208 1356
1255 491
1190 207
1978 747
1021 1576
1297 1976
321 748
1465 1583
644 1124
1720 1390
481 921
1829 986
1531 426
684 791
371 880
286 1784
589 1834
447 754
1260 1987
757 1593
415 194
1556 328
764 250
127 471
1438 744
644 1153
72 1100
644 1597
502 63
479 598
655 131
2 83
1237 817
532 511
1134 1187
1653 864
1791 1702
359 1145
536 20
1730 1676
1337 749
403 1000
560 1839
777 1102
812 1878
193 979
644 1804
1032 101
540 608
1462 203
644 164
1234 937
1999 262
1980 611
216 57
1395 1678
801 635
793 1447
709 400
644 823
1916 847
1266 820
644 1426
118 1872
868 1569
179 80
171 1098
194 1760
1127 924
644 376
1344 1336
644 504
399 1742
749 1420
644 525
644 1687
1524 10
1078 1967
1982 756
1070 1571
1091 1753
567 156
664 437
390 1805
13 610
1222 1097
9 1442
1935 1020
1815 1207
908 347
644 1409
413 806
644 1946
819 660
1105 600
904 410
777 654
1475 55
644 69
663 409
427 815
644 662
976 1997
623 213
968 1217
82 1484
1653 1620
1320 111
1198 292
1255 1796
1545 240
644 1321
792 1424
57 787
644 1028
778 346
535 46
20 161
1517 1906
1038 216
1906 1849
644 1054
1820 503
1169 554
627 884
140 246
698 1443
644 1004
405 883
644 552
507 218
584 1475
1855 1170
792 1199
246 1917
644 584
855 689
284 914
1626 1154
1142 405
1230 1903
826 593
1216 543
1669 113
1003 784
1575 1850
10 1582
644 382
1463 1563
1290 1613
535 1588
73 1298
1148 335
1129 1357
1902 1962
685 1130
587 1710
906 711
793 1854
185 723
1054 653
916 438
644 1366
1902 259
991 271
1611 1725
623 1901
644 1517
644 1534
405 1650
1415 1479
644 28
644 1628
506 1445
1142 835
456 730
104 323
1794 1173
1038 811
644 946
1081 254
1420 1555
1032 1021
1776 159
792 1166
1026 555
1952 567
644 185
1415 1783
1572 1990
904 1126
644 967
1763 1393
148 1940
1789 301
1875 1203
644 1580
1337 1541
1236 1619
1552 515
1201 1507
1012 1562
394 1361
1251 466
541 235
1130 1090
927 1975
49 2000
841 1873
1899 807
1283 1208
765 1396
1123 1148
879 705
710 29
424 153
572 1434
425 1989
885 810
644 420
1482 418
644 895
855 1690
1387 415
156 628
273 450
485 274
535 1038
1255 1698
301 1493
