1666
1026 881
1026 1231
1026 557
1552 550
1462 379
1026 383
1026 1644
92 1277
1618 971
1026 331
1026 1437
1026 1080
103 117
1320 85
427 1063
1215 922
288 1547
1026 718
1026 144
1026 1360
53 54
1026 960
1026 1071
837 1291
633 1159
1026 1367
1026 1234
782 29
927 1089
469 267
1026 1533
456 992
1026 925
714 1409
1026 1181
1170 1041
1026 981
832 655
1026 621
959 1419
746 1145
242 132
200 1168
1026 757
1061 1151
764 504
1026 221
1026 977
231 191
1026 1177
1026 41
1026 47
1026 374
256 239
1026 497
606 1497
1026 1171
1026 1240
1026 311
1166 209
348 732
669 1585
1026 1233
1026 871
451 1196
412 974
1657 1545
1026 376
1291 595
1026 224
630 610
1026 195
1404 1536
715 1620
1127 487
681 1336
174 1505
697 1042
1026 1209
702 1646
1369 1238
1026 470
1026 441
700 1228
1026 1346
214 805
1026 285
1026 861
1026 1060
1577 46
1434 49
1026 1133
1026 467
1320 949
1284 63
1266 411
580 149
543 710
1646 345
1026 725
1026 996
969 811
1026 866
1026 1239
658 1467
1182 1131
1517 1045
1026 990
1109 1661
1557 582
1238 1659
1344 650
381 407
55 843
905 481
48 1558
650 56
1026 130
1547 449
1026 641
220 1
1026 1193
1026 1082
1026 309
1447 1532
894 90
608 141
1142 52
588 1320
717 1562
1373 34
1026 944
776 184
1025 1664
811 107
1026 86
152 1450
915 742
1009 801
831 1363
1528 846
1257 257
815 1654
1026 1519
836 1495
1026 219
1026 222
1026 1615
1026 1356
1026 177
1026 347
1026 1056
846 1480
70 536
1026 1606
1026 1337
1026 204
1026 334
1394 1589
1026 460
1026 357
1026 280
1229 952
1500 1249
1501 391
1485 340
1026 284
1026 1187
1026 1378
1026 1348
1026 845
135 1563
1548 658
152 891
1026 271
1384 230
157 1345
1588 771
451 976
678 237
290 476
1026 736
1026 717
1323 585
1026 385
1627 1426
1499 1331
1159 538
1026 1647
918 118
1026 373
1377 572
1158 562
1168 1484
90 857
775 1650
796 1188
1026 967
153 1236
1026 932
1034 1043
1026 207
1608 246
1026 426
1026 668
1026 445
756 1169
1392 618
935 12
744 1029
294 1351
1026 515
1026 640
1026 1281
1026 611
1026 1372
1026 1342
1026 419
1643 627
827 159
58 598
227 1537
1026 1565
1464 502
1118 723
321 1617
1478 654
365 458
994 571
1026 1639
1026 315
172 395
1026 1464
1261 1218
1026 1094
1026 1619
1026 38
1362 1359
1026 1479
848 153
302 1410
1026 918
1026 338
1485 279
1026 1132
17 669
212 1247
1026 247
153 1411
203 1311
1480 66
1026 559
1026 1250
1026 495
63 298
279 119
1026 847
501 1047
1026 1355
272 399
37 532
438 703
1026 462
505 1178
1585 1384
1026 958
889 1416
923 780
1026 656
1026 1483
565 294
1097 912
1026 147
647 114
1026 979
1026 112
435 935
208 659
598 941
1026 898
1026 1435
154 1462
1331 1570
1570 429
824 716
269 827
486 1299
1026 1456
1534 1065
1026 991
1162 1267
812 1362
507 342
1026 917
1026 1455
1392 59
1026 1038
329 894
1161 543
517 946
1150 1315
1026 480
1440 672
227 806
236 662
1026 129
70 5
1230 1121
750 1203
1182 479
1432 920
980 943
1073 1076
1597 1489
1288 926
1026 1194
1153 745
1497 1009
1117 375
1026 1334
1026 1312
1188 248
1265 1434
1026 454
1026 1016
186 60
283 89
985 664
1533 180
132 87
1315 743
1026 1423
1026 1183
1026 434
1297 950
1026 966
1026 1461
441 1179
1314 45
1026 695
1026 1560
1026 473
658 786
1026 185
716 720
1026 1556
1026 729
914 1096
1026 30
1315 1074
1026 308
444 887
1026 872
1414 1210
724 683
1026 313
1026 1473
1359 1158
1026 335
103 1327
1026 348
1026 900
1026 1593
155 440
117 1054
1026 160
1335 1369
287 630
49 634
1063 542
1140 739
47 863
1026 137
232 48
1026 909
1617 139
1026 623
1026 1387
1657 70
1543 959
125 1582
1026 1260
1026 1626
341 1622
1026 962
1026 1395
378 1323
1026 1596
191 1446
1515 1102
1026 521
1026 875
1026 721
1491 714
1026 1421
123 999
259 913
1107 1084
1302 638
1562 241
1026 115
1026 1504
1026 635
377 364
1026 116
1026 51
891 758
675 450
1026 168
1026 93
1026 1303
1002 1465
1026 1246
1026 733
163 828
1026 528
1026 1451
928 859
1101 140
1026 1361
839 577
1624 763
1648 1085
292 636
1026 418
710 686
510 809
488 1525
1026 1382
1198 841
1494 539
578 1329
1008 227
1026 791
1026 1598
1026 554
1026 1641
1026 552
1026 1326
1026 759
1026 1125
1026 1511
375 200
1026 831
1219 1569
1287 1414
764 414
136 333
1005 1034
792 226
673 324
1026 456
1024 1265
784 303
1026 1567
683 657
1026 176
1364 1594
999 642
1026 1454
1655 1457
1446 367
1026 674
1026 1584
1120 737
1116 1322
119 389
1232 867
616 1375
1026 1069
380 415
1026 1611
423 555
1026 349
1026 1429
187 939
1026 869
1026 265
201 1126
1102 688
423 1113
767 929
893 1381
1026 1587
1521 701
1026 1601
1113 36
507 690
1026 290
1026 145
1249 387
349 189
240 1406
1026 1415
1026 1535
135 1490
1026 165
1627 1242
1026 1292
1026 282
901 104
922 1347
1544 889
1026 1224
1026 1463
837 1561
1026 266
172 105
1026 2
1273 435
1026 124
1026 1052
1026 64
79 1376
1026 1538
1409 756
1026 187
1026 95
1026 1031
1575 236
1023 235
1026 336
1026 249
1266 366
1026 1061
1026 840
1544 1341
1026 437
1026 1078
1665 551
1026 563
1026 1136
1516 1248
429 459
924 11
1381 82
1026 903
1656 1225
1026 388
943 933
1414 679
1026 1304
1242 1379
540 211
170 1103
1470 1405
1026 99
1026 1272
1026 829
1026 1000
1026 355
646 410
437 1040
664 275
1370 341
1549 692
35 102
404 1404
1634 506
12 699
1311 708
726 1600
875 1006
912 80
1026 1413
295 123
887 77
1026 696
785 1383
1026 691
1633 1635
763 1261
1026 1431
645 1117
655 586
268 808
814 193
1026 1022
625 965
1460 1566
188 795
1026 27
415 179
1026 516
2 1175
1604 436
1026 167
1077 1167
1026 466
245 1625
360 812
659 1135
1251 128
1026 206
101 531
70 127
728 208
30 1036
65 794
105 1086
1026 1039
1194 1202
1026 1035
883 890
1053 620
1248 1221
1026 73
1410 1290
212 1046
575 1333
1599 1306
1144 17
814 931
1026 747
1389 663
379 1364
662 67
484 1528
1026 277
268 923
1417 511
279 1173
32 205
303 1515
1026 1129
1026 778
1026 1503
156 245
1026 1602
700 363
1026 406
1204 697
107 1653
1047 600
1026 1097
71 325
744 354
713 1422
1026 537
1026 474
1057 687
1026 1524
1026 1330
1536 1325
826 548
269 853
1026 133
1026 1513
1026 225
1484 1088
1026 215
441 75
489 1374
642 1005
1026 556
601 1656
643 1140
1026 830
1237 728
1026 1613
1026 613
82 421
1026 789
1026 1433
846 1652
1026 146
989 258
255 1634
1026 908
211 1271
1225 568
653 564
1026 624
1026 706
604 906
1026 896
257 646
1026 957
1092 1305
591 589
1026 422
413 767
1584 707
1534 78
1140 625
114 1472
1026 1070
723 851
1026 1430
1026 530
954 150
1130 1264
1026 350
1026 1015
1296 1608
1629 1475
1026 1255
1506 228
1026 544
42 106
1026 619
938 1470
1026 57
1026 417
1026 973
1026 888
1512 1001
1026 583
1010 985
506 1389
1026 1186
522 1019
1026 314
150 700
1026 244
852 1478
742 1144
1026 1523
1026 1018
66 1066
1333 834
862 1663
1329 203
657 1127
1026 652
1024 876
1026 1146
631 956
411 755
542 343
920 1153
974 316
68 605
58 1439
776 1253
1379 1288
1006 182
1026 864
1026 535
3 547
192 84
904 1344
325 1377
1026 1098
1619 464
452 919
442 369
1026 1442
1026 6
496 471
1403 1095
1026 1212
1026 169
1026 1206
257 1051
638 753
1026 1614
363 1499
830 9
1553 380
1571 192
1026 296
1418 781
891 1139
1026 143
1321 897
473 1631
751 963
1026 337
911 1657
1026 256
351 1586
83 1119
1026 509
55 639
1026 1603
1026 278
1577 975
718 393
846 803
1026 1280
1026 1518
409 283
1026 1220
1026 519
1654 1373
366 97
794 1402
1026 518
1449 1100
553 777
158 7
1026 520
1171 297
897 1241
356 591
1026 855
1605 915
970 592
369 1397
472 175
1591 465
1026 525
946 1501
841 420
1026 1044
1039 880
1026 1142
1026 874
1527 493
1026 735
662 1090
345 4
830 1520
1256 606
263 740
1353 1371
689 1576
1028 1172
1563 1575
1586 155
737 514
1099 292
1026 793
1026 754
428 1534
1026 1521
248 980
1026 1123
387 286
1028 1453
1026 1427
1026 1386
611 749
795 734
1026 612
1026 1112
114 1506
173 109
1026 477
1026 615
1603 1213
899 533
534 312
56 1403
235 1012
1035 1276
1026 722
986 1079
1026 122
629 1335
1429 587
1026 1211
1296 1162
66 1128
1026 25
1600 431
1026 250
1026 1319
1464 1050
1466 307
1129 446
384 1161
677 1141
1026 1400
579 512
1026 1510
1026 1412
1026 1091
1026 783
46 1352
1174 1286
1026 365
353 1174
1026 1116
1236 580
787 883
1026 318
1026 675
323 1204
1537 1256
44 905
636 1002
585 1226
1026 850
1252 240
1026 626
761 1491
846 1396
857 15
1551 616
1232 1302
1324 895
1026 1436
1026 276
1026 1425
183 1150
1026 822
1026 304
1026 566
36 1235
1026 1283
1211 108
1026 942
1026 1245
1026 1350
1026 1554
1026 443
514 567
159 1568
1026 1597
1026 1137
1026 400
1026 1164
1309 1166
1026 1526
214 1282
15 982
1026 689
493 158
471 628
1477 713
1026 498
902 1365
929 901
420 1273
562 1553
1578 1170
1026 940
1649 594
1225 269
677 1391
551 507
616 893
479 930
1003 1067
814 299
1026 570
1558 1321
1026 694
1026 438
1026 844
254 447
1145 83
1026 22
1229 800
849 998
1414 1184
1026 439
745 1087
1026 14
391 1058
1026 1552
1026 997
1026 1297
196 575
431 1338
1026 1259
17 1621
1406 1624
1062 702
1016 1293
1026 1324
1128 178
1249 413
1026 788
1387 274
810 423
878 768
1083 1332
890 1393
1226 601
66 319
1026 194
1026 483
1282 738
877 1460
399 94
1016 835
618 1155
1646 1274
963 1512
1026 199
1026 1068
586 1118
1163 709
1026 1407
639 661
1119 928
149 1577
1566 1543
1225 1154
1469 858
533 837
1026 534
1295 1182
572 10
1359 947
661 1643
846 1487
1648 1645
1573 643
1026 1258
539 1115
380 1642
1128 164
1026 62
1026 1623
1026 1595
1026 983
1402 1222
1026 802
1026 1610
1096 1343
952 764
709 775
493 37
1026 408
1067 40
977 289
315 310
1026 1215
1262 58
10 61
1026 74
1026 1662
1026 553
1026 358
1026 136
776 1428
1026 306
1617 398
1546 665
1096 648
1319 1268
688 1571
690 1420
1431 1399
1026 921
1571 1443
1026 21
178 35
556 1502
504 1340
1026 1269
1026 730
1026 1165
1026 492
1383 152
1026 705
1026 1482
589 1053
1026 790
671 937
854 272
1026 19
1026 397
1495 321
1026 907
555 770
364 1548
226 170
592 597
1026 948
1285 815
1529 579
24 295
426 569
1026 1156
1026 678
1572 416
1338 560
1026 1208
889 1021
1026 1531
1026 390
1026 508
816 233
760 53
1420 351
1026 1492
1276 453
479 1648
1001 761
1026 1380
814 637
1026 581
1407 1637
708 953
1244 1370
1248 1105
93 72
804 1655
1026 1197
1661 188
1026 216
1026 261
1103 804
809 1516
743 1083
1026 1007
343 1604
1616 677
1210 752
1143 1099
1346 402
1579 65
1026 490
1130 796
666 444
1535 403
625 911
1026 469
1507 914
1416 1072
1026 529
982 1287
367 1219
581 1223
1026 1468
664 1109
259 1199
567 526
155 503
932 1574
818 1251
1534 1485
1026 972
1436 494
1368 1313
1026 1339
1026 1628
1279 787
1174 154
1026 1254
720 1101
759 879
1026 361
1026 362
1041 103
1407 320
1026 1032
1650 255
1026 593
45 302
1275 32
917 524
548 1130
391 18
1026 31
1034 1020
1026 1630
1026 125
1026 1493
1026 573
376 433
94 1459
1393 300
107 1284
1663 1275
1343 1447
481 1368
1026 1147
448 744
1271 409
1026 81
1026 882
1026 1027
1026 1157
1026 1180
1026 766
1026 632
1026 368
512 1037
330 55
1663 110
1203 784
1026 1190
230 969
926 489
1635 501
1026 254
1026 352
1026 821
1026 1494
19 1064
873 301
1026 574
779 629
1663 430
140 1003
1026 1581
1026 463
109 1189
1026 100
1398 1507
1026 472
1481 813
1321 685
1026 590
1026 171
816 1557
1026 1004
1026 162
1462 91
1026 910
752 927
1026 1651
1026 769
771 16
1026 1466
1318 1270
161 1237
205 1579
1026 868
1026 260
663 954
419 667
1026 955
687 1232
1026 96
1310 1529
488 856
513 251
326 186
1026 92
1026 1555
1006 527
1026 1160
121 988
1026 486
1351 750
1026 1214
34 1257
1026 42
1026 1200
891 360
1026 799
16 726
440 647
588 885
968 1148
1419 782
372 825
636 1544
1076 671
864 457
1026 614
1294 666
300 44
1328 682
5 1033
1036 1636
1026 951
927 904
1026 823
1026 432
40 1279
1026 711
478 1496
620 608
813 1578
1026 1354
1405 259
1438 1244
1026 23
1026 1108
389 746
1026 651
1026 26
1026 1192
263 242
1026 327
1226 838
288 1618
1026 328
756 326
1218 1517
1026 1104
1026 1017
77 1591
1058 452
1026 1366
1026 20
1505 1627
1026 1508
120 172
920 993
316 148
1026 88
820 120
824 1514
142 987
151 1441
1509 798
1011 183
1033 135
1241 448
1026 1388
1026 934
1026 748
1475 1285
990 1666
1026 1458
1026 1207
1026 151
1391 353
116 238
1438 1592
780 1665
671 1541
1167 693
1026 1607
933 1353
1026 945
1026 339
329 1059
1026 1093
1332 938
487 1024
436 378
1172 412
1026 995
708 1025
1405 1424
1274 877
564 970
1234 1048
104 451
1569 676
1026 644
1026 1445
1026 234
1026 425
1422 1530
1026 817
1579 1539
1026 1408
25 405
91 1026
1598 1440
1026 774
495 1469
676 540
790 1660
1026 163
334 1216
1026 346
1026 121
595 356
1026 860
1221 1120
1026 1092
768 1073
786 633
105 1527
391 455
1235 924
102 1143
63 1432
1026 39
1026 978
1026 684
1026 1590
1135 1629
1403 1559
1219 1471
1026 382
871 1055
61 541
1313 1013
1026 715
264 71
1290 1605
1026 111
1026 762
1026 332
251 428
834 1658
1026 381
1109 396
1026 28
1422 588
1034 101
1026 43
1374 1227
1088 1477
1148 719
654 263
1026 622
1041 1444
1026 1300
1026 371
1244 549
837 499
87 1263
628 1023
1072 848
54 1551
1026 1609
692 1573
1559 1008
634 1549
1026 604
1325 1500
1026 1307
1026 198
541 427
1307 1278
1026 731
379 1106
1026 3
1026 1316
1026 166
1026 243
1622 545
1026 253
1026 218
1026 599
1530 523
1352 174
560 79
1026 994
561 989
1026 1474
686 852
1222 1633
1026 1152
1026 1638
1301 305
1327 1358
181 330
1026 522
851 181
1026 1205
937 212
1026 1417
1026 287
1046 1328
481 1191
1026 1349
1034 161
1263 1481
1026 344
761 1185
1026 870
1659 196
246 1616
1358 1309
1537 1632
859 810
1026 984
600 1289
1026 873
1026 1580
1026 833
1149 1176
1026 1572
1026 649
1276 1550
555 807
1037 1011
1026 1149
697 291
1397 565
1026 157
1026 1217
1026 961
1371 1229
538 1583
1026 1301
1026 1612
875 1081
1258 113
1026 1649
109 1392
1270 751
1583 1438
1348 98
291 724
225 1385
1155 510
1026 884
410 1198
1282 836
1443 1418
1026 223
1013 1310
1625 288
187 670
157 500
1521 698
781 1163
1026 317
1026 765
1026 1134
1026 392
1059 281
1026 936
1026 727
1026 1030
1435 584
244 33
1026 1542
526 442
686 839
128 461
1026 986
465 377
91 401
1026 394
1026 1075
209 478
1336 779
1012 1057
1026 1486
753 902
1026 1498
1532 1262
1026 50
1026 1114
1026 1448
1459 323
564 773
789 134
1172 262
1617 1509
1026 865
156 1452
1104 704
1026 488
482 484
1026 1298
693 386
1026 424
1376 513
1026 660
1026 596
1026 1449
1026 76
576 229
1026 1522
1026 609
1026 322
782 201
1026 370
1026 475
1026 816
1026 213
1026 372
682 1010
89 916
1026 1124
1507 1308
1026 741
1126 792
97 1295
1026 8
1026 131
1026 138
627 329
545 760
1026 1394
1026 1564
1026 252
1026 126
1026 220
331 1640
1045 1296
877 491
1333 968
1161 1230
1026 712
1026 772
1026 485
699 818
1026 673
228 854
258 24
1026 505
1120 190
913 645
941 1252
1026 558
1026 142
1026 603
1029 264
1153 1195
363 607
1026 776
1009 631
1365 1077
1087 899
223 546
1227 1588
1026 273
1026 1138
1593 886
1026 819
1026 1401
980 359
141 826
179 653
1014 862
1026 1243
1026 602
798 578
1026 1122
1026 1107
917 680
461 232
971 814
89 1014
1026 210
919 156
1026 1357
1026 270
148 384
1026 1599
964 1266
491 202
1026 1546
1026 576
976 824
1457 268
956 878
719 517
421 1314
711 617
1026 892
1645 1028
1026 1111
733 1201
236 1476
1026 1540
386 964
532 496
1664 820
654 1110
11 561
85 214
907 1317
1026 13
734 785
1027 468
504 231
1026 842
1026 217
1511 293
1166 1049
159 681
1496 482
1026 797
600 1318
1026 197
662 1398
459 832
637 1062
1026 68
1026 1390
214 1488
592 404
1026 849
60 173
1026 69
