300
114 25
111 273
142 67
251 194
91 199
235 119
251 174
76 81
187 188
251 141
159 170
180 110
120 249
251 105
221 186
251 63
162 278
78 13
232 91
161 224
251 236
251 11
251 97
228 166
251 216
294 143
251 250
69 54
251 180
251 208
199 218
55 86
205 84
163 120
95 130
251 207
282 232
181 126
251 3
251 266
120 15
251 24
39 290
6 168
299 34
251 49
280 185
271 246
277 282
97 144
124 230
251 201
247 276
233 102
251 53
251 206
248 98
251 298
251 287
251 190
251 68
26 171
280 163
97 109
132 70
182 285
243 48
198 296
72 44
251 214
78 4
202 118
168 59
11 20
238 50
251 95
235 205
25 147
251 62
131 177
140 181
251 113
147 65
94 75
251 37
276 132
251 288
251 80
19 104
149 283
251 193
251 99
64 5
251 160
53 295
100 19
65 248
269 292
251 197
189 267
16 270
12 162
251 58
237 55
251 107
251 60
221 291
251 82
251 286
190 83
45 281
33 127
244 173
24 263
251 245
251 117
123 73
251 235
244 71
251 204
3 42
235 137
204 23
54 124
251 217
271 233
251 255
233 152
251 178
137 226
273 39
251 41
30 164
179 136
113 192
219 129
8 244
275 225
251 254
251 161
251 200
219 279
251 6
27 227
238 262
220 260
276 7
219 36
251 240
118 223
251 26
251 175
251 128
251 256
102 294
169 123
251 87
76 43
220 210
251 209
244 274
289 28
292 101
108 125
70 261
261 121
186 289
81 172
251 215
251 93
176 220
74 187
121 100
188 33
124 159
103 247
281 96
300 142
233 183
251 116
4 219
283 22
251 195
175 231
198 32
251 122
249 237
146 40
220 179
225 35
251 92
201 157
81 66
251 1
289 29
86 228
276 258
288 284
102 135
96 140
251 297
251 51
104 45
121 239
251 257
251 112
251 222
148 300
274 275
67 299
293 8
52 221
217 47
181 77
275 78
78 17
123 103
216 184
248 74
164 196
76 56
251 16
247 191
103 94
56 79
251 243
101 198
251 46
101 165
251 155
127 182
39 234
59 213
251 229
228 18
170 293
214 9
251 153
227 72
251 252
251 149
251 14
251 238
195 89
38 133
294 280
1 31
64 69
251 90
267 52
251 145
198 169
65 212
136 189
76 251
228 148
44 114
236 156
285 268
268 111
234 176
251 241
18 202
251 151
99 21
251 57
251 203
63 264
11 134
266 106
251 10
251 115
251 85
232 30
77 131
251 158
164 269
182 12
251 146
108 277
251 154
251 167
36 108
251 88
251 139
251 2
251 259
49 253
133 271
251 61
251 265
28 38
242 76
34 242
234 211
181 272
119 138
77 150
177 27
