2000
383 233
1359 1892
304 1504
266 888
649 528
153 1571
934 947
1382 149
1359 1520
1907 3
1064 1718
1478 201
874 1335
1006 337
1326 1303
170 333
1431 17
85 1833
1129 745
1553 643
1359 1024
772 532
116 146
1267 1795
1359 160
285 1340
1359 1882
137 787
1756 1047
1359 930
1415 430
1098 297
511 955
936 1295
1338 203
1685 262
587 1878
1082 1133
672 1664
1440 1970
1359 685
1557 1817
673 611
859 342
1699 896
480 1992
1182 325
1359 1477
312 336
1715 579
1356 136
689 1700
812 962
920 732
1651 112
888 427
1359 1005
370 1579
301 1157
956 1209
562 1782
601 1103
1291 1197
1359 1910
1815 1547
1799 1764
1397 1776
1359 1880
1984 961
1359 288
113 1952
1344 669
857 1039
1359 470
938 1221
1359 1879
630 1398
1334 666
197 1298
407 269
1039 154
1381 1336
1967 1400
1359 1836
1359 1649
113 231
1359 836
1957 978
1359 1572
614 919
1749 1907
898 1320
1286 1259
1359 1490
1561 78
770 1528
781 1895
1359 1144
241 1307
1359 1199
191 295
298 1674
1359 286
474 1452
1672 314
1359 1416
1769 1826
1478 1896
899 329
1379 1225
1680 537
1872 738
877 1216
74 718
1540 1108
975 797
1522 484
861 1269
394 1606
1775 471
596 1481
1359 116
2 500
1359 957
988 1066
1994 562
1053 1260
431 1534
1359 234
1359 818
1477 1215
1359 1734
442 1162
772 1787
1359 1507
818 668
1359 1415
473 920
467 706
1359 353
1825 1080
1359 1214
1436 1997
1677 1394
961 1821
451 425
1930 933
732 338
405 322
1388 473
1359 595
820 1282
1934 13
669 1267
1737 791
36 1488
111 1739
1517 949
178 428
1893 1695
1030 1815
812 61
279 1685
1359 1778
539 1068
1783 1003
1359 1227
1359 24
1478 1885
1359 1130
1962 1906
66 1583
537 1120
153 1160
1180 86
1410 1109
1524 1333
1359 1921
1359 936
772 587
150 321
1359 545
1359 515
1359 1201
1469 1723
1803 614
4 382
1868 780
265 1871
68 281
1924 1231
544 109
413 1745
1359 147
972 460
672 1828
73 964
565 276
1859 906
1470 1976
1584 593
1359 1972
1491 656
805 145
522 1557
1951 616
1625 601
256 1146
1012 677
1961 553
42 1392
1359 1518
28 998
471 839
1754 1102
818 1587
1114 716
1359 238
390 588
596 1289
1191 789
423 1135
48 89
1546 1875
1604 162
1269 1256
1359 1368
1962 138
1359 222
786 877
168 1128
50 407
1359 1950
1359 1061
1457 1810
1359 1424
1976 186
476 1376
378 1367
1022 1503
1359 623
841 1626
543 367
1493 1173
1323 1425
1660 1624
88 366
1430 597
1374 538
1892 29
592 180
936 1007
1359 1253
1450 1650
1359 45
1250 1421
812 1959
1359 1630
1359 1953
898 757
1096 302
1359 1540
1732 1995
1189 1556
578 1585
44 550
349 986
1556 1292
1168 390
1359 599
28 954
535 1449
1359 1616
1798 1502
1815 50
1359 771
957 124
87 1943
278 858
1498 671
1359 1883
1359 1405
1359 1372
1359 1086
1359 1789
817 412
766 1754
1359 670
133 364
1359 351
1359 1989
101 809
1946 1222
1285 62
1701 480
1359 590
1636 1098
752 1823
1892 1514
214 448
1359 1189
1359 1085
741 52
1359 1747
214 1027
1359 822
1720 730
154 391
1979 1041
1359 6
1981 1249
1731 728
1845 300
695 975
248 184
1359 1740
1633 1635
1359 1402
700 442
1359 1960
63 1030
588 1043
496 1008
503 570
1274 315
1359 1829
23 1055
1327 1632
812 1670
296 31
82 397
1465 667
1359 899
1359 1352
104 1595
744 370
1363 748
1390 55
363 652
1252 132
1359 1192
682 759
1359 1891
1359 1589
1064 594
476 676
1359 170
1359 1889
1529 1923
177 1343
850 1000
199 393
696 1163
1359 128
404 275
1359 1987
1587 1171
1969 175
1359 499
1967 1310
1359 1049
1359 1759
625 591
1359 824
1359 1042
1931 1955
1359 1629
1909 1155
405 1139
1924 1928
760 523
34 1874
1389 140
675 125
1039 1342
467 627
1934 1924
1359 373
1463 1873
371 372
1960 1722
1686 53
154 119
1581 1669
1359 1945
1359 859
1359 200
1690 80
214 319
1271 1769
1355 298
480 1323
745 218
1181 905
1728 1165
1359 1483
1020 426
1091 1615
1359 263
1359 1731
142 981
1341 1445
1768 30
1359 1716
1359 673
31 277
1359 1732
1359 739
1188 255
1971 1389
1359 377
1150 1355
1359 527
1789 177
1359 1561
887 1107
1360 1344
778 860
96 622
1092 1350
1359 1986
1368 87
655 1499
1853 602
1359 1326
1908 1077
1255 952
1300 1179
251 1094
1359 403
377 1069
863 18
1359 776
1359 118
1179 1866
937 1028
1359 1491
1824 1033
161 592
1110 1349
320 398
708 1990
1359 1497
1884 1153
537 649
1682 659
1359 786
1359 1690
1733 1682
327 1090
1019 689
1359 1125
1359 675
1729 103
1867 1151
232 831
1359 155
1149 469
1359 517
1520 1386
592 1172
1586 1040
720 1597
1359 950
475 1278
20 934
612 317
1354 1537
740 1948
1359 1820
1359 834
459 872
1359 1755
85 1877
1449 1059
1636 1601
1710 1184
1656 1801
1359 991
1359 51
1030 461
765 1813
430 1954
1359 1176
1297 1786
1359 1639
265 1351
596 1407
1277 1940
91 1136
406 378
763 1720
1380 875
724 1757
1210 1937
167 165
1677 569
1884 996
595 823
1359 1363
832 101
1359 1942
1359 1064
1953 529
1482 535
1359 346
688 1302
647 603
281 1542
810 135
1749 845
1958 980
1898 1668
1359 1888
661 348
1517 1217
413 1127
789 543
552 1219
842 1167
268 516
990 849
482 7
855 1180
856 1274
669 1963
381 477
251 46
1359 1082
1166 719
1521 1702
77 1687
746 1512
643 1459
1881 1045
374 647
1359 1605
1359 1058
866 1609
1152 876
582 777
1359 1345
1359 1712
1523 612
1359 1287
472 1183
1787 451
731 941
853 1238
1644 1143
1359 130
1000 711
1057 1738
68 1852
848 108
1359 531
384 438
624 1057
1359 309
654 564
887 1851
1359 1699
1359 966
1359 1900
1387 1271
186 1625
667 25
689 1659
1223 959
77 521
1359 1546
1449 1850
1359 648
928 1311
1286 106
308 779
593 605
689 1277
1359 893
235 434
1892 800
44 383
1895 1767
521 421
1420 400
1221 870
828 441
1359 1917
1359 799
1359 1154
253 665
1568 582
1359 1577
1294 1346
393 1016
1359 710
289 938
1578 744
90 381
569 729
255 115
1359 197
1359 1788
1950 1036
1423 1574
1359 1559
42 1366
1530 1803
892 1324
1359 796
1063 5
1359 1671
1473 1510
830 395
1473 1200
1740 374
187 1743
1359 306
1359 1958
476 674
905 77
1219 852
384 216
1359 360
1359 953
918 75
628 650
318 167
1657 1863
401 1568
1708 1998
987 1159
365 213
496 808
156 23
1362 1464
219 1022
718 1665
946 1409
1087 704
1359 97
753 67
1359 1329
1483 848
1359 1749
422 122
1184 376
461 1977
1042 355
1359 988
907 1655
1280 1951
1557 1498
1599 1174
737 439
1950 1250
1641 117
640 1570
1359 1541
1572 1927
599 1496
1637 1756
1359 1554
1359 884
1832 1794
1754 1708
404 1054
1506 498
1359 1168
340 1719
376 927
1796 766
47 1293
198 159
586 121
1359 1884
1991 851
809 178
872 733
1359 120
1359 220
1746 1733
955 765
1793 1805
141 436
1359 1026
1515 812
1359 1965
1774 1122
340 551
1359 1396
754 908
428 1492
1510 520
442 1840
168 107
121 922
920 1247
1974 1300
1190 280
1065 63
1726 1233
1359 450
498 485
1318 192
45 1887
1027 816
1966 1439
1864 1462
1359 1666
1359 1380
928 139
1180 1902
513 639
982 1195
1634 1365
1359 835
1359 770
1359 1373
1359 1679
836 1471
11 181
1255 1413
1359 982
524 1785
1938 368
581 701
1893 555
196 608
1359 637
1359 1905
1011 1838
737 224
1777 1612
1778 571
1473 743
1788 1161
1359 785
1075 1797
1359 742
1359 987
476 1930
924 260
1104 983
932 402
1359 1048
346 1847
1732 1220
942 874
545 237
332 1468
1359 1428
1709 1543
1522 1460
1259 1549
1359 95
1251 65
933 1486
1359 174
754 636
1173 474
1604 840
1359 806
665 898
165 511
1570 1364
592 1072
366 1622
1359 1562
1798 994
209 156
983 1812
1318 1661
1369 1696
1359 257
421 415
203 1236
1359 1383
1598 907
1710 917
1406 1811
671 1839
1812 610
863 318
1359 85
459 249
544 272
158 853
1359 1235
1496 678
1940 843
193 866
491 565
1897 1472
481 943
1359 386
1359 37
1359 925
1464 1494
421 568
1936 539
98 1698
1056 1218
882 1434
1359 1768
383 1360
183 651
1359 691
1079 509
124 557
1359 631
1359 310
1939 921
1068 418
232 188
1710 1371
783 1508
375 641
1359 352
1814 14
1359 1773
759 173
1359 345
1359 1660
1873 984
162 375
1359 463
1359 1819
1844 609
1649 945
509 505
1507 429
646 1164
1971 556
1359 1774
1317 1186
549 1903
1503 885
7 734
1073 1890
1359 137
363 1037
114 1065
1359 246
1359 1234
1383 1860
1359 493
766 1495
171 749
745 1709
1957 1729
1546 1088
370 660
1918 289
1247 1897
190 974
304 1535
1791 1121
602 559
1415 153
617 389
132 219
1359 542
1179 1894
1268 1044
616 20
920 1232
943 1913
1396 12
1647 1191
1923 1435
1359 712
775 1808
856 414
225 227
1359 1124
1359 503
1170 1411
1895 193
539 1169
1359 34
1359 1991
864 1004
1359 1565
1359 1633
93 1156
1761 1330
1959 1637
1075 1482
21 1643
1055 1853
1359 598
413 1313
1080 746
1359 721
96 575
1359 1760
179 1388
1300 862
1586 235
1722 1
1359 1770
1983 1638
1359 644
1518 1684
1359 1728
860 150
1359 1014
1359 1618
793 1461
1732 1404
1130 1576
1973 1283
1857 1558
446 334
1359 243
256 970
461 895
1156 1463
899 1001
183 613
1359 1017
1094 1243
1435 522
1110 229
895 96
1733 680
1690 1119
809 1872
200 10
840 1175
1249 131
1342 326
213 1427
1701 54
238 926
1657 293
733 44
1230 795
1158 199
235 179
1011 633
1798 1465
531 1501
1359 90
376 642
1858 724
1359 1456
1817 344
981 794
1359 828
878 819
1861 1252
559 497
437 1198
378 1752
1359 1777
1173 720
135 756
1359 1834
1359 392
1787 1939
982 1062
1359 827
1753 596
1359 697
1861 833
797 1901
447 508
1486 1640
1813 1761
770 1275
1359 152
1359 1523
1500 459
306 445
795 549
127 735
1828 1651
1006 1444
418 88
1359 804
527 1118
1027 634
643 1493
1359 1916
1359 798
1702 1680
1359 1158
1359 1707
1961 358
1898 999
102 1809
1359 287
1359 889
1148 1023
711 1272
624 1531
1359 4
540 663
1359 838
1307 1563
235 270
1359 1867
85 1358
1487 973
1752 242
1351 1827
355 709
1330 1019
1359 581
980 583
306 1455
1359 410
669 1137
1046 489
1359 1799
556 1844
1241 476
373 1203
1359 1859
436 655
1497 1938
1645 533
456 881
887 1947
1359 1841
1850 661
1893 790
1359 1414
1858 763
1761 1196
1728 946
1789 547
1235 1724
696 750
159 404
821 472
126 196
1359 1431
675 239
372 232
901 722
192 699
1683 747
1375 194
1184 1505
863 788
254 695
719 432
1359 1152
1359 265
1359 1933
1553 1985
82 369
221 1148
559 1837
1693 1325
544 371
1359 584
1359 1134
326 38
1942 1229
1359 956
323 91
1359 1448
1359 2
522 83
1795 82
1359 629
1359 900
326 1475
1359 700
1462 707
1360 1548
1516 1354
342 1067
1315 143
1537 1177
1359 1132
183 657
1402 59
1923 1299
1359 1270
1359 1385
1359 1480
1072 261
1950 561
21 1442
1359 1230
418 1296
626 1257
188 567
1006 350
1081 341
561 1265
1219 435
1359 92
1679 1052
1359 1944
297 830
1945 284
533 1181
1590 1443
1241 1258
1035 1578
1737 1730
1359 1011
1019 604
314 1457
70 1341
15 811
752 72
1359 1381
1359 1226
1238 1166
46 1553
1359 1361
1474 1170
1881 1783
602 1552
1430 1676
458 1845
589 1387
1057 705
1456 847
1359 456
921 687
1764 1575
1964 343
1359 1078
981 356
1710 1038
1428 226
1656 935
1359 976
693 1474
518 807
1359 810
1740 1262
1703 332
1359 211
997 1204
1359 462
597 301
1865 1771
191 1429
1087 1319
253 452
1348 209
362 282
934 1735
681 291
1607 1138
1359 1765
594 1581
983 168
1359 1791
384 698
1002 254
536 871
232 963
1359 1142
1359 258
1976 1683
380 1569
1034 1567
1960 1915
1359 320
1359 937
1359 1012
484 1641
1359 129
1359 760
760 965
201 1610
1598 1925
1240 645
1902 1957
395 1600
1649 76
1066 1273
1359 801
1682 1758
712 396
1359 1865
1359 915
1268 577
1921 411
1557 330
421 1798
711 9
1359 1420
1359 740
1359 1050
1359 1285
1200 1074
1359 717
1961 1369
1526 1519
1502 1374
1359 1228
855 909
621 1870
1729 1115
1967 1566
1294 141
638 855
1359 420
1523 311
1336 494
1991 1673
423 1025
711 1779
1095 1961
1663 1855
1028 924
1853 752
516 1598
1022 1864
1359 703
1359 904
934 1914
644 1182
1359 525
1626 1188
1359 84
1324 1286
1359 1053
1359 304
117 1150
371 1594
1359 453
240 1318
1359 1315
617 958
638 1831
1003 335
1266 736
1359 1593
829 195
1757 1662
1809 1691
1359 1533
815 1301
621 274
1359 646
1519 1980
1394 70
1897 303
1170 142
1494 1112
1998 1522
483 290
1003 111
1289 405
1253 619
313 1239
1873 979
1359 380
1502 294
1091 217
1359 1555
1959 755
1764 826
174 576
995 662
700 1750
1979 43
1233 225
1807 928
746 1521
783 580
1359 741
1797 751
1914 942
1359 526
1359 1898
1747 479
1459 339
909 1582
711 1974
578 417
1604 169
824 69
1056 1971
1335 918
1701 1800
196 1075
456 1290
1359 264
1072 1002
736 1446
1851 1934
1359 1395
1040 683
62 1246
660 1573
981 1909
1359 422
1674 388
440 1936
198 530
1359 856
1359 758
156 1748
1375 475
227 837
1239 401
874 271
645 1584
543 1356
1359 621
722 1370
398 1678
1359 1993
885 1113
398 1408
1622 158
1359 1338
1450 481
1359 894
1359 1737
1349 693
1359 1697
1583 39
984 48
232 1999
627 832
1014 1688
1217 1083
1359 600
623 684
1928 1357
921 1031
1361 2000
1047 1185
1064 1399
1240 842
1359 491
1549 1348
1359 1727
1359 1454
1390 1479
1176 512
1359 16
496 774
1359 1932
48 1393
542 967
1359 443
205 573
1359 1476
575 1530
1002 1009
98 778
1359 1527
1359 1793
1238 26
1359 1509
185 299
1445 618
149 1677
1043 490
991 1433
1116 1580
1254 1317
1359 632
1359 507
423 251
1359 166
1359 1762
1359 1417
1359 433
875 606
245 653
1359 948
404 1422
1317 1106
1367 960
1359 817
1658 285
1521 1251
1824 1619
1666 1092
118 1996
1490 514
1053 1076
1980 279
1359 1694
1548 773
1359 362
1359 1966
1965 727
1536 1881
1359 1919
482 205
427 1268
1249 878
24 1437
1359 782
896 1623
1492 1816
1494 544
596 164
1398 212
1331 1706
1359 1034
552 1280
1359 1401
1359 60
1566 518
275 1097
711 1975
1832 654
1158 1089
1359 1147
1677 578
1014 100
1359 1929
463 354
1423 210
1700 408
1359 56
1006 802
1758 990
1932 1212
798 1263
1319 176
1544 510
329 1101
1359 1886
308 880
248 813
948 768
210 1657
1447 554
1462 841
1892 1327
308 446
1359 478
1359 846
1115 467
66 1206
1806 228
218 1830
1665 1753
1359 1607
47 563
582 892
1012 1073
1660 1453
1724 365
316 1362
404 32
975 1973
1039 1116
1359 1013
1685 572
1648 307
271 423
792 1035
1102 1010
256 241
399 861
500 764
1020 1529
1359 207
1359 1790
601 387
1359 157
1359 1968
1610 1281
1730 1126
1061 1856
1754 71
1015 256
322 1893
449 66
1709 221
1448 1822
1359 1470
1043 1772
457 1506
1180 1564
380 64
1618 829
1372 1703
1557 1525
1526 1308
244 1484
1496 454
977 792
350 361
1143 36
828 541
1314 1213
1359 940
1309 22
807 1775
819 114
1859 713
559 972
1450 1140
166 1617
1639 148
1278 1544
1356 1020
1359 1378
958 363
972 1423
1530 455
538 1701
1762 1983
1274 901
1000 1347
1359 1646
1367 1430
1432 1379
642 902
303 191
1359 331
33 1766
1359 437
1359 869
189 1781
1359 1620
358 1091
844 1145
796 992
167 113
1104 104
870 1941
1579 1967
472 1305
1359 1599
780 185
1359 1021
243 723
1359 496
1499 313
1359 40
1359 1634
1359 1656
102 702
1030 1602
1359 1693
778 1208
1654 887
597 910
1359 447
1392 1714
528 1824
602 574
1359 864
539 737
1600 1861
1359 882
1359 245
1941 1245
1359 308
227 783
1775 267
1662 1644
1359 190
1044 1006
771 1742
180 215
1294 1419
1388 1205
1359 625
1683 1331
1530 1964
1123 873
43 857
1357 449
1359 1254
1359 690
1359 1322
1436 409
612 1070
1594 1418
1779 305
1359 28
1359 492
1170 385
460 546
112 694
505 161
1180 820
1359 1377
835 913
1359 1984
715 1111
1544 1469
1307 1332
990 1614
1359 558
1924 1314
388 248
1082 867
977 635
1875 110
1524 1658
1848 1450
1238 1211
485 1466
1359 586
1892 1178
375 1647
1522 133
48 316
1852 1969
1252 1071
1957 1931
921 1636
592 506
1359 714
13 1843
1536 1704
1359 1100
1034 916
1359 686
205 1857
60 1051
1359 172
629 1551
386 566
120 349
286 278
1969 1526
601 1451
1990 1312
1359 19
736 1736
1473 58
1280 1242
734 457
1990 1854
1465 1193
1660 1869
1931 1689
1192 79
1769 781
1359 696
1596 939
1428 1291
1395 1908
804 891
1359 1631
254 886
1359 21
264 803
661 1979
1359 784
1451 1545
1004 1467
853 912
1359 628
1359 151
1855 189
1754 890
1508 126
1973 171
1359 1084
1056 1842
248 1911
590 1784
671 1500
762 1391
1502 1304
1699 815
572 1746
115 589
1436 74
1866 753
1976 585
480 1241
519 1796
1359 42
772 1441
1412 540
875 1321
1064 775
456 502
939 1516
1293 658
1921 1935
1923 1806
176 1248
1348 793
1359 911
791 182
194 1611
1981 1458
1711 292
1359 1613
1359 536
1283 163
1359 664
221 914
609 127
1359 995
1465 1187
1348 769
1359 1876
1844 1686
403 1846
549 1763
952 93
197 1741
123 519
1359 347
919 252
1359 1590
1526 1692
437 1141
813 1654
1711 11
1359 323
1453 1316
1359 1096
803 444
1201 814
990 1015
404 1264
1037 1095
900 1550
1563 1240
1098 903
905 105
285 268
1359 1131
314 552
1256 198
592 424
1359 57
471 144
1359 626
1655 183
1172 466
1359 1202
15 868
1715 1596
866 223
1584 772
737 273
475 1353
658 1079
1359 488
421 762
1956 1713
1359 1406
375 1920
686 1384
1359 883
1446 1710
865 617
1571 929
122 359
1359 1190
752 296
874 464
1507 250
1241 495
1377 688
1638 767
831 1780
643 379
1359 1725
130 1962
789 94
1359 1149
1359 1194
1359 1237
32 1751
382 1114
1359 419
844 1255
190 1792
1359 1922
1631 1244
1814 1276
964 340
1239 27
221 483
1047 1375
1824 977
1064 204
1659 440
1359 1046
1359 244
1580 681
1314 259
1359 230
771 761
1609 1858
1223 99
836 202
537 1949
1359 236
1466 1056
919 47
324 1390
1359 1653
729 1899
1027 672
293 1586
679 863
1522 560
1063 1489
510 679
912 1279
1205 524
1548 1288
1593 1721
1650 266
1492 850
1855 1284
166 1621
1359 1060
1023 68
1359 932
632 328
150 1223
1359 997
1245 214
38 1294
610 1337
1812 1956
1593 206
1114 357
1599 1592
1359 1994
1584 253
166 1018
340 1063
13 1297
1104 993
1256 1946
1383 1403
602 805
1359 208
1359 1029
720 821
1359 1681
1359 726
1359 708
797 384
503 1538
1751 1848
1359 725
1676 1339
1019 615
191 1604
1695 394
1359 1426
1648 1825
70 406
753 754
1359 1663
883 897
1532 73
428 134
1359 1978
464 968
178 1334
1293 1642
1359 1397
1359 1517
46 1804
1606 844
526 1487
1900 1123
471 1110
1812 1266
11 1359
1266 640
1359 682
1359 607
587 416
698 1210
1530 1608
1245 41
1359 692
1383 1560
1359 8
1382 1982
1091 1645
1755 534
1890 1261
610 1207
1466 1032
1183 1981
980 1099
1679 1628
5 1672
1359 1410
1755 1675
1359 1652
336 1478
1486 1711
1359 624
719 1832
176 312
1359 1306
1328 1224
554 1382
56 81
373 1868
613 482
1206 1648
1839 1807
112 399
1132 1093
427 969
1359 1802
1359 854
1359 1432
1359 1926
1860 187
1359 413
1359 630
1272 985
1716 1513
827 1912
430 944
457 1081
1359 504
1359 1814
1509 1440
1359 715
1661 865
1359 731
1291 923
1364 468
349 951
145 49
1397 879
402 1485
1294 1105
1881 1436
1365 247
593 283
597 1087
1639 1588
827 487
1794 1447
1359 15
1359 1309
1780 123
82 240
1359 1603
1716 501
1359 1511
16 971
353 1627
1064 1744
1505 638
1537 1515
368 931
10 1539
127 98
1285 327
641 1904
1155 1104
868 1667
478 620
1937 1536
1241 431
1359 1988
242 35
1359 1328
1652 1117
636 1726
1359 1438
1359 1412
1757 1524
553 1849
1359 1705
169 1818
1223 1918
1609 1473
1359 458
1359 486
1359 324
1885 1532
1359 989
350 1715
1359 1591
1359 513
1359 102
1359 1835
1359 1717
1638 825
617 465
697 548
1359 1862
1359 33
