3000 3000 3000
2999 1003
2755 1525
2254 1282
126 1445
2011 2441
781 2660
1573 1107
2398 1233
327 2823
108 1734
1667 271
1665 303
226 211
2409 2972
1363 638
465 1361
1992 219
237 1597
1852 714
41 862
507 1173
521 2431
2632 270
663 2958
92 1122
2043 2111
1392 1060
2765 1618
1270 2173
1589 2984
162 2405
1697 2505
2623 2285
1101 1826
2999 1493
2688 505
18 560
2935 2649
830 949
2958 1273
2071 2353
735 814
412 499
2431 2033
2671 1371
2016 184
775 1064
40 749
349 1140
2575 347
2985 2262
1203 2
173 1489
2 1354
2789 311
2979 2211
2663 713
25 74
1212 2807
2458 1234
1178 1474
1418 2304
2889 1457
53 237
2949 2979
935 285
2592 2137
286 2764
977 639
1118 766
949 1096
328 612
1808 352
1037 371
511 495
1605 2040
2320 374
1343 2208
2182 1747
2445 2482
1725 379
2766 1316
2868 403
1080 844
1041 2549
1961 1990
644 2641
2953 2803
344 1341
526 854
1835 2130
2893 1506
2855 1236
714 2388
2982 510
1870 2059
1240 1635
374 1107
2390 1805
2303 430
1353 1615
2771 2348
1255 2723
2503 1599
1064 28
2452 250
2509 2697
1756 2363
1284 2821
1750 1265
682 971
323 1921
2958 1049
28 2347
2853 2682
2776 1558
1296 2547
905 2903
2621 407
1501 1036
786 1304
1638 294
1000 745
2656 2283
565 1758
900 1246
2728 1574
166 2685
2622 545
2031 2827
226 2159
1384 1874
2057 2288
1776 1677
47 628
65 832
1931 1702
1126 283
2446 1133
2917 362
2890 1168
1607 2618
2742 2124
2654 2715
21 1685
2541 598
1195 924
2471 251
564 1598
1927 962
2225 1991
2145 1508
1044 622
2142 489
1755 2058
1202 1996
226 2808
1965 319
2284 1619
33 2656
655 2574
253 1849
849 76
2099 1764
1673 1377
77 1250
720 2222
109 1763
2843 2250
2604 1949
1659 805
945 2236
965 261
2554 600
2231 2587
255 2885
2512 507
2085 712
934 1183
2476 2959
2912 2904
1208 631
2125 1668
2745 2320
1269 2700
1620 2927
857 2916
2163 2173
177 2068
2772 2407
1654 378
2644 1517
884 1728
2229 1818
263 2056
1776 174
1959 335
1156 1436
2354 1252
755 622
1304 2726
900 2160
2642 414
1332 170
2482 1455
2576 1487
1832 2571
4 67
1299 2584
2236 1561
1639 1363
2086 949
1697 593
2384 1402
2196 490
2023 499
216 2923
2658 209
336 1341
378 169
2795 305
1656 1978
2876 2011
2045 1174
1594 1280
86 584
2643 2523
1884 1691
467 1620
93 2662
2461 2467
161 28
2741 170
236 429
1863 965
597 2009
1270 2604
987 1497
1614 383
2670 559
1662 107
1494 1656
2981 378
347 447
2349 791
460 1809
257 620
1837 2998
1142 2072
426 356
389 1374
2364 1658
978 702
154 2591
1084 175
502 98
633 1995
1753 965
2724 2451
1411 2424
241 1870
1233 850
2842 421
847 1335
2492 1624
1690 232
2997 1405
1889 1326
2459 2394
1269 894
2920 1770
991 904
1116 96
1868 1192
2546 630
615 2787
2500 1847
636 2693
2267 1834
1027 2111
809 68
2342 1157
1824 1583
2483 1282
1328 751
2176 1600
2872 518
2503 987
613 1723
2178 159
2352 2793
2945 1851
1991 932
1895 1610
117 2921
1072 925
340 765
2081 2164
2699 1915
445 1027
17 2972
2978 2888
490 2832
875 1102
1554 404
1260 1258
196 1556
460 2539
2839 2355
1148 2955
2627 2219
879 2967
335 312
2130 34
2578 2574
1412 2595
2546 1389
2482 35
1572 708
1488 478
1112 2748
1735 1659
1655 2194
1197 1494
1900 2696
1448 1527
2266 2679
1493 2601
342 622
2634 2919
547 1045
2865 92
2785 2699
478 1356
406 1966
1833 1517
2065 919
176 719
465 1724
2212 2364
1420 1012
890 685
1042 2382
637 1383
355 270
1653 902
1666 1870
993 1802
1568 1823
158 1973
1140 2342
842 204
613 1017
1274 1077
92 838
440 1863
1849 1330
2548 242
1063 536
1976 1418
1158 628
2319 2823
2497 663
1625 1064
2837 2134
389 976
1827 1230
1531 2439
2598 2805
867 2689
642 1307
1552 2842
2988 1451
435 1402
1986 2410
2819 143
37 2489
318 2886
152 1942
1301 2988
1427 1689
1316 605
2918 2846
44 2515
2650 1262
2204 643
2568 1107
836 2907
2557 1270
1309 1894
679 1479
2037 1068
968 2354
953 1471
1647 2605
1810 425
1294 125
1029 1563
2971 1424
1078 2972
2686 633
967 2605
1739 1802
2512 1647
424 1172
540 1102
2 2928
2521 969
2633 825
2791 1631
430 1601
2055 2075
1725 84
637 2047
1859 2066
2019 1544
50 2985
1149 2140
1786 1012
786 2561
2535 1678
663 2536
1605 183
857 1238
1008 647
220 1789
2247 2275
863 1324
2710 1499
370 1568
917 2388
464 966
2724 1964
106 1862
327 891
1422 2861
2568 2084
2748 1525
2619 604
114 978
1603 333
2766 1201
2959 980
2524 2668
2830 2894
1588 746
2281 2051
1712 2005
1014 1817
1218 1340
59 2639
1552 2979
2075 1651
1503 1693
2607 1968
22 1209
2300 139
2409 2259
1118 1933
2278 947
1826 865
1693 1458
2915 404
814 1280
2572 2031
2619 2630
1670 1522
2608 744
173 1462
2788 2779
781 2809
987 433
2947 747
43 1416
2679 2320
2362 1856
185 1054
666 451
1809 1831
1731 1732
1214 1349
1362 235
223 1321
1330 395
135 1117
173 915
1277 1511
1699 1575
2257 1741
2990 2288
1061 2351
1495 1597
757 2160
2047 2917
1343 777
1649 2556
2478 362
2790 2700
1682 1119
446 2168
2235 970
435 863
2480 2133
2437 2088
874 2778
1727 1934
2480 222
882 236
2733 2928
505 1075
1057 2153
630 534
2866 419
585 1899
1537 1030
1067 1123
2351 1501
1985 1830
985 1773
1269 1858
1550 2996
1143 1030
217 2024
1617 2949
1952 2121
1376 360
1625 2005
893 1490
2424 1829
389 1312
210 1807
2435 2560
307 1419
1741 1291
192 9
501 2093
356 1643
122 924
1019 1739
873 322
1211 2600
681 2836
1604 1925
1677 1379
753 2417
2691 1314
1223 2125
1225 1881
895 2965
524 1438
325 1024
531 681
18 652
1604 1036
2742 2828
1709 953
2427 2389
1140 1383
1313 2816
2761 2417
2585 2451
1082 807
1927 2306
40 2822
2622 563
1259 2947
1938 1789
979 1955
2793 2934
343 2534
2762 2403
486 2540
1792 1625
922 456
1793 1035
225 1377
837 1658
2535 2764
964 2574
2937 585
136 1195
883 2425
336 2213
1732 128
2147 2074
2661 2260
1828 499
2151 619
2475 425
1427 1267
1459 2003
2995 2295
660 2530
2410 1623
2455 2346
2560 2943
893 794
2367 1580
359 1098
1707 2505
523 1719
2116 2351
2217 1266
321 2044
1690 2099
310 500
1101 657
147 1761
186 2556
735 2992
2254 646
2934 146
1792 2301
1725 2150
750 783
2006 1273
2853 1121
975 2422
2386 1647
1465 1428
746 2126
1927 1846
2782 2073
958 319
1981 1693
311 1234
2690 244
1731 1481
2896 807
982 646
1941 2987
2270 1793
1459 596
1214 845
2242 30
2624 2987
2156 1550
2185 1937
975 142
2256 307
2186 2566
1892 2228
161 622
1060 57
1780 2042
1054 720
2380 675
2864 839
1622 1430
2035 1215
1459 1658
1202 614
559 738
2903 1885
1231 2158
2191 417
2075 1082
2644 2235
2055 703
2643 834
96 1048
1905 2476
2074 1769
314 695
550 2348
1910 2008
1357 463
2974 1915
1200 2876
800 2782
2385 342
198 1459
1424 193
1045 830
896 1040
1664 1343
2087 920
818 1513
40 1483
2207 589
1182 1468
2949 2538
2282 274
1805 833
149 2956
615 2885
297 812
1695 2072
1357 2739
2902 2604
1130 1917
946 569
188 1764
2081 228
598 1639
1168 1780
107 1116
1669 2740
1389 473
573 1889
428 1187
2125 1077
2350 819
148 1058
910 49
661 2039
2317 1607
2607 2505
722 1687
2732 1319
678 1251
450 1136
2367 2119
875 1107
2591 1447
348 371
2985 2472
1447 2687
291 1594
744 1200
1995 1405
590 1663
363 197
1167 1084
2235 1250
2754 2912
2501 204
1399 2219
2322 2274
677 2264
1072 1024
2634 1057
848 1080
1095 1138
26 2190
2689 2020
594 630
682 1308
1178 2201
2391 413
802 2497
676 302
52 2075
2872 2373
1700 901
1988 2771
1924 1622
1179 123
2701 2625
1612 78
1815 1300
2449 2760
2282 483
1068 459
2683 810
871 484
306 1899
1138 357
1325 1361
81 376
2261 2069
146 1537
690 1677
1659 742
1301 271
1172 115
1922 620
2875 1203
1102 942
1662 784
1751 2884
1620 2409
2134 109
117 458
1469 198
833 730
2618 1331
2618 307
7 1276
1400 1659
1898 2571
1774 820
191 1648
2374 1644
2941 1035
2428 2043
1271 1399
1451 404
1507 1568
1214 2975
2117 2398
1056 1734
1080 673
2392 1086
1949 1143
2745 1198
714 1870
2017 1256
869 1743
2899 809
2777 2678
203 1399
1076 2006
1803 2934
925 368
2909 41
2765 964
2126 845
1637 1517
2282 937
2659 2378
2134 724
1599 1503
2331 2467
245 2582
627 373
2611 830
1772 1039
2835 926
972 759
1293 1232
1151 1409
2548 276
2253 1536
2144 1887
2472 2154
1616 1957
230 215
811 2912
2681 1055
2845 660
1780 2456
1841 551
846 1675
1476 2169
2785 120
401 1287
1528 2948
1914 1133
1483 1057
19 1306
562 1986
614 1143
2200 1425
1055 2233
2831 899
244 1610
706 2084
2512 1551
758 1339
1072 894
1458 1472
2532 338
1771 1445
1470 253
2853 1840
1910 414
825 2875
1557 377
1299 2963
2961 1482
861 204
91 1919
2287 2955
821 396
1293 1892
1641 103
363 1172
440 2485
2616 2261
89 2820
1100 1998
233 2276
1873 2141
4 523
2103 2964
2004 316
167 2447
2586 2805
2401 406
200 1045
2298 2192
1147 12
363 1938
2497 330
1198 2937
149 2649
1935 734
1925 1159
2874 1928
2033 2329
2244 1389
2996 2762
835 2581
2567 587
338 118
1631 2987
2310 130
351 2672
2067 2847
354 617
2783 502
265 2069
1235 2189
579 1461
1469 2612
1141 1064
1000 1136
825 2186
1068 743
124 1405
861 2106
1744 522
2235 2094
545 1654
2292 898
2622 2426
1400 2886
1495 2986
2427 2425
1446 1247
2388 2938
2310 739
1425 134
2924 2492
877 399
1249 2089
2505 2992
2610 2091
2085 506
1096 1728
1404 717
1153 155
603 2999
140 381
2424 1938
1627 1811
1875 936
2902 300
1069 177
143 2297
576 1743
1737 80
1734 1346
2522 1170
1852 618
2897 607
1334 1402
761 2288
1400 1252
2668 823
541 1294
2986 2768
2229 239
67 650
415 561
298 990
2304 2035
1421 1389
732 943
2911 2935
1560 159
541 245
1560 1653
2533 2960
2905 2552
1134 445
846 1471
212 426
1709 630
1427 2124
1191 1725
465 846
1111 1886
2586 1842
2828 2496
1777 1739
2655 2317
1983 1566
970 1515
1877 1226
1067 11
2022 2264
1833 2234
41 894
215 1468
17 1757
544 481
2602 1654
2718 2188
847 2545
2035 2623
1283 2041
2292 266
607 613
2132 2483
2190 550
2845 1211
2813 2030
796 206
2923 1011
1673 2939
2767 2216
771 2721
1221 489
2260 2067
385 1294
2042 2020
687 1333
2285 1293
2297 1768
1127 1486
2670 1324
48 2834
353 844
39 627
1854 1711
565 1972
1278 1687
2044 2498
2527 1303
1917 264
2949 958
2283 635
2642 1919
2279 1938
686 757
775 355
2080 822
541 2784
1665 579
410 870
2290 1326
2842 567
365 1885
417 2891
540 2333
506 488
290 2788
1474 2931
1706 1104
2220 2744
1860 2994
450 1292
1167 990
1075 2832
1569 1837
701 1210
514 894
2128 878
2779 2544
1121 670
2228 1626
1509 2869
1414 2982
151 119
1085 2370
214 296
2715 664
1587 882
1653 14
1065 573
2202 2117
1782 2715
363 910
593 493
805 2065
1162 33
690 2670
2901 2103
3 52
2574 1087
2773 139
1734 2488
802 673
721 2807
1038 2137
379 239
1605 2513
305 1967
422 1249
2459 1226
313 972
1610 1003
641 1863
457 643
1914 30
2081 2038
169 1167
1877 1322
1839 2949
1128 228
2085 1859
818 1042
1371 1122
8 2144
2371 2819
721 2683
1142 2331
685 1783
1193 1142
2777 458
1523 2210
2495 2043
376 1724
717 2566
1672 2196
2793 1109
1054 610
2150 2776
2083 2509
1919 1453
2679 2640
1136 821
2322 2172
2955 866
665 83
1323 2188
2292 1169
1582 19
2892 2650
2584 1916
1846 2728
24 2899
689 2173
27 2772
1681 1945
1224 1712
1936 2711
2532 1609
1883 2486
2474 2547
2568 1148
2086 2212
2669 1020
2230 2912
669 2166
1827 2514
2245 1850
2765 2934
1374 2791
2705 55
2087 1280
1766 1375
991 1649
2983 225
1486 2457
123 1053
956 2561
616 624
580 2846
536 1600
2363 2362
1114 1607
1564 1230
1540 2937
1372 1596
2991 810
228 2108
2184 1570
756 2519
1794 2241
1975 1916
646 2930
1828 1613
906 2407
1810 1441
1007 1172
802 2472
131 2365
1053 1670
2302 2424
618 2644
233 845
2104 2769
2414 211
2287 1559
2804 1613
826 801
1894 2654
2413 2799
2060 1223
1239 418
2746 2393
241 2876
2109 1293
1898 1410
716 2515
1406 1301
711 509
1069 476
719 355
2034 874
2319 2859
1674 1212
2512 1087
1011 1924
2661 2249
2693 2406
1993 2934
2634 1102
1226 1531
2863 2294
1397 1268
594 2107
2128 1662
2582 199
2368 1967
1072 1686
1825 2746
249 1689
832 1259
964 844
860 656
249 2852
589 2882
1305 2167
1764 1168
1460 160
2435 2053
2618 1563
1066 2551
1761 785
1517 184
2822 694
2929 70
2734 1112
1681 697
1955 2540
1352 2556
2743 2293
2789 1048
1459 1553
2215 2918
2064 2001
1970 2034
915 35
1584 27
819 453
211 640
1146 139
1061 879
1251 2741
1927 557
2632 278
112 2375
2922 253
774 1380
1805 340
1297 1220
2340 618
253 255
1004 2189
633 1822
2641 843
2813 1138
982 1226
2368 2584
966 1294
492 598
1923 956
324 1845
1208 1097
224 364
1788 1873
1583 1127
2490 2188
1733 494
1728 2366
2667 1720
560 2832
209 1541
1057 2576
1476 2374
1221 1968
323 495
275 646
2339 1482
2094 2915
1845 881
2139 779
2360 1628
2966 1092
2473 1693
809 2492
764 1369
2675 972
261 731
547 2089
456 2119
1408 779
2614 1682
1776 2304
163 870
2570 2007
1750 1708
2785 1461
688 103
2553 512
2147 713
3 2911
2433 2677
882 2694
759 1781
2134 1567
899 541
2345 864
2574 1472
168 2736
2341 89
2094 1443
2149 2230
2903 2836
2684 2807
699 1831
872 702
2093 304
730 2974
349 1841
2106 2482
759 5
374 103
1220 2947
1926 1739
34 1267
1828 2479
61 976
1709 2963
1163 1744
122 1861
574 993
2914 18
1648 996
2992 1997
2836 2449
1830 594
2453 2204
1048 673
2502 2973
2763 2888
1591 1590
2366 1651
2565 1426
1966 1079
170 2087
2940 1095
431 2853
1113 2078
848 1456
1426 1035
904 256
1980 709
2811 27
1733 2312
352 1495
2551 1942
85 1917
945 1
694 2910
1432 863
2348 1371
1575 422
2207 2775
2229 633
809 484
888 2789
1192 1050
167 276
361 870
1771 264
164 2207
2180 1108
2559 2873
1369 990
1088 1068
2712 397
1197 1287
1170 403
1061 750
1387 2221
1233 2626
2009 2777
675 2528
52 1388
397 1822
1651 560
1380 1182
2019 939
1054 739
2280 2493
1806 1992
2889 2
278 1410
757 1690
2159 2495
910 744
2121 271
520 147
2798 571
1534 194
2745 184
1106 1124
1365 476
2062 2771
1215 1694
2263 20
685 2504
374 1314
1265 1482
3 424
976 912
1167 448
1534 1686
595 1331
2608 2480
1877 2352
16 334
476 1732
809 2889
1854 2023
1582 1469
2395 2618
972 120
931 2236
1953 1285
11 2928
2549 1529
728 1082
566 1674
2413 174
1153 1641
2877 1520
1974 704
252 2782
593 2105
2157 2526
573 1903
2496 1896
2022 426
1484 974
2063 1846
1253 1611
375 2332
2692 1292
1005 2456
1465 2510
1096 1694
1381 421
2397 1632
203 341
1089 2711
2867 2013
1613 2362
1261 634
139 2744
1959 2201
1941 211
1163 2315
2895 1207
607 899
662 2423
760 2110
1116 2141
2530 513
1124 84
853 2564
2794 1071
1929 1406
784 189
2391 1275
284 1349
827 2224
1912 1990
1891 1806
196 2497
56 1209
2271 1168
670 387
660 200
1251 1783
635 2455
1699 429
526 627
2186 1661
815 1577
2935 1450
277 1114
673 2540
103 2563
1697 650
2411 2105
1858 1682
272 2528
2068 931
79 670
65 713
124 1763
1493 1001
2389 679
2662 555
2607 2948
2004 235
1061 29
127 1515
2591 1823
2164 2002
927 1374
1035 1550
1253 454
2480 1331
1123 2897
2395 1598
1659 888
2599 1400
1918 2612
2306 1876
2559 1662
2110 972
1690 2236
2486 1632
1411 1650
985 2689
375 2019
1239 1627
2472 1070
309 946
966 2703
2544 2977
942 2142
1728 2859
1753 1033
1734 1663
2694 1196
2634 1735
431 2472
367 2193
1121 1351
1882 1495
370 472
473 193
1893 781
1139 211
483 682
539 1425
175 2266
1635 2279
650 369
941 344
1564 927
2078 2346
398 2444
1891 1870
1147 1124
716 1516
1595 1188
1708 839
1968 198
1049 2802
879 1587
1226 1405
1204 2861
683 1854
581 1976
2197 2496
2902 1626
2193 651
1422 1083
2520 2568
2206 587
1435 1152
1774 494
1991 1093
692 391
894 1922
2330 2472
327 533
2684 1009
2386 264
2984 1934
111 237
912 2303
887 2333
386 758
2252 2591
1696 686
1095 821
1179 85
1913 2222
475 159
1144 156
2630 1470
689 2665
2830 74
2928 166
2360 38
402 271
2340 1641
2603 77
2750 1854
2668 1798
2891 1114
2618 1069
1198 1883
291 2024
2041 1786
2180 2022
607 220
1686 436
645 1965
601 4
2354 1355
274 2045
347 228
2122 96
2433 2141
2245 2323
254 1863
744 1803
745 1386
1178 137
171 709
2158 777
928 1195
1564 1573
159 2165
1928 2864
871 2554
1908 1217
2781 1381
1664 2566
873 909
2240 1478
123 335
280 867
1720 1458
1003 2242
2166 512
370 446
1706 1934
2018 2216
1450 945
2079 2672
498 1338
888 631
2719 2903
548 943
1163 2787
2421 1285
122 2700
2151 2193
1509 505
1787 1027
1016 2156
1472 2721
1441 841
1936 242
1785 1366
2913 2635
2704 1152
265 2774
1407 812
716 2569
950 136
854 1423
188 356
616 2048
861 2754
426 1876
2261 1897
1949 702
2737 1236
1295 1874
2954 1208
1508 2657
2711 2124
2782 1117
2935 497
1038 1236
985 1891
2659 1524
2246 274
923 458
379 1349
2686 2639
245 1986
340 334
221 1635
2207 174
194 1066
182 256
189 2963
1725 475
812 2762
1710 2148
2004 1368
671 1601
1993 1593
2059 2371
293 2096
2010 538
1081 2349
1223 1301
1335 781
1827 1880
1846 2008
2488 2034
2323 1212
2508 134
1325 1569
2281 328
2937 303
2280 1929
2247 1338
1300 2540
785 661
429 1865
361 1651
518 2048
2431 2344
927 1628
1703 766
661 1377
2329 520
1510 653
2440 1142
1332 2376
1796 612
1657 1395
2301 308
934 86
968 1714
2302 1328
364 2819
375 146
2162 1654
1773 1217
2419 2785
2593 1748
656 1455
2752 95
2948 1436
2823 1744
2399 1479
138 2051
2138 1423
2136 105
136 1790
1784 851
1608 2159
1348 1122
1164 472
2338 934
256 1930
33 1263
736 2785
1709 684
1572 1531
2779 970
361 268
20 2498
1690 2508
2954 2177
1297 1738
27 2904
1248 1726
1025 2411
2197 714
696 2452
2644 729
1066 731
865 2774
1414 2436
1657 1544
405 2017
1811 776
1867 852
283 1820
28 1579
557 406
1835 2156
2131 211
1918 1327
925 2614
1130 920
342 2547
1650 1558
2321 416
993 1329
1959 1749
697 1122
2524 2563
2325 159
1735 2353
2089 2643
110 923
1799 2593
1486 716
1271 2410
681 2401
329 1374
1947 1978
2931 1619
2745 1275
299 2056
23 996
529 2899
910 2853
409 2644
2557 2497
2639 2667
772 1789
2259 2609
2856 529
2018 537
281 2346
1910 2580
1675 1841
1198 1772
115 1849
827 490
2844 1355
740 753
1207 1500
749 764
1348 739
782 2471
2527 392
2079 2382
1272 1096
2918 1905
793 2180
1484 2820
1020 33
1591 1486
1881 2769
2327 2076
1475 418
181 2681
1917 929
796 617
2019 1929
87 1545
2672 2166
1278 944
261 1196
200 1406
375 1683
1225 1746
2067 167
583 948
2935 262
23 1409
679 203
1441 2948
1483 2589
564 853
1869 650
2397 1541
2815 675
2836 428
2222 35
1833 2948
1717 409
2045 1135
575 2627
2082 509
2888 2457
2269 919
11 709
866 1846
649 1429
2698 2518
2430 2447
1058 2245
473 893
24 2694
927 2208
2993 2995
2616 2037
1129 190
2015 563
1050 1903
371 670
2821 733
1730 1038
2578 2379
2818 2628
2248 2247
2074 305
1843 2546
1549 1866
2591 2827
1073 2583
173 1040
1619 1301
1229 633
2215 2630
2887 2585
299 59
318 2029
1096 247
1759 913
2874 1006
512 2299
1662 2354
1844 210
1220 1434
388 2644
1368 560
684 338
1860 2264
1323 1427
2246 1209
1011 2544
1620 1680
1924 67
1927 682
980 1800
2039 1843
1099 700
1196 294
909 2767
2080 1648
2763 799
2207 446
1137 1419
61 2459
2845 2306
1019 1207
2202 2638
2887 1477
2705 1813
2511 1036
964 1549
2878 2414
2601 1425
60 861
1192 2491
2509 954
289 1715
1751 1425
133 2163
1235 2977
1469 2254
1536 1022
2243 1422
2850 2299
586 2360
686 1901
1261 915
1667 861
2340 1726
1721 883
1216 1581
2188 1504
296 938
281 780
100 1515
757 1920
1120 2292
293 715
1065 495
13 2002
206 1051
902 1466
1965 2568
2678 1656
1645 1751
2890 212
331 2077
2068 978
366 2348
1758 818
1214 2866
89 2334
2509 734
48 573
1228 412
2574 1433
1462 827
2899 779
395 2928
2786 2391
2030 2676
2955 2361
2104 2022
690 2470
1721 2447
639 2934
2312 727
2619 1820
1460 18
2744 2687
430 2317
1472 2243
144 1722
373 890
1649 511
632 679
538 586
391 2641
2607 1080
2462 1679
879 100
1613 190
1179 1583
2362 2990
1601 2105
29 2382
1774 1500
1976 2269
221 2701
510 1869
211 1141
2899 748
1727 641
740 1685
2073 202
364 2951
653 2328
492 2183
2173 2862
2310 2201
2595 1083
700 1571
351 920
1623 860
140 1833
2352 391
2932 1430
1031 671
115 103
1224 830
405 1877
509 897
1059 1770
749 231
1632 58
2783 1578
1492 482
148 1842
1753 2122
53 2245
954 2757
2635 1237
1186 665
1908 1652
1120 131
2833 1524
2359 341
2420 770
2111 521
1352 1094
930 1135
2671 2422
1616 171
1615 721
2292 2020
2965 598
1776 2599
1834 313
615 741
1965 2086
1224 2149
962 934
2842 733
1703 2304
1253 55
397 2183
1189 419
1604 156
941 218
876 585
2589 1192
1182 1364
790 367
1677 1757
1460 993
1194 2683
493 2155
616 334
2888 2319
2637 1492
2373 385
674 913
804 2629
1068 1744
199 2296
2680 2787
487 861
1503 1629
1228 531
737 2687
1523 1930
2721 2015
1085 688
2701 1324
358 2337
2815 82
2722 841
994 877
821 2062
2972 1371
1709 2652
1158 2195
512 2660
823 2091
190 1911
2129 2064
841 1849
1430 2277
2537 1130
952 2894
819 766
328 540
1958 1321
1768 131
734 1739
1501 2442
1390 2658
1637 2254
2669 2811
1696 210
1722 825
2625 2914
25 1055
2190 2913
2536 141
159 354
1258 486
1245 568
1806 12
698 2540
2103 2198
2333 844
2208 1321
449 2228
1484 2145
2438 205
321 2062
470 345
468 11
610 4
151 768
357 1760
1253 1954
2327 410
2317 376
301 1419
2574 2634
2615 2133
1306 63
1360 2789
2207 797
345 2527
211 814
224 678
824 833
681 1326
1600 1390
86 204
695 2764
965 11
492 1266
1782 417
1251 1396
2549 2556
1458 908
2697 1017
2057 41
543 2619
1207 1118
296 2030
1950 1329
708 901
70 1145
1104 764
908 2069
1126 1399
686 2907
2167 2288
1654 1715
1843 112
2975 1891
1128 2383
1932 2022
2001 138
140 2648
2519 2441
976 226
342 1045
1722 1445
2160 2982
865 286
1732 1902
192 899
1189 1846
2613 384
2309 2587
2274 788
2321 1205
161 1321
1694 652
969 1565
93 2296
2142 434
693 864
2230 2852
845 95
137 2576
1996 329
474 537
2526 439
920 2186
25 193
2973 2698
1750 133
1018 443
785 2338
2359 1229
1986 1501
1662 2678
2364 1243
2529 560
1337 2666
135 685
346 961
1221 2871
1399 2140
2056 1775
2684 2380
1472 1433
2864 2842
2228 648
2531 1586
2228 1516
86 889
1193 2801
2132 722
712 820
387 1199
1856 732
2159 428
954 909
2919 361
2683 2603
2740 1507
1035 2603
1348 262
603 878
1848 2830
2746 2285
1071 938
2438 554
1659 149
1373 2397
1347 581
480 857
1008 1433
1765 927
2145 1448
529 1884
306 1915
1839 2005
2529 2441
234 1376
2270 2979
1012 692
917 449
1245 2927
598 2618
2676 2296
550 155
153 1557
1940 1917
2835 1084
716 715
320 1021
2630 2158
25 2158
1598 259
885 1219
589 2248
2263 1505
2697 507
1784 646
476 1459
293 1025
1965 445
2934 904
2714 2768
2340 429
835 11
1802 816
2168 2178
2973 1117
2788 1209
2687 377
808 1949
2233 504
2456 1016
1501 283
2474 2146
1308 1791
2590 1593
46 2655
1360 2385
84 2546
2747 2237
361 1914
1414 685
382 1202
1893 69
1930 53
2369 1162
908 2176
2178 2409
2459 2003
1906 1118
793 1495
2710 839
1150 1421
575 1585
967 322
821 1327
2587 2586
2012 2969
1139 1256
389 68
1308 2757
1230 2216
1933 759
1976 1391
2761 1233
2860 906
2727 2569
2096 1228
989 22
164 2307
695 1336
986 282
1274 349
602 2412
1604 990
2480 264
746 1061
2831 30
1819 2158
1772 1931
390 1631
2836 468
1199 1931
2048 2540
2305 2563
1846 2999
1251 2831
280 2524
179 881
1935 2135
2222 1766
2750 320
178 2932
349 1996
2441 2121
927 182
751 1114
1001 1950
397 400
1489 2701
2963 686
2699 1213
869 331
1088 1399
1563 374
885 785
2140 634
1104 2317
917 1452
1665 709
924 2943
890 1675
1056 2243
976 1804
2642 2816
1504 2956
501 1555
1520 1721
2237 2607
120 799
2981 1004
1935 2472
1990 390
1788 258
2194 804
967 117
746 2208
1791 2154
1450 2766
957 1444
2933 2813
1399 434
1367 2919
2506 955
2525 2625
1753 2857
981 1040
2328 2970
1429 1468
227 622
2271 1545
739 369
753 2881
2874 2554
2999 830
1349 2931
994 2748
716 2712
18 222
666 2894
2846 2771
2751 826
810 2078
1147 2238
545 1726
2860 168
270 598
536 1374
478 409
1280 476
1590 2628
759 2584
2727 1474
2295 96
1695 313
2990 1541
83 2740
2718 892
2169 865
129 66
2590 2988
233 211
937 768
1585 1767
1528 216
2594 469
2843 352
52 2922
1826 2699
17 520
363 6
2412 445
97 2130
1336 2618
346 1816
2683 287
2156 2915
497 92
1034 2433
2210 2913
2648 1804
381 2843
2155 785
2764 980
835 2780
1500 1197
138 911
1641 586
392 328
203 1089
2495 2885
1375 1650
151 2224
2094 1536
2008 1303
1448 1656
106 1829
1850 2261
2965 1613
592 799
1744 2091
1995 1881
354 987
2819 1097
1666 21
2186 1160
258 912
2810 760
135 2255
2296 2143
909 1095
1150 1015
275 2999
627 239
1963 1218
1037 706
661 31
2939 1366
1369 2757
2462 34
129 1647
1194 738
2911 1355
1850 45
961 1497
2539 1869
2591 1040
2883 2866
1390 861
104 352
2431 1141
1410 91
1523 1348
1456 244
1456 917
277 1936
2916 1822
2674 2826
176 1875
222 1136
371 113
5 2961
1504 239
2826 2894
1452 2930
597 882
1422 2006
972 296
353 2779
539 2160
1047 816
1096 1314
2637 1121
1491 165
2995 2065
1652 365
2529 1656
677 1032
2247 503
1277 698
784 1874
1579 2557
879 2902
2852 1584
32 743
743 1430
1910 1838
2744 1898
2958 1234
2062 2952
650 1066
668 178
73 1345
1210 2319
2199 2838
368 2982
1711 2298
2890 2590
2551 2741
1525 2582
835 2267
1012 2744
1105 1107
1994 1414
2692 1407
1718 342
2472 2385
871 2545
1081 2432
2215 279
2270 2583
260 980
1880 501
921 1431
594 2445
1364 1428
1712 2727
1524 168
1185 517
1581 877
1923 298
1570 1395
35 2440
1291 1115
1872 505
1394 1493
87 2005
2472 2319
2506 393
1101 99
189 2464
1878 1900
2543 401
2067 727
917 1000
1955 192
1649 876
1586 1683
668 228
2798 2891
732 1191
1383 819
547 854
137 52
1598 1589
502 1787
1052 2380
1038 946
2780 457
2025 1049
1456 979
1240 104
2207 177
2139 2874
404 1936
2764 1135
478 1146
2305 1024
2351 2793
1428 949
1381 1929
87 2433
1308 1124
730 1440
1580 2754
2488 387
1085 727
843 291
903 2981
164 1306
1916 2927
2792 2745
1424 2097
768 774
1889 2195
2074 270
1476 2160
54 135
636 783
1574 2567
537 1061
2954 1621
2139 796
1911 393
1128 2426
1698 395
2352 1842
139 775
938 906
1900 178
453 974
447 2280
485 500
2414 1120
1635 1340
1039 2523
2400 992
1143 1891
2139 405
2283 618
2830 1333
1012 2533
174 1150
659 1463
2407 2558
1640 211
883 2087
2490 1720
2938 2256
191 1924
595 1229
1446 346
2220 2940
2236 1710
344 1519
2327 525
2851 338
409 376
1839 1067
1838 1246
977 477
1456 2211
2915 1298
930 205
553 1121
2128 1147
2349 574
1492 1921
513 728
630 1209
2598 309
2085 2800
998 2494
175 2837
912 2012
1434 1888
2840 241
1099 2755
1538 2028
2959 2442
500 2438
588 2849
11 2432
1769 876
511 2750
2084 108
410 1520
2907 1408
1013 81
1596 2277
2444 381
1164 2283
621 2614
2389 2511
1994 2699
1952 2493
2137 2892
2693 2147
2323 1461
22 185
1563 2457
292 1972
977 550
731 1989
982 2326
1265 777
58 2781
59 1031
2746 2800
541 2091
2498 2492
1584 1634
2383 1276
781 2057
89 1154
2241 1651
611 2884
622 1587
785 1353
927 1766
1030 2544
2542 1088
2676 2953
2470 2421
2752 10
1864 2601
2853 447
1235 2236
2074 2367
1644 2162
520 885
1164 1482
1120 1786
420 1905
490 1699
1022 1871
1594 564
310 1269
868 2779
1041 971
2788 2904
571 2641
702 2157
2228 128
1523 1223
2289 2395
2459 805
876 579
2942 1648
2483 783
346 504
2653 1939
1419 2963
559 2638
93 1951
960 2881
2207 1883
2873 2908
1039 2452
35 2914
674 2676
2308 133
480 535
1063 773
2182 897
1555 2879
1400 1207
2169 171
1521 2727
160 1614
2030 1472
1846 1236
354 2070
1495 1392
1521 1530
1305 2546
1557 964
2678 2388
1499 1092
160 1032
1988 1714
911 740
272 431
1262 1793
158 1421
758 2539
2892 2603
774 245
1672 2268
1989 544
1149 645
89 2705
1609 119
2092 459
1210 2603
1842 198
1668 104
937 1940
535 2198
1084 692
970 1841
582 1214
1795 1355
1810 818
622 798
1361 2123
1795 1801
1827 755
1919 1271
1565 481
873 406
678 2893
510 1966
1832 1044
1515 2915
2087 2484
2107 2668
697 901
1022 2859
1718 1995
1008 78
1469 2802
1878 296
908 1149
1918 2472
1629 142
2878 2658
34 387
1623 2217
1782 489
2131 868
2972 1589
887 1021
2489 2260
879 1558
1606 1886
1635 75
2040 865
722 2947
2365 2639
2419 993
2780 2648
650 166
386 2624
2382 2167
112 1865
386 435
453 1272
1807 294
531 37
1851 2136
2275 838
2210 1314
2054 2931
1612 1418
2921 1382
2762 53
1029 763
218 1414
386 2951
580 849
1815 965
1283 2620
2588 442
2913 118
478 1763
2606 2752
2952 1815
1065 2005
2098 29
422 2018
1410 183
2070 2439
945 2639
852 1682
2590 1784
2530 1756
100 1165
1375 2688
1606 1639
157 2083
754 2762
1835 705
1929 251
2710 1378
279 483
395 1689
666 2817
1479 1962
2807 2330
644 2396
1465 525
1504 1565
2041 2878
1604 646
1869 1760
81 2622
1874 2267
326 802
2517 387
2179 148
870 2925
2188 1535
93 666
848 2900
347 1843
2647 1812
2368 1150
376 1408
1380 2331
2406 248
1090 2486
2869 2963
1752 194
1116 1620
581 646
2119 1802
571 1658
688 1015
2323 1535
914 2670
378 561
1833 2745
2062 2208
1504 441
1890 909
688 2979
746 908
294 2849
1454 1761
1821 2386
2407 939
1187 2977
2597 1874
991 2271
408 2257
1940 785
169 772
881 2230
331 2737
2671 2572
997 710
2551 1743
1618 196
1591 71
1956 411
2456 1362
1702 994
1690 1650
2867 33
920 274
2641 212
1411 2809
1335 2643
2038 1666
2731 2060
1237 728
2770 1139
2470 1739
1686 1412
2161 642
1823 1968
2355 876
2961 1397
2525 2827
1429 444
452 1069
655 2214
877 1990
2209 266
1007 1939
2326 2595
2666 2447
1086 2487
1185 2771
899 697
764 73
2664 119
948 2624
1515 472
2802 295
1 1267 253
1 1363 274
1 2819 591
1 1263 27
1 208 621
1 965 533
1 2567 631
1 2331 652
1 117 867
1 423 367
1 1563 538
1 1439 578
1 1656 386
1 1201 522
1 209 354
1 816 476
1 1607 530
1 1101 777
1 2472 363
1 803 680
1 2335 767
1 2564 901
1 2749 247
1 2553 866
1 113 327
1 1232 28
1 1864 23
1 605 872
1 2408 158
1 1393 969
1 511 561
1 1796 469
1 2090 896
1 1245 562
1 2610 47
1 1593 944
1 814 508
1 1196 562
1 754 748
1 779 867
1 1426 363
1 2894 642
1 2385 850
1 1513 144
1 7 257
1 2112 518
1 2817 907
1 338 907
1 1154 583
1 820 763
1 981 764
1 58 794
1 1271 254
1 2708 377
1 2353 838
1 243 131
1 200 488
1 1772 936
1 1689 636
1 2080 696
1 892 543
1 2565 709
1 2802 902
1 2967 955
1 1484 138
1 2070 465
1 1253 479
1 1610 875
1 732 669
1 2251 437
1 2507 845
1 1567 58
1 332 690
1 346 373
1 1677 425
1 1068 568
1 1319 632
1 628 120
1 533 946
1 2427 369
1 2435 496
1 2185 687
1 1326 146
1 562 58
1 2815 812
1 2846 673
1 9 764
1 82 692
1 2805 427
1 64 481
1 203 131
1 1400 874
1 1762 28
1 2993 647
1 325 771
1 2367 112
1 1618 551
1 798 944
1 48 711
1 2353 214
1 1875 198
1 238 883
1 961 320
1 2574 117
1 1098 638
1 2597 653
1 1120 996
1 878 234
1 375 870
1 2880 700
1 993 246
1 1163 610
1 1148 960
1 2553 547
1 1023 905
1 1761 897
1 1102 998
1 2131 414
1 2669 56
1 530 119
1 1693 478
1 123 813
1 1474 1000
1 398 848
1 1869 277
1 2899 861
1 2874 61
1 2823 373
1 373 375
1 2919 747
1 1632 679
1 1995 85
1 1029 125
1 2851 697
1 180 380
1 1815 225
1 1210 937
1 2389 683
1 2936 786
1 1882 157
1 414 133
1 2369 639
1 545 191
1 2011 269
1 1918 281
1 15 549
1 960 9
1 633 340
1 133 483
1 36 665
1 1215 203
1 2889 776
1 1491 629
1 2458 779
1 2414 691
1 935 827
1 1175 655
1 465 720
1 198 827
1 2988 467
1 2107 3
1 367 418
1 2363 999
1 2757 848
1 1834 145
1 512 400
1 2347 752
1 175 189
1 380 984
1 2967 793
1 2026 253
1 2971 201
1 1908 787
1 2272 457
1 965 259
1 1923 71
1 2613 289
1 841 976
1 639 949
1 1823 824
1 1093 686
1 575 791
1 437 101
1 1980 816
1 1436 946
1 960 462
1 199 282
1 1014 458
1 2068 285
1 1914 32
1 2543 188
1 454 508
1 828 646
1 1835 466
1 2595 9
1 1642 39
1 694 216
1 2182 130
1 669 513
1 2297 104
1 458 256
1 2917 8
1 1537 930
1 817 956
1 1214 82
1 1339 109
1 1621 144
1 968 448
1 790 802
1 914 736
1 810 907
1 1774 855
1 2122 307
1 2984 790
1 2819 632
1 2246 629
1 2887 162
1 1988 775
1 92 805
1 2730 657
1 238 420
1 2765 859
1 563 732
1 1306 352
1 885 571
1 2439 46
1 2477 213
1 900 951
1 2871 235
1 2092 690
1 866 337
1 318 104
1 851 305
1 230 942
1 2109 311
1 2950 699
1 1730 715
1 1557 293
1 798 862
1 996 35
1 2785 435
1 1080 261
1 1999 332
1 1563 869
1 566 655
1 1910 784
1 2343 227
1 2887 193
1 1532 117
1 1486 992
1 427 436
1 690 509
1 1502 246
1 2153 651
1 2460 148
1 1685 596
1 934 117
1 2208 284
1 2448 771
1 2505 365
1 1777 414
1 2148 471
1 641 387
1 1664 524
1 2855 501
1 515 281
1 2288 205
1 141 789
1 802 293
1 792 613
1 2441 828
1 208 726
1 2944 416
1 1010 743
1 186 866
1 108 314
1 2279 607
1 784 271
1 1993 799
1 2794 847
1 300 309
1 2480 587
1 1865 620
1 728 666
1 1913 519
1 631 705
1 1698 838
1 2782 642
1 253 143
1 1736 790
1 2008 195
1 103 287
1 1802 887
1 1557 146
1 1037 703
1 345 336
1 2011 824
1 1275 875
1 2795 354
1 892 59
1 1522 115
0 2360
0 1914
1 2039 650
1 1399 844
1 2685 997
1 1593 495
0 295
0 2170
0 1014
1 883 808
0 1775
0 1372
1 1333 293
0 2229
1 323 620
0 1076
1 1403 635
1 751 81
1 1245 563
0 2083
1 2301 96
1 184 256
1 2310 474
1 2957 806
1 316 387
0 638
1 1808 65
0 210
0 1076
1 779 73
0 693
0 1639
0 2370
0 2656
0 694
0 2214
0 1434
1 2324 477
0 2062
1 474 67
0 2890
0 1798
0 2868
0 2719
0 2665
1 361 304
1 82 742
0 2986
0 229
0 1305
0 2073
1 491 909
1 2920 735
1 1508 624
0 305
1 2472 414
0 2764
1 2398 477
0 289
1 2826 835
1 1612 415
1 2916 77
1 896 920
0 1289
0 1161
1 2699 136
1 3 52
1 768 686
0 846
0 1415
1 1723 325
1 2909 220
0 1323
0 1283
1 535 530
0 1961
1 1213 473
0 911
1 1621 266
0 2444
0 696
1 230 482
0 160
1 1473 267
1 2044 633
0 60
0 1890
1 2796 912
1 965 476
1 1234 739
1 2854 4
1 2649 388
1 30 970
0 2530
0 1137
1 747 952
0 2731
1 457 998
0 1402
0 1594
1 1462 70
0 2695
1 2430 900
0 1482
1 550 581
0 871
0 2459
0 2649
1 2801 601
0 2532
1 2369 881
0 770
0 614
0 1838
0 2522
1 842 951
0 2004
1 1682 906
1 1963 128
0 1773
0 877
1 2631 477
1 2162 519
1 2394 891
1 2771 856
1 1608 891
0 492
1 590 626
1 1725 308
0 1441
1 2472 669
1 2302 545
0 2285
1 825 798
1 1688 192
1 1025 962
0 2791
0 879
0 412
0 2370
1 1050 95
0 2394
0 2318
0 2555
0 1519
0 1039
0 1824
0 2600
0 903
0 2848
0 1752
0 2069
0 715
1 2084 677
0 2121
1 1665 817
0 1551
1 336 105
1 1854 908
0 8
0 2449
0 1798
0 750
0 2630
0 1481
1 1525 196
0 609
1 822 81
1 2486 898
1 1389 383
0 2845
0 2960
1 1165 319
0 613
1 1280 964
0 2924
0 527
0 2994
1 1304 245
1 1175 66
1 476 903
0 896
0 76
1 2136 6
1 1239 170
1 721 782
0 2352
0 583
1 2393 462
1 2387 865
0 2983
1 1213 400
0 1689
1 2660 584
0 2735
0 1432
1 1250 670
0 1234
0 42
1 94 491
0 2721
0 538
1 621 754
1 955 629
0 2354
0 1747
1 958 330
1 692 618
0 1783
1 2756 43
0 498
0 1594
1 927 670
1 2161 559
1 134 312
0 1088
1 671 794
0 2417
0 2548
1 1456 592
1 1542 374
0 1297
0 1739
0 853
1 2738 131
1 753 643
1 224 776
1 1189 216
0 2211
0 2809
1 1513 357
0 320
1 2496 861
0 782
0 1441
1 2303 645
1 2392 127
0 145
1 1468 368
0 2043
1 112 262
0 1472
1 98 984
1 526 303
0 22
0 2750
0 2672
1 323 326
0 526
1 313 434
1 1082 901
0 979
1 1137 442
0 2607
1 1330 704
0 1108
0 904
1 602 418
0 1405
0 179
0 2767
0 2956
1 2029 389
0 463
0 277
0 1288
0 234
1 1371 499
1 1426 100
0 2007
0 520
1 2772 157
1 213 335
1 331 51
0 2166
0 137
1 1245 130
1 37 769
0 623
0 977
0 194
0 2572
1 1409 574
0 1016
1 2557 380
1 2243 173
1 293 922
0 1076
1 1618 320
0 2459
0 2660
0 331
1 42 803
0 2796
0 1698
1 300 98
0 1997
0 2654
1 897 827
0 1542
1 2253 617
0 1222
1 2752 681
1 2411 745
1 1738 138
0 1258
0 207
0 1488
1 2404 763
0 1058
1 1112 307
1 1609 848
0 1213
1 2554 435
0 2305
0 2099
0 211
1 1156 349
1 2413 633
1 2719 473
1 2122 235
1 532 650
0 2838
1 1949 685
1 162 852
0 2596
1 497 62
1 2915 272
1 1070 972
0 482
0 1953
1 1077 624
1 2311 501
0 2312
0 42
0 1790
1 1843 951
0 35
1 2234 532
0 638
1 2934 817
1 906 955
0 2510
0 2901
1 1530 574
1 1382 778
0 1575
0 1170
1 1248 364
1 1528 398
0 761
0 1225
1 1727 158
1 594 415
0 2942
1 2427 842
0 1309
0 1164
1 2544 427
1 66 596
0 1665
0 1996
1 708 910
0 1989
1 54 715
1 2972 660
1 1844 601
1 1622 795
1 2930 913
1 324 809
1 1939 874
0 1270
0 97
0 1082
1 1879 738
1 1364 144
1 2359 467
0 121
1 1118 806
0 264
0 861
1 1820 536
1 2011 474
1 2149 95
1 2245 712
0 49
1 2271 192
0 2766
1 16 232
1 136 541
0 293
0 2298
0 1683
1 2519 218
0 1881
1 370 30
1 1469 274
0 650
1 2494 272
1 2799 37
0 166
1 2480 653
1 1515 945
1 812 643
0 2637
0 2530
1 394 925
0 1423
0 1988
1 1967 637
1 1461 260
0 1611
1 205 776
0 2684
1 722 550
1 1351 714
1 663 702
0 545
0 1624
0 370
1 235 357
0 2554
0 2870
1 2604 808
1 251 364
0 1165
1 1882 886
0 2605
1 2662 322
0 2364
1 2499 214
0 1319
0 276
1 1939 73
0 1283
1 2824 238
1 2799 488
0 1901
1 1216 782
0 1517
1 2477 178
0 1079
0 1315
0 459
0 2247
0 1821
1 2684 893
1 1318 538
0 2556
0 2583
0 808
0 1047
0 2264
0 891
0 2763
0 412
0 313
1 1769 123
1 1368 516
1 2871 551
1 2833 868
1 2617 423
1 2200 818
0 682
1 2396 298
1 286 650
0 2706
0 105
0 490
1 1845 760
0 360
0 815
1 1535 647
1 2406 264
1 1619 815
0 1640
1 2288 35
0 1790
1 2147 54
1 559 510
1 1049 735
1 1808 679
1 2360 846
0 894
1 46 651
0 2302
1 569 374
0 1417
1 2647 913
0 1670
0 1856
0 2618
0 2850
1 1452 146
0 482
0 2536
0 1069
1 819 467
1 1925 768
0 2846
0 2665
1 2154 663
1 2956 333
0 1811
0 906
1 1933 923
0 78
0 1108
1 1986 435
1 2767 605
1 1199 529
0 2603
1 1376 268
0 529
1 1865 485
1 2801 295
0 706
1 1629 628
1 1706 78
1 1935 415
1 584 182
1 700 380
1 1582 334
1 2957 601
1 838 883
1 1674 496
1 968 192
0 142
1 2238 941
0 1667
1 811 82
0 1395
0 190
1 994 16
0 327
0 984
1 456 173
1 2562 846
0 1115
0 201
1 2306 20
0 2599
0 1982
1 2707 63
0 1101
0 1528
1 1670 895
0 2348
0 2908
0 1621
1 1788 182
0 797
1 2441 997
0 2099
1 336 697
1 2669 494
0 1731
1 2127 759
1 2673 428
1 1245 127
0 1152
1 2391 231
0 572
0 2689
0 299
0 592
0 2757
0 1445
1 947 939
1 29 122
0 2787
0 197
1 1791 441
1 2561 944
0 1951
1 1690 874
1 1730 92
1 119 683
0 2875
0 2875
1 259 165
1 287 287
1 425 471
1 1990 613
1 2034 173
0 2182
0 1976
0 348
0 2953
1 2040 71
1 822 297
0 697
1 1397 213
0 1684
0 464
1 2322 531
1 934 390
0 2459
1 368 933
0 1239
0 877
0 1072
0 1613
0 1442
0 683
1 506 80
0 1099
0 1553
1 574 874
0 2375
1 1834 561
1 378 929
1 896 519
1 2125 61
0 2745
0 150
1 2285 832
1 2790 911
1 1240 25
1 154 599
1 2598 325
0 1783
1 284 160
1 2185 56
1 1719 180
1 1971 276
1 2120 461
1 2952 136
0 214
0 2137
0 1443
1 189 598
0 1865
1 1021 102
0 533
0 2083
1 2006 153
0 453
1 2394 276
0 206
0 2898
1 1280 112
1 768 702
1 761 890
0 2999
1 1212 371
1 1110 903
1 545 842
1 1697 312
1 2172 57
1 1767 263
1 2016 604
0 2127
0 748
1 1809 508
0 757
1 1175 969
0 734
1 2483 263
1 2325 150
0 2988
1 2194 45
0 1312
0 806
1 2262 787
1 422 886
1 2582 746
1 339 955
1 2659 535
0 88
1 2928 62
1 77 84
0 1566
0 77
1 1941 383
1 2268 644
1 1721 418
0 2706
0 652
1 689 607
0 347
0 652
0 1862
0 1848
0 1007
0 1940
0 911
1 1650 851
0 1181
1 2746 850
0 163
0 1248
1 2408 7
1 14 346
0 1507
0 2687
1 1631 886
0 2989
1 1918 913
1 933 915
0 1035
0 102
0 1945
1 943 701
1 1456 108
1 10 122
0 1910
1 2295 596
0 1277
0 2677
1 3000 594
1 429 879
1 1413 913
0 1515
0 2483
1 2988 183
0 1795
1 3 804
0 1949
0 94
1 2308 145
1 140 821
0 139
0 2667
1 1645 110
1 2557 1000
1 1602 482
1 1589 16
1 383 10
1 2187 772
0 251
1 6 911
1 229 50
1 1366 541
1 1384 460
1 1493 791
0 2493
0 2806
1 1048 394
1 507 128
0 2969
1 826 731
0 1395
1 1475 108
1 1876 994
0 2416
0 2416
0 1293
0 2018
0 753
1 2654 430
0 1399
0 2911
1 1529 231
1 2707 961
1 1101 48
1 209 364
0 554
1 873 550
1 2099 842
1 1116 690
1 2473 695
0 1877
0 2784
1 971 312
1 162 18
0 1269
0 2378
1 2679 93
1 584 841
1 1133 4
0 327
0 1096
1 2954 569
0 1910
0 1507
0 1936
0 709
1 2990 726
1 1610 196
0 2811
1 2458 469
0 1298
1 294 301
1 620 727
1 2987 680
1 1401 941
1 260 986
1 88 46
0 430
0 2370
0 319
1 2202 896
0 1670
0 2840
0 1702
1 2701 673
1 1478 659
0 1175
1 190 668
0 2527
0 2110
1 2535 891
1 1904 282
1 990 483
1 2532 152
1 2724 522
0 1215
1 1393 433
0 1403
0 2577
1 870 597
1 748 397
1 319 932
1 2365 187
0 1728
1 2303 691
1 2454 710
0 2328
1 1349 901
1 2133 304
0 2814
1 446 35
1 2986 783
0 1283
0 1508
1 1817 694
0 897
1 2945 587
0 2751
0 2119
1 2430 467
1 956 952
0 1588
0 2569
0 1151
1 2018 285
1 652 738
0 826
1 2229 820
1 802 116
0 2786
1 1389 904
0 818
1 329 125
0 2665
1 2789 585
0 1292
0 2466
1 712 118
0 2247
0 571
0 114
1 2628 229
1 2413 447
1 1668 93
1 1389 773
1 1414 790
1 1554 726
1 2845 762
0 1421
1 1888 85
1 182 655
1 295 379
0 2876
1 2937 322
1 1604 766
0 2992
0 1508
0 1032
0 311
0 2318
0 519
0 1927
1 2976 364
0 510
1 2608 156
1 2780 31
1 2716 704
0 1671
1 1645 14
1 152 771
0 869
0 2203
1 1939 73
1 866 416
1 229 478
0 598
0 970
1 2216 353
0 2283
1 569 953
0 2213
0 644
1 737 90
1 2169 293
1 1459 717
0 2324
0 2404
1 610 866
1 47 188
0 2614
1 2837 897
0 405
0 528
0 167
0 36
0 2261
1 775 905
0 2234
0 2543
0 1753
0 1813
0 1164
1 113 351
1 2726 242
1 1974 189
1 2175 68
1 2341 590
0 948
1 2838 722
1 2282 955
0 1825
1 1831 123
1 1897 286
0 2361
0 316
0 2230
0 1412
1 2934 586
0 1765
0 779
0 1226
1 821 947
1 454 254
1 2630 117
1 752 496
0 38
1 2955 378
0 2393
0 1629
0 729
1 1390 917
1 2020 47
1 245 27
1 544 464
1 1797 627
0 265
1 1371 112
1 1760 3
0 137
0 265
0 189
0 2175
1 2811 92
0 2182
1 2494 779
1 30 322
0 667
1 2957 285
1 281 655
0 1550
1 2199 422
1 759 39
0 1299
0 2171
1 1621 614
1 803 104
0 581
0 1108
1 1950 126
0 2258
0 808
1 417 4
1 2183 554
0 1436
1 1251 432
1 62 955
0 1682
1 650 484
0 2080
1 2346 188
0 1647
0 2391
1 427 550
1 1196 553
0 730
1 1149 165
0 2752
0 2786
0 1903
1 1494 822
0 1330
0 2635
0 1542
1 414 188
1 2804 443
0 706
1 1812 258
1 2541 68
0 1705
1 776 653
1 940 555
0 2785
0 434
1 1925 68
0 466
0 624
0 430
0 2799
1 1484 739
0 2094
1 2397 513
1 1102 404
0 1106
0 2704
0 312
0 2389
0 1306
0 1516
1 2130 108
0 134
0 622
1 935 457
1 791 550
1 540 414
0 1993
1 2038 98
1 2093 758
0 1933
1 2009 239
1 524 106
0 2983
0 424
1 2218 356
1 1674 377
1 576 12
0 1341
0 1479
1 2674 929
1 1766 686
1 699 184
0 937
0 2204
1 2284 539
1 2707 410
0 414
0 585
0 2514
1 1154 1
1 1790 831
1 1463 759
0 581
0 2792
0 332
1 2567 324
1 2960 959
1 1950 666
0 860
0 893
1 221 406
0 1727
1 159 868
0 1872
0 1051
1 263 847
0 1541
1 607 107
1 1634 418
1 2551 719
0 2877
0 260
0 374
1 1526 681
1 1284 191
1 2576 62
1 626 405
1 473 539
1 1002 497
1 1207 482
0 371
1 2856 199
1 1786 458
1 2511 290
1 191 847
0 1733
1 1764 146
0 2389
1 100 213
0 2361
0 289
1 2773 771
0 143
1 2424 694
1 1209 503
0 719
1 1346 262
0 534
1 1614 649
1 1345 38
0 1444
1 2185 157
1 2474 236
0 1244
1 1435 749
0 128
1 1435 983
0 2154
1 2300 767
1 2834 760
1 2482 251
1 1871 644
0 1473
1 377 640
0 1613
1 2248 416
0 997
0 2846
1 1429 828
1 934 954
1 1700 69
0 2812
1 1078 62
0 2949
0 444
0 237
1 1412 241
1 2344 489
1 1710 485
1 1555 994
1 2735 106
1 1688 517
0 756
0 418
1 542 832
1 842 240
0 2614
1 1391 378
0 1174
0 2557
0 2782
0 2918
1 1386 540
1 843 447
0 1711
0 865
0 823
1 1717 654
0 2558
0 468
1 2721 210
0 1789
0 1621
0 756
1 89 25
0 1826
1 1863 669
1 1971 379
0 187
1 2941 956
1 1594 205
0 838
1 1054 910
0 2306
1 615 278
1 1722 31
1 2747 472
1 1662 334
1 24 656
1 2142 843
0 2082
1 1288 27
1 2819 216
0 1224
1 257 530
0 872
0 2977
0 2190
1 2691 661
0 1353
1 2260 728
0 2374
0 2843
1 654 993
1 1680 346
1 1247 371
0 2076
0 2954
0 202
0 283
0 1302
1 2837 962
0 1541
0 636
1 1307 9
1 1150 49
0 142
1 1172 487
0 2771
0 1
1 2540 307
1 93 419
1 239 72
1 428 33
1 1968 691
0 2588
0 2306
0 2850
1 920 343
0 2091
1 65 213
1 417 411
0 723
1 2374 493
1 2964 564
0 743
1 2646 63
1 1942 650
0 1599
1 2188 656
0 2883
1 1790 64
1 1002 805
0 2412
1 995 326
0 1488
0 1126
0 2009
0 1351
1 1931 340
0 1932
1 2546 359
1 201 706
1 345 495
0 200
1 2319 472
1 756 819
0 1918
1 961 44
1 321 264
1 2326 194
1 624 477
0 169
0 52
1 892 503
1 2738 17
0 2586
1 2089 197
0 907
0 1361
1 445 756
0 1117
0 2385
1 2212 838
0 40
1 1586 874
1 2659 118
1 1076 855
0 2692
1 2930 780
1 2372 686
1 1084 601
1 2839 224
1 857 960
0 420
0 1242
0 468
0 1685
0 2837
1 65 912
1 1307 955
1 1236 735
0 959
1 611 395
0 1526
0 2948
1 442 907
1 861 55
0 1672
1 2153 708
0 2341
0 129
1 2220 787
0 1371
1 1293 862
1 1064 472
1 2788 997
0 2735
1 1104 993
1 2316 399
1 987 273
0 2046
0 107
1 1817 711
1 603 269
1 976 913
0 2659
1 532 737
1 1529 399
1 434 502
0 425
0 2593
0 156
0 2805
0 2553
0 811
0 1325
1 1971 945
0 298
0 1548
0 1185
0 1045
1 959 795
0 1745
1 2695 169
1 2288 207
0 504
0 1876
0 1978
1 1777 302
0 1100
0 1811
0 455
1 2057 991
0 453
1 1099 247
0 2843
1 1837 364
1 1476 922
1 2332 285
0 2740
1 296 868
0 1620
0 865
0 2420
1 1492 476
1 1632 929
1 83 527
1 2925 773
1 2640 834
1 562 569
0 198
1 2532 811
0 1399
0 447
1 2294 581
0 965
1 2964 626
1 2244 929
1 2123 374
1 1895 656
1 1080 765
0 1648
0 164
0 2088
1 1654 486
1 2100 555
0 680
0 1011
0 1711
0 510
1 1917 999
1 291 413
1 298 818
0 62
1 2401 618
0 2579
0 1624
1 2542 377
0 2449
1 1362 195
1 2817 905
1 678 211
0 677
1 685 441
1 982 610
1 1395 745
1 1364 43
0 420
1 2978 313
1 661 761
0 2374
1 307 542
1 1432 220
1 1474 248
1 2158 688
0 491
0 1786
0 393
1 248 435
1 667 452
0 980
0 1041
1 366 767
0 1024
1 611 455
0 32
0 2126
0 790
0 1165
0 2813
0 517
0 1256
0 1991
0 1783
1 1335 114
0 2728
1 2356 494
1 731 801
1 185 680
1 1465 157
1 2607 322
0 887
1 2211 403
0 818
0 2033
1 1654 827
1 2119 817
0 676
1 1382 984
1 2183 253
1 1214 906
0 2722
1 1213 395
1 2451 881
1 1205 923
0 724
0 1116
0 1133
0 1847
0 166
0 1824
0 1858
0 1081
1 867 646
1 2473 368
0 685
1 1982 487
1 2805 691
1 1797 414
0 2912
1 59 540
0 360
0 1215
0 1604
1 612 36
0 1478
1 2604 302
0 324
1 1866 305
1 212 461
1 831 257
1 2757 520
0 168
1 2465 527
1 679 61
0 1102
1 107 987
0 140
1 1154 892
1 491 757
1 666 968
0 2180
0 2991
0 2907
0 1935
1 2922 400
1 1037 78
0 1460
1 2388 918
1 2241 57
0 394
1 1428 885
1 350 550
1 2084 81
1 2074 891
1 584 178
1 505 577
0 1894
1 1229 705
0 617
1 2406 857
1 1217 602
0 2644
1 2032 345
1 2407 428
1 2932 854
0 716
0 2240
0 294
1 1437 539
0 2666
0 358
1 2864 763
1 1893 979
0 221
0 281
1 1319 20
0 1099
0 1942
1 901 657
1 140 933
0 2307
1 2923 128
0 165
0 1372
1 599 213
1 1930 7
1 256 639
1 1574 658
1 24 497
0 2975
0 408
0 1241
1 451 547
0 374
1 799 538
1 2170 270
0 1734
0 2094
0 385
0 1731
1 1274 389
0 1298
0 1687
1 2337 94
1 577 786
0 1476
1 2866 853
0 403
0 2166
1 1879 252
0 972
1 301 672
1 2780 945
1 1068 594
1 2754 218
0 2200
0 2963
0 751
1 182 616
0 530
0 709
1 394 587
0 2958
1 2290 610
0 2363
0 877
0 1808
0 1226
1 1040 612
0 2298
0 2449
0 2364
1 1016 6
1 2386 714
0 2780
1 1857 89
0 1498
0 2197
1 1439 74
1 599 896
1 2512 287
0 976
1 2151 776
1 1867 757
1 2872 620
0 1938
1 516 941
1 957 206
0 1655
1 1447 445
0 1186
0 2722
0 554
1 376 881
1 2878 656
0 1744
0 1630
1 2384 367
0 1914
1 2197 651
1 754 238
1 1156 684
0 1982
0 2035
1 20 941
0 747
0 2710
1 1477 989
1 2241 970
0 1624
1 295 889
1 2843 892
0 597
0 659
1 164 651
0 1384
0 492
0 625
0 2501
1 2616 477
1 2956 548
1 1926 586
0 613
1 730 534
1 2621 997
1 101 655
0 264
0 858
0 341
0 754
1 1607 254
0 1575
1 2388 530
0 253
0 1566
0 1420
0 470
0 1519
1 1653 188
1 2659 961
0 2315
1 156 656
1 909 325
0 1514
0 2051
1 2178 932
1 2430 739
1 2522 510
1 344 166
1 785 819
1 1679 477
1 2835 792
0 342
0 1346
1 1123 822
1 561 224
0 90
1 1638 519
1 2131 40
0 1421
0 1272
1 520 90
0 2198
0 2938
1 2710 766
1 2508 112
0 630
0 1090
1 1861 152
0 1016
1 1501 613
1 892 719
1 627 990
1 1146 80
1 343 998
1 2726 707
0 2451
1 2772 426
0 57
0 1088
0 371
1 636 512
1 248 135
0 1966
0 439
0 2858
1 1386 463
1 383 654
1 2441 315
1 1006 86
0 552
1 1450 991
1 1820 60
0 2683
0 1644
0 1146
0 1699
1 268 556
1 2005 371
0 2740
1 2504 180
1 1662 186
1 1244 89
0 45
1 2031 216
0 427
1 824 423
0 2321
0 1117
1 1002 25
0 7
0 2980
1 770 835
0 2460
1 2814 235
1 903 503
1 1334 885
1 824 664
0 1999
1 667 319
1 1784 279
1 1808 757
1 2202 88
0 323
0 2257
1 1770 423
1 1861 325
0 1997
1 107 700
0 770
1 1832 207
0 502
0 2750
1 1904 557
0 1787
1 1328 767
1 1602 375
1 724 797
0 2936
0 803
1 482 910
0 667
0 1283
1 238 897
0 2616
1 1483 871
1 2723 9
0 1050
0 446
1 1501 11
0 2650
1 1014 122
1 298 956
0 1280
1 1038 562
0 1275
1 173 242
0 2007
1 1712 729
1 726 131
1 1524 486
1 534 564
0 477
0 1221
0 2874
1 933 506
0 1970
0 2971
1 581 143
0 1739
1 2652 803
1 1123 880
1 72 403
0 522
0 760
1 2117 337
1 691 562
0 1624
0 219
0 838
0 1893
1 684 81
1 185 733
1 1414 207
1 126 279
1 2322 800
1 82 419
0 770
0 2391
0 2681
1 1102 900
0 2291
1 1203 60
0 2635
0 1307
0 581
0 2926
1 198 204
0 2871
0 2353
1 125 53
0 87
0 2404
1 2513 857
0 2175
0 810
0 1206
0 363
1 591 82
1 663 7
0 1212
1 2650 83
1 2354 386
1 758 459
0 1904
1 598 416
1 616 942
1 1777 670
0 709
0 2600
1 466 8
1 1824 240
1 2737 889
1 4 594
0 395
0 155
0 607
1 1470 374
0 2437
1 356 214
0 2480
1 1369 80
0 2186
0 591
0 1326
1 1097 567
0 1100
1 1123 495
0 1278
0 2821
0 1189
1 1138 625
0 1493
1 1846 973
1 566 404
1 104 842
1 1464 167
0 2561
0 2223
1 2949 346
1 2163 975
0 2335
0 413
1 1460 37
0 2953
0 938
0 1690
0 1680
0 1958
0 1407
1 2039 851
1 1476 74
0 1424
0 1203
1 1745 427
1 2419 191
0 879
0 1243
0 2805
1 2811 846
0 1842
0 344
1 1681 117
1 1531 802
0 956
0 1354
1 1701 291
1 2479 914
0 669
0 823
0 659
0 52
0 2167
0 1577
1 2171 920
0 1203
0 824
1 1838 403
0 2688
1 2471 388
0 2644
1 1664 236
1 1080 58
0 2091
1 2888 633
1 2136 209
0 1307
1 2659 861
1 483 946
1 1237 987
0 344
0 1133
1 452 350
1 40 588
0 449
1 1279 215
0 1263
1 446 471
0 2104
0 1743
0 466
0 1910
0 1165
1 2916 861
1 1048 954
1 397 63
0 2336
1 2699 759
1 2913 421
0 2059
0 615
0 2322
0 237
1 1735 166
1 2257 330
0 2172
1 2907 219
1 1766 968
1 1016 303
0 714
1 2043 979
1 187 37
1 1153 179
1 2070 767
0 804
1 262 60
1 1761 584
0 2019
1 2650 784
0 208
0 1424
1 216 189
1 1194 22
1 1230 426
0 2760
0 2522
0 2513
0 810
0 1088
0 2239
0 2930
0 825
0 2392
0 490
1 368 858
0 908
0 303
1 919 884
0 1371
1 1857 244
1 1721 272
0 2199
0 810
0 1382
0 45
1 669 788
1 1159 681
1 1368 790
0 338
1 2410 256
0 1116
1 1970 972
0 195
0 492
1 1243 851
0 2680
1 1129 76
0 1797
1 994 307
1 215 26
0 344
1 776 105
0 1103
0 949
1 1192 169
0 236
0 2848
0 863
1 1510 798
1 1937 938
1 1800 931
0 696
1 2846 380
0 2561
1 2297 532
1 517 832
0 2061
1 299 648
1 498 478
1 383 339
0 1748
1 312 262
0 1595
1 2474 444
0 2854
1 2840 9
1 723 618
0 2554
1 1861 905
0 1508
0 1798
1 1846 533
1 2221 280
0 2884
0 1730
1 974 203
0 1605
1 1908 444
1 1192 518
0 992
0 683
1 679 983
0 2947
1 2048 145
1 2724 365
1 26 248
1 2107 78
1 310 702
1 1365 610
0 1133
0 1430
0 1496
1 2199 699
1 1533 761
0 2665
0 1325
1 2884 689
0 261
1 163 368
0 1676
0 1067
0 1393
1 1057 525
1 2486 42
0 689
1 725 570
0 1485
1 1789 645
1 2116 880
1 2091 493
1 2605 860
1 1632 888
1 776 632
0 1832
0 1742
0 1550
1 2357 141
1 2278 265
0 1028
0 2325
0 2521
0 1215
0 1049
1 1567 908
0 198
0 565
0 130
0 508
1 869 176
0 1988
1 1680 832
0 296
1 2188 349
1 641 869
1 1855 831
1 1470 397
0 850
1 197 766
1 327 893
0 964
0 2304
0 1452
0 2534
0 2699
0 1146
0 529
1 2879 749
0 2085
0 2869
1 327 919
0 1624
1 873 245
1 1765 373
0 1229
1 611 680
1 496 315
0 677
1 1855 557
0 2085
1 2926 169
1 146 722
0 1064
1 1186 531
1 2431 324
1 1155 433
1 2535 395
1 2100 243
1 1716 919
0 922
0 402
1 2132 679
1 1016 824
0 930
0 1075
0 2122
1 1897 797
1 404 229
0 2938
1 2764 389
1 1505 105
1 1410 378
1 2163 384
1 2841 909
0 1016
1 1742 254
1 1208 375
0 105
1 1000 508
1 1337 797
0 1452
0 1296
0 1641
0 1718
0 2097
1 754 894
1 2014 706
0 169
0 2692
1 2654 419
0 110
1 1512 969
0 2848
0 1772
1 1950 67
1 942 202
0 1960
1 1908 65
0 331
0 248
0 2599
1 2812 701
0 2230
0 2513
0 1724
0 2216
1 2598 339
0 1899
0 2534
1 958 210
1 2607 117
1 501 799
1 1100 567
0 145
1 945 548
1 1157 60
1 2880 892
0 1803
0 2739
0 2091
1 2262 931
0 2471
1 2764 939
0 616
0 1943
1 1655 187
1 1385 131
0 696
0 1170
0 2518
1 930 673
1 668 401
0 2515
0 2979
1 485 412
0 2424
1 402 512
1 2117 167
1 1329 903
1 439 598
1 1609 126
1 374 407
1 1979 75
1 2675 941
1 5 612
0 1416
1 876 476
1 2387 181
1 2905 721
1 1807 742
0 1404
1 995 882
0 1368
1 1132 346
1 733 373
0 1701
0 1970
0 1793
1 1028 620
0 766
1 786 671
1 2734 829
1 1768 585
0 114
1 1649 481
0 2780
1 1171 864
1 2177 564
0 1146
1 2423 865
0 2394
0 1861
0 2521
0 1769
1 2711 734
0 1295
1 1838 112
1 318 217
0 2847
0 1446
0 2915
1 379 60
0 153
0 2524
1 1011 384
1 883 266
1 488 328
0 2212
0 2098
0 734
0 1718
1 131 565
1 1929 313
1 290 691
1 1718 843
1 1241 740
1 2976 181
0 1593
0 1374
0 1037
1 2543 487
1 628 35
1 1282 518
1 2673 446
1 979 87
1 696 156
1 2689 397
0 2692
1 1439 226
0 2533
1 2237 922
0 2131
1 1874 758
1 2929 391
0 2548
1 2108 831
1 2194 804
0 1350
0 129
1 1581 820
0 372
1 2489 904
0 2077
0 2237
0 2584
1 1317 378
0 2707
1 586 122
1 1769 867
0 2572
0 1042
0 1435
0 1827
0 664
1 1652 504
1 1352 581
1 588 139
1 1697 455
0 87
1 334 25
0 481
0 1854
1 2716 160
0 2962
0 2410
0 201
0 1690
1 928 495
0 860
0 1142
0 394
1 1453 688
0 966
0 1301
0 854
0 806
0 808
0 2945
1 2911 706
1 111 130
0 2314
1 446 220
0 274
0 1267
0 1551
1 354 827
0 726
0 693
0 1571
1 309 730
0 254
0 429
0 1112
1 441 415
0 1850
1 425 118
0 2137
0 2151
0 160
1 2865 548
0 343
0 2512
0 1442
1 1995 608
0 197
0 736
0 2928
1 2075 484
0 286
1 1142 122
0 1230
1 1435 389
0 1652
0 2059
1 2881 922
0 1322
1 957 282
1 1505 670
0 165
0 1780
0 432
1 2876 44
1 1997 792
0 620
1 268 98
0 556
0 2927
1 782 889
0 2875
0 2742
0 1701
0 349
1 2359 481
1 143 284
1 2538 933
1 2329 812
1 906 79
0 1487
1 2257 765
0 391
0 1881
0 849
0 361
0 1385
1 1766 96
1 222 238
0 1905
0 1110
1 455 921
0 1712
0 1632
1 2336 240
1 2108 630
1 1340 247
1 314 607
0 1699
1 184 146
0 757
0 738
0 2861
0 2597
0 1119
0 2378
0 2462
1 1156 54
0 615
0 2911
1 2281 428
1 2240 846
1 259 382
0 2172
1 549 909
0 409
0 1099
0 225
0 452
0 1743
0 552
1 324 166
1 234 119
0 1661
1 2406 859
0 16
1 573 187
0 1121
0 2583
0 1553
0 2603
0 2962
0 1525
1 1137 76
0 1460
0 2032
0 712
1 706 801
0 2916
1 1619 507
1 805 587
0 252
1 485 156
1 440 285
0 846
0 218
1 2237 420
1 2477 452
1 540 649
0 1341
1 810 252
1 316 735
1 1255 691
0 2128
1 1433 681
0 69
1 164 229
0 2145
0 2185
1 1942 988
1 2833 636
1 1173 239
1 2776 108
0 1863
1 753 553
1 2880 80
1 561 46
1 108 209
0 224
1 1955 760
0 1248
0 122
0 2735
1 2605 973
0 2381
0 2473
0 1918
1 1147 327
0 2227
0 665
1 1134 124
0 976
1 2890 931
0 236
1 1854 710
1 1940 853
0 264
0 1947
1 1651 541
0 1876
0 2644
0 1265
1 2997 889
0 1121
0 977
1 1314 907
1 1549 788
0 2610
1 2070 814
1 2334 992
1 381 643
1 346 870
1 2989 202
0 1856
0 1049
1 2319 121
1 2138 786
1 63 686
1 194 296
0 2263
0 2942
1 2453 203
0 2447
1 26 316
0 366
1 2059 221
1 107 428
1 2579 260
0 364
0 2937
1 578 130
0 1204
0 1157
0 1692
0 2699
1 55 406
0 1723
0 2114
1 1715 686
0 1822
1 44 400
0 2918
1 1425 854
0 2003
1 2565 206
1 721 703
0 1682
0 143
1 2159 243
1 2167 357
0 1233
1 1707 54
0 1750
1 2935 19
0 1360
0 1141
1 2560 705
0 2639
0 2973
0 458
1 2255 194
1 1498 3
1 206 52
1 599 758
1 1810 860
0 1744
1 2821 455
1 961 168
0 1665
0 651
0 2763
1 1251 840
1 796 75
0 798
1 720 201
1 1671 311
0 832
1 49 575
0 2869
1 1501 829
0 2513
0 1339
1 637 454
0 2239
0 2296
1 368 163
1 1195 882
1 656 904
1 2508 735
0 2908
1 1614 776
0 466
1 2943 330
1 1634 845
0 87
0 1379
0 771
0 1098
0 2948
0 2166
0 300
1 1729 160
1 2943 67
0 1908
0 2211
0 1150
1 407 654
0 1251
1 1577 78
1 2659 200
1 1109 132
0 753
0 918
1 1070 646
0 1578
1 1982 746
1 2176 309
1 677 814
1 330 304
0 2123
1 1010 647
1 2209 934
1 1692 521
1 692 438
1 2114 435
1 691 726
0 436
0 280
1 1201 957
0 530
1 2564 814
0 2147
0 759
0 2735
1 1738 426
1 2840 470
0 2697
0 787
1 2273 513
0 60
0 2852
1 637 808
1 1519 798
1 684 910
1 859 20
1 593 63
1 2371 627
0 1840
0 2547
1 118 366
1 982 586
0 770
1 612 759
0 380
0 1746
0 960
0 2244
1 2026 814
0 1089
0 2133
0 2323
1 1397 869
0 1866
1 2142 847
1 2598 617
0 562
0 1261
0 3
0 1355
1 13 950
1 2039 115
1 127 939
1 2545 261
0 941
0 149
0 67
1 5 590
0 621
1 2448 995
1 740 349
1 2446 663
0 748
1 1571 862
0 2049
0 2472
0 61
1 237 894
1 395 960
0 400
0 2199
1 2802 647
0 2315
1 2067 835
1 729 719
0 2874
0 2144
1 41 944
0 1985
0 2962
0 2602
0 2968
0 593
0 1813
1 1738 966
1 104 280
0 2171
1 1062 251
1 1344 477
1 840 92
1 135 531
1 2843 492
0 2444
0 2092
1 1069 458
1 1212 547
0 353
0 2117
1 1525 582
0 1775
1 1989 251
0 2828
0 565
1 2225 468
0 2068
1 2248 544
0 1956
0 1844
0 2176
0 960
0 2393
1 1760 917
0 2404
0 2478
1 2294 475
0 1988
0 1885
1 506 689
0 450
1 527 484
0 1491
1 1070 18
