2000 3000 3000
1833 732
1434 1875
239 1454
1768 741
1979 1096
441 1071
1836 1038
971 649
1798 377
85 1687
1917 466
942 1030
1077 1164
661 1981
1393 1556
960 1226
288 745
1100 526
199 1219
1618 177
314 59
1248 501
1096 218
1502 1245
946 1586
1283 862
404 224
1892 1480
1739 904
1812 1132
459 771
709 1098
1868 1808
1976 66
1026 1593
594 1692
3 193
544 1450
762 45
694 1708
1983 1976
569 386
552 812
217 642
67 28
125 878
1151 833
1975 1018
640 1950
1435 18
1895 28
61 1897
573 956
1699 1334
1001 744
1393 1335
1072 314
1720 1623
1477 288
616 1896
315 741
773 1465
1573 1099
834 565
1049 268
934 1295
648 1346
1543 1220
301 1241
905 1301
337 650
635 1408
963 706
1382 791
993 1997
686 1660
737 1458
1476 662
557 310
1578 1957
577 511
1603 1576
1856 1145
795 156
738 52
1809 1074
701 795
481 1663
1501 1862
453 845
210 1139
504 1299
948 1980
1960 1856
641 1537
1812 1217
399 1414
793 606
911 1939
1113 1648
1990 1273
721 690
68 1553
704 1920
1766 1509
764 1975
647 1268
1273 1946
1599 1232
1802 239
1120 1613
1807 1870
1379 951
827 289
890 1940
288 1231
1212 1008
1921 1631
912 976
1550 677
484 314
651 1482
1933 1924
1428 1883
1507 1581
121 979
1193 279
848 923
1230 27
1563 471
1966 1850
1701 1529
857 1973
1512 120
1301 1061
796 1784
1374 1447
1266 1658
1722 1045
1540 1228
625 12
206 169
643 1406
1444 1872
1432 1006
694 1749
856 746
1629 64
1071 1140
184 371
201 979
506 1926
777 123
1936 498
1167 1827
78 143
1839 283
664 481
40 107
704 1823
1112 1749
1923 319
494 1552
383 1916
1043 566
638 1243
1896 1144
1521 673
1266 1456
1170 785
1282 1247
1279 1472
1882 1942
304 273
400 1007
96 1864
1107 18
182 1953
1921 564
1868 964
1481 506
558 1377
1649 430
49 1266
1885 1570
402 1519
1169 33
1342 1050
326 1646
1674 726
1004 1769
941 111
139 1122
63 411
38 282
1374 1518
787 284
894 787
713 1294
405 950
864 1158
820 32
1190 161
1433 1516
158 1106
593 1514
1227 1533
1624 1365
654 38
127 691
671 1853
561 1810
136 1454
948 848
748 1352
149 1963
862 968
1994 51
1129 1426
1918 1638
531 510
1151 1757
42 1126
1473 1048
1515 1952
90 186
1804 650
1995 1939
456 942
1138 1555
646 1287
1517 1507
254 1510
1909 1734
1287 1827
1372 169
336 522
278 730
1648 1750
1777 1514
53 1866
1699 1856
516 45
1794 1323
1339 932
877 1984
218 393
1842 471
254 1750
557 1540
1708 264
801 1985
1345 800
87 1121
314 139
1338 364
1995 1853
409 140
1527 1747
1423 403
82 1640
795 275
463 1048
376 1371
939 304
1298 647
919 98
983 263
898 1421
1735 1563
1560 1072
1926 1906
1277 334
397 803
432 1820
1206 865
1811 2000
1491 625
1400 1867
1995 690
522 1644
1336 1792
94 671
54 1343
91 1788
905 2
859 830
259 135
1516 1008
1290 299
1179 495
1516 989
846 1006
1966 245
1224 312
935 97
1956 622
1888 49
1644 293
1391 87
432 295
440 1643
1476 1051
129 1343
58 1418
1994 1236
1912 1509
576 758
866 541
1354 442
853 640
538 1160
1614 778
1208 1609
1070 950
1695 1502
1596 135
1496 1423
1185 1624
766 1594
1042 759
829 1305
619 1756
62 1484
297 1768
1925 1501
759 815
1012 372
1592 571
1520 27
514 1467
513 361
889 49
1985 6
1642 1026
764 822
682 1734
578 744
1218 1226
863 1494
1078 1621
308 89
345 1899
659 677
912 530
703 1777
1996 1568
138 1236
1616 122
1242 1610
1499 357
431 532
91 1008
1627 1660
585 489
1153 1662
462 1461
1750 806
1711 760
1482 974
1289 536
751 1636
455 1240
1224 423
1713 465
32 1563
1173 462
94 1615
1822 1721
1274 406
209 779
68 670
239 169
1827 301
929 1660
1275 569
548 25
205 1002
1616 1428
1776 1328
244 1807
890 1416
621 983
1383 794
1055 656
1551 1264
1434 1970
285 24
139 464
325 1067
123 1599
1635 1022
1975 191
376 1942
1618 151
1269 213
1958 510
1981 930
1492 1363
1723 547
370 1273
162 156
1243 798
531 1733
1261 855
1151 1736
805 785
757 1131
1328 1484
1072 1297
1635 692
1510 1944
1201 1490
873 1045
1204 947
1591 1573
571 104
80 165
901 611
1897 514
1465 1047
249 622
184 1357
104 1511
841 1528
807 827
219 668
1122 1420
509 346
464 1712
1292 406
1637 214
861 1716
379 113
326 275
626 143
1322 1226
1116 1857
935 1219
1367 127
746 525
1305 965
1193 426
736 1701
771 1199
1765 414
1956 1401
627 816
1116 1005
928 1794
1632 1906
1936 953
1483 1051
1161 417
621 527
895 1367
1403 199
331 595
624 1418
648 1394
968 412
159 923
164 786
90 1631
1790 1369
1424 1773
1274 1711
725 1109
761 237
1525 1382
763 420
1100 166
970 1782
1112 1594
1199 1759
1339 166
522 1498
1440 685
283 1529
668 424
897 91
197 523
1802 1273
1631 914
1510 1507
647 624
278 1746
1141 1248
1527 253
1193 1077
363 531
1242 1237
380 681
273 1014
561 940
1790 1458
1031 1986
332 1184
1610 1962
97 1471
1820 744
447 98
841 1587
1345 720
1839 537
1796 554
1419 1390
1790 1799
422 62
812 983
1002 601
792 384
938 1475
1567 900
1788 1663
370 1607
758 816
1704 1951
755 1400
670 593
288 817
1146 1707
558 1287
1857 980
1349 668
314 350
1621 1457
1085 910
931 651
1809 718
313 531
324 1423
1698 380
1373 452
131 394
1397 419
1562 894
477 120
181 333
1099 1881
1352 1764
582 1324
1220 1666
234 502
316 394
1219 980
924 1894
402 974
625 126
1777 756
871 1173
1526 433
419 354
552 951
686 2
831 389
1765 1764
65 1336
1429 298
1837 96
1043 1407
1075 319
1652 1829
1292 277
306 1068
1384 1177
593 1261
1609 1363
1614 512
665 651
513 1495
1039 629
1610 1103
316 1390
1752 152
1485 795
1910 911
1465 1561
1091 756
189 1397
175 1572
925 1119
832 885
833 445
1396 1497
1095 260
1343 486
888 952
1940 1203
341 44
1706 177
1190 1967
1088 654
1527 178
1409 68
1926 1935
1639 850
1406 823
86 238
1619 1481
1735 714
92 1077
1551 979
29 1842
533 721
1885 590
898 1074
908 337
1727 435
514 1487
854 792
1422 492
1993 827
1666 79
1416 1285
1911 1150
350 3
579 1900
1333 959
1741 218
1679 1978
807 928
1051 1715
1264 1130
501 130
616 1354
921 389
197 913
1567 1863
991 1335
1499 1254
484 1848
1256 1062
99 940
20 1839
1157 51
168 316
1330 1571
382 594
700 1234
723 1667
939 1643
408 1135
907 326
1349 250
1660 847
1503 144
1046 1110
1557 1144
49 1929
1335 1558
331 1502
1873 1660
1072 606
253 123
1839 1327
1790 777
1321 197
263 228
522 1964
477 182
1162 331
677 208
1440 585
1351 1840
513 685
1397 843
187 1621
503 1610
226 1107
1733 64
434 1522
1192 1754
70 1455
1981 943
1418 809
1476 579
1139 504
786 930
1089 137
770 1601
1173 518
796 1359
139 1298
969 364
756 701
780 1189
574 1971
943 995
1777 1275
1937 1546
84 1765
477 1574
268 1262
504 1356
1750 1625
1309 1275
494 104
633 632
1753 1953
1348 508
1005 479
1697 1930
449 991
924 578
617 1213
123 1052
977 599
626 1596
213 1481
952 314
1457 260
1588 1950
715 573
934 467
525 281
1326 1882
759 1374
1811 1559
364 1087
488 981
299 611
32 1627
1561 1009
1574 1773
841 525
439 297
1136 26
247 202
598 1532
668 1475
1812 346
1356 922
1719 1518
832 435
604 1320
1767 1254
282 150
1232 1842
1159 806
1967 1999
1682 405
648 1170
782 1246
1371 1732
777 391
1206 940
736 913
213 806
782 1044
1240 1386
715 1006
991 1348
1156 223
1542 314
1380 1860
664 1061
616 1663
230 1397
908 1953
1128 1684
343 685
975 1430
1949 1187
235 731
583 1475
468 1297
832 1458
997 1987
32 538
652 1411
749 1668
824 1364
1330 1405
760 238
1357 240
273 51
1276 1248
1832 1225
434 67
307 1016
1893 774
665 724
231 13
1063 615
902 1714
25 1650
1733 1200
1013 1063
605 124
1300 313
715 1924
716 1991
1171 547
1567 1957
965 225
972 1209
998 1988
285 1580
2000 1347
194 901
1412 571
902 1145
1770 1914
559 726
390 1858
1039 1104
133 106
1446 1304
652 1012
1260 1617
1236 583
1177 585
923 1461
165 1274
807 710
527 571
1632 1428
67 1754
1342 625
479 83
834 1869
1186 966
1974 632
621 978
1995 1880
594 1583
815 122
167 1737
1583 683
1010 741
1745 1536
1663 1376
964 1729
1129 657
705 1960
739 1538
1828 276
856 154
1259 1476
1131 1254
1708 76
1188 874
197 1354
610 1779
389 1971
872 485
1859 534
1860 822
263 1341
1830 1319
1300 920
857 1479
1547 64
1632 806
1891 1114
59 1950
1189 1246
823 1738
951 1784
1516 1691
1755 739
175 1613
1273 387
786 1887
79 967
1205 1378
1886 413
1208 1432
828 1192
237 719
305 647
668 1494
244 1843
1231 1547
1626 1098
1237 1380
189 1764
1344 1461
502 129
1699 580
1095 903
309 1332
1668 1516
1116 495
707 1704
1565 1364
351 233
1209 946
75 791
492 52
1888 81
1432 76
1844 1127
1888 697
1256 1586
1276 702
841 1584
34 860
1451 1501
1354 510
1204 919
1873 1906
1503 1081
852 1929
1871 1695
1980 110
1775 1763
538 1970
890 777
666 497
715 293
1550 1555
228 1583
414 1679
1435 119
540 639
1389 764
544 1243
196 1747
1171 66
1442 1503
527 1216
1617 1416
1186 858
193 203
1354 907
496 904
813 1075
838 1578
753 625
48 1644
1263 1437
407 158
679 602
1905 202
1019 1346
56 1898
913 1672
1665 98
882 1857
653 587
1115 1500
1490 279
574 680
208 1679
1656 256
1322 918
44 81
1075 1074
1034 1331
1627 405
676 1682
302 1589
1706 1966
38 587
175 1042
1173 1641
541 1015
272 1115
46 479
1145 1701
1086 466
970 1129
898 396
555 1932
1727 181
336 402
1863 989
342 1920
1306 732
858 1832
1773 30
1473 314
1396 96
1780 1441
574 924
1493 1660
1741 462
1140 639
1210 1694
922 936
1875 1257
1689 89
597 31
8 254
762 865
86 886
1246 1910
1199 642
5 1330
434 930
253 279
941 346
1092 81
984 301
126 1905
1236 2000
1513 1277
440 461
1307 799
714 420
15 1151
1305 1261
1412 856
254 1768
185 1039
698 790
1669 1638
1135 761
70 470
1413 196
726 1001
547 590
277 1339
1050 1583
137 115
354 152
1618 1658
1764 1029
865 17
797 1050
1407 1846
191 1076
1835 1325
188 1905
146 1600
452 871
600 1350
1812 876
688 1213
810 825
1327 1163
1328 944
1173 1091
325 37
1459 1473
1438 865
1318 1628
292 1152
1304 479
1408 1801
79 211
1023 1030
1561 834
258 248
46 1067
1424 1725
582 751
1020 106
193 1344
494 1651
816 1932
868 485
1911 1159
1637 1567
1638 1396
1367 68
1607 390
1097 1167
1223 1354
1766 1621
773 1542
1345 1706
644 364
1811 837
60 304
487 1227
587 1706
1712 498
865 1348
64 854
743 1782
921 701
171 369
1867 1746
75 1985
1718 847
1526 1414
552 521
1777 714
1357 188
1369 196
1415 1956
1901 1126
805 765
825 1220
1970 1919
1001 890
620 1524
1611 838
1621 1685
1174 1338
883 1051
751 1786
1572 879
851 1280
1419 219
1475 833
174 1728
310 1330
492 1134
549 814
1404 1902
1703 23
1777 1665
1213 1397
1349 386
1086 583
1437 188
720 1360
1066 1570
639 484
1789 114
1668 314
1841 1977
1644 684
1110 544
1497 866
797 1552
888 573
1216 452
321 917
838 1406
1851 626
1593 571
1985 1011
140 975
1846 280
1088 1514
594 1280
1490 589
316 952
1484 164
1817 633
1715 1056
1205 1283
1508 1878
551 697
1635 401
1674 1580
971 1658
590 1463
632 787
1742 72
300 687
1703 142
1275 18
1445 1111
534 1613
1743 248
1020 1299
1882 527
1176 432
1575 811
1185 1248
742 155
1257 1683
1969 241
469 1711
664 1121
397 366
1262 24
736 1058
1134 1269
670 1228
1868 1689
526 102
568 1702
533 494
864 1717
1742 1605
224 1350
1287 192
1942 107
254 605
1227 1003
1323 840
1378 58
1897 511
1678 918
1738 1897
959 615
1998 1878
316 883
371 1531
599 464
1135 1174
1814 773
1718 1755
1232 1971
712 458
973 34
1650 702
443 1898
1212 472
816 1301
368 1774
1916 718
1651 583
1600 373
114 550
837 1600
1724 1002
725 1793
1108 1956
1763 171
765 1088
204 414
1789 998
312 1353
1469 1479
1005 189
1604 1272
1258 1606
1855 857
1978 320
1758 1166
271 1833
519 995
1625 1627
1302 1740
149 67
827 353
832 967
1702 1495
671 1171
1325 1676
1711 928
1299 968
885 1153
176 863
1824 1933
380 95
1766 899
1089 1742
877 391
1481 1025
809 659
1729 1992
1626 1431
1839 648
953 1163
323 663
443 1622
1982 1327
1126 157
541 950
89 921
1396 206
171 484
1948 1399
1226 1780
423 386
439 504
378 416
1934 216
1063 1238
1730 1738
1900 172
1711 1881
1499 1188
389 39
489 829
1311 1884
1387 1481
720 1686
879 1945
1465 1654
683 1903
157 1412
670 442
1627 85
1679 1708
1822 1930
1880 1884
162 1378
1423 550
1768 1912
1378 1079
1795 1116
559 866
801 1438
1163 266
1443 1845
520 1599
1256 1190
392 1234
1626 70
941 1447
1999 820
1682 160
549 1104
1061 317
1367 790
1395 1162
1906 305
27 706
1742 1189
971 1536
1385 1843
1134 640
1032 1877
225 657
1946 1166
455 296
337 488
807 1238
1943 1867
1554 1310
657 1300
823 562
1604 1201
1619 1698
742 590
1233 126
432 719
1118 1815
595 1342
823 893
859 1629
1188 1548
468 347
785 410
213 690
1719 1221
1989 893
134 1944
94 1753
1641 835
694 1226
960 1477
1944 77
1643 890
1771 465
134 629
445 1322
176 1264
1668 1312
1673 232
1 1744
1453 341
636 1586
285 729
1338 277
1563 383
1502 875
1859 1797
1303 1501
1039 1073
317 1172
54 761
845 581
24 864
1893 49
1096 1893
144 900
586 779
837 870
1860 175
1498 1774
557 1352
648 768
1500 1951
268 538
1375 585
62 1428
1697 906
9 73
122 253
121 1217
145 264
468 1082
1394 1304
303 1253
1830 1801
1027 739
1152 26
1506 1003
1976 1773
1541 1703
357 1954
1130 54
1211 1490
478 1332
1742 598
900 239
1213 1367
1320 606
671 1975
211 852
1775 1237
1590 1278
1614 1095
280 1590
1220 172
1644 1576
125 1125
1981 1688
967 458
1019 708
1407 1919
1298 971
1637 970
1929 659
944 139
1511 1070
1727 1100
347 1340
547 978
1281 1766
1502 924
1693 1626
401 26
1313 1367
835 684
74 242
954 1724
1564 590
1045 1492
1249 1988
1630 1111
1409 1708
562 107
1048 1108
1084 680
873 585
1956 918
563 356
943 227
1722 1777
910 147
370 1863
222 286
805 1266
1777 405
1605 1759
1515 1013
1466 76
1119 865
1184 555
1545 408
1139 1500
1677 53
207 619
280 1928
748 1541
74 1469
1756 296
1754 912
1913 1883
1316 1518
1641 830
530 1458
1257 1
323 440
555 219
1200 45
70 1228
98 276
199 729
203 946
269 628
766 376
1275 872
1287 1188
754 602
705 394
1783 1586
203 1040
1586 525
1831 492
743 1382
537 812
610 986
1087 808
1714 1641
105 334
269 870
710 1543
1741 1996
1082 846
950 1786
1591 732
1372 1794
1771 1309
318 1954
153 1413
1335 689
576 1944
1674 1663
751 1739
1655 855
72 1923
77 781
1818 1817
1129 899
1015 78
1037 605
1161 760
398 1284
420 1068
1237 572
480 571
1612 1055
515 1637
1069 1617
1375 724
824 1447
998 900
579 1167
1068 59
418 82
488 1454
687 1649
565 1084
932 984
503 520
1908 982
1090 1519
389 1956
1156 1457
1925 882
532 748
680 1882
1647 1611
1048 714
1669 1817
796 157
1622 1834
1805 186
917 1088
1522 1772
1607 1429
753 1048
1299 1493
1356 806
950 1280
1688 1833
379 719
1714 25
329 1114
1090 1998
1282 1885
154 904
1718 310
1441 987
1397 962
758 1355
742 1862
754 41
1355 461
846 656
92 885
488 470
1604 554
846 1932
19 1936
1929 1300
1820 434
203 1890
743 1996
1228 491
957 337
197 51
198 1303
443 1904
1763 1288
559 1855
525 1399
676 128
304 1522
411 322
1457 692
1621 1628
1125 176
1869 220
171 1096
1062 1479
1784 1259
1881 334
561 323
237 675
1963 1148
881 487
898 1557
966 1201
1430 1728
1522 1238
419 1494
865 1896
21 1086
467 543
181 1528
22 317
1138 254
650 50
577 886
725 539
385 1957
1377 1282
1865 694
482 1294
421 355
531 1192
201 1748
1439 221
833 1905
764 1365
1784 1137
1681 922
1390 330
1323 318
1568 399
1208 1952
356 584
1234 220
1629 1715
1866 402
422 396
1593 622
143 1031
1194 1327
1287 309
692 1422
1797 372
695 1539
1054 18
1856 621
416 1064
572 1123
1999 1805
1695 1980
1872 1560
381 645
307 1973
1618 450
1355 811
128 993
1472 819
414 1620
1543 1109
1158 596
1126 1014
1568 1893
429 491
1016 779
296 710
758 519
621 1138
1163 927
1462 1132
1728 1168
294 1856
160 1765
1026 926
1385 568
34 894
1515 1511
1907 1434
1755 687
1925 1122
1818 572
183 575
1090 803
65 604
1730 1878
87 1457
1046 380
1664 1557
497 690
834 1881
1609 1219
774 1476
729 1033
909 836
71 833
1957 1888
1404 140
815 845
1294 879
1800 1023
756 1886
832 153
266 847
62 762
1536 895
994 1497
114 119
972 1194
1503 232
381 1574
1065 338
1813 820
829 627
17 122
1505 168
1497 613
54 328
1117 671
1174 1178
1784 1062
425 1129
558 890
1247 1881
83 750
112 816
675 1528
1153 487
700 1981
1466 1068
454 1322
1235 1950
1934 1640
629 1403
662 1803
932 445
1216 1356
1573 125
245 1172
357 680
273 468
1495 947
348 999
1785 1047
1331 1250
466 1784
572 1700
1734 857
1692 362
259 353
516 1191
798 83
898 722
207 1495
1893 563
526 165
1383 372
1463 1730
1370 1248
1128 700
497 1945
835 1420
1996 920
277 1687
1634 887
40 501
77 1189
584 1327
1910 1142
821 1803
57 1346
319 1439
1717 1782
1520 1438
1029 999
489 1877
943 1323
1649 938
595 1925
977 228
1163 1016
728 1240
204 1311
918 465
805 1738
619 861
1435 938
299 1503
719 170
1520 1780
327 462
1454 1975
1751 48
251 727
275 1414
94 1355
1005 649
1017 1922
1114 1821
1659 1732
681 1445
1021 1331
947 91
1852 238
189 1371
17 868
1832 1470
842 1935
1870 1093
1013 496
506 1107
1850 1510
1755 1219
1431 1220
1039 1441
1304 72
1237 324
1754 183
415 1606
772 955
976 788
1822 1160
609 664
1446 478
108 458
974 613
1916 1175
474 1671
393 256
1242 1784
48 545
1855 1284
1221 1608
1818 1635
1565 589
589 541
1728 763
52 688
1778 1497
1518 1885
1954 491
849 1870
17 1322
1892 762
1577 1133
545 1976
30 751
1259 1250
710 1076
1236 275
16 176
1167 1743
938 1218
782 715
714 299
951 1019
1141 1799
888 1158
1120 1131
271 1048
616 815
1023 645
1565 633
246 626
60 1481
900 75
8 66
169 946
1635 951
12 348
1601 963
1367 742
761 606
251 233
1737 521
1632 352
1335 655
1348 1251
1639 1593
1876 1699
1425 1128
125 1432
1545 294
729 1180
1596 1093
1879 1196
55 1245
289 1167
203 539
1399 1939
1059 1031
642 393
37 341
1995 1675
285 223
1725 1709
1350 1850
1492 894
495 573
425 90
1665 304
1637 1719
1900 1926
885 102
816 636
392 1875
18 1385
619 54
1725 614
80 9
1188 1805
69 889
1654 1913
134 148
485 559
589 149
1214 577
219 1113
854 1455
1567 1670
90 310
1544 459
47 514
512 1771
1479 944
132 666
1100 552
1554 753
464 1688
1252 1300
598 192
1448 1811
1120 1666
1275 1974
1121 841
1995 1562
1151 1890
21 1549
403 884
1319 234
179 1802
899 1278
706 805
382 1521
844 1633
821 1441
176 268
1603 1648
286 877
1973 1406
70 1967
1319 1572
208 1339
1120 610
575 438
1195 753
592 446
31 1297
1250 412
817 445
397 1989
237 924
257 1839
571 894
1067 543
651 1136
861 1969
707 1068
1660 1826
30 586
616 1224
1338 1559
1669 1720
855 1270
132 23
1714 880
364 1950
1803 972
140 726
1865 1207
1620 515
342 481
835 1049
1548 494
1226 1929
1079 1841
1153 769
1399 1173
488 605
443 971
980 156
1850 1695
458 5
666 597
1082 530
155 701
1044 497
1181 1878
1897 1081
724 1474
1009 154
1315 513
922 1065
1686 1410
22 480
732 1353
987 934
1047 1444
938 1712
393 19
593 547
719 1636
1395 252
1865 1643
1332 588
1117 692
742 783
1205 15
199 1242
1776 572
73 508
276 1059
1441 1322
855 730
1385 1599
748 1977
497 1818
1964 1892
421 1829
1886 1752
768 1002
796 1861
136 352
1876 335
1945 1651
906 17
510 1534
1075 1950
855 281
679 592
1879 1778
920 376
1948 884
619 368
1064 504
472 183
1858 1267
44 1993
1970 271
327 1914
1921 1585
282 431
1118 1356
732 324
1989 1763
1267 1867
1540 187
594 1487
1422 1212
207 837
1716 678
1371 1573
296 1414
1565 617
36 244
530 309
180 811
739 1649
518 1822
1972 506
1584 1591
725 1124
129 1318
962 1902
530 1168
1090 597
197 460
521 844
226 437
1460 261
680 1989
569 1211
1151 1659
859 21
1833 1183
878 1416
773 1602
891 1253
1272 205
1154 1801
1724 243
749 1921
1054 1269
764 1279
57 224
1892 737
564 812
299 67
823 1158
87 655
340 964
422 1464
918 1313
716 189
1517 221
341 1240
815 1089
1512 1868
709 276
1499 765
851 1742
1853 1766
905 152
184 1727
1661 270
733 352
1586 1155
167 503
467 1234
691 335
1454 1383
1574 268
471 1438
487 1531
65 337
647 1267
430 852
1032 1335
1355 1216
1061 1015
1837 1794
1718 1774
1300 1884
276 1766
1117 1318
452 570
700 377
1189 1522
1814 27
1404 1878
716 51
1144 1145
902 528
479 608
95 1892
1974 1931
37 1691
57 1336
1574 332
1453 1042
2 1904
1963 701
280 1503
575 94
1881 1978
323 596
380 1467
93 1281
346 571
240 440
814 213
722 850
1903 778
537 1828
1110 1989
1221 1463
244 1183
515 524
685 1089
969 566
1067 1643
1513 1446
1461 1605
1079 1806
528 1318
245 1341
1883 967
543 137
96 1079
1965 1557
1420 1537
1019 1663
720 1534
538 1756
622 1858
321 40
1853 1834
1838 1313
1790 916
1119 317
585 1363
1658 819
681 552
956 777
1630 1272
333 1401
808 1704
1416 1527
1237 305
1283 1858
163 1955
250 15
140 87
1327 1930
1354 797
598 1938
512 255
757 1544
806 64
320 788
1335 1005
188 142
708 1955
21 296
260 1655
505 422
1961 754
788 101
840 466
382 193
1615 979
483 126
1586 1591
1669 743
6 341
1530 1340
1345 70
1833 404
24 205
699 635
1859 1203
1408 1820
309 195
272 1148
1013 1005
1693 627
335 527
1104 272
469 772
1015 474
1112 896
165 808
1317 349
1563 1693
554 613
327 412
1816 1735
583 124
281 1206
1623 1293
562 1667
271 897
545 1374
1168 1365
146 534
1838 1609
1430 354
769 746
703 331
438 1256
944 765
19 1111
851 954
1586 1131
159 1560
776 1073
1579 1046
1969 123
772 1488
1488 1269
374 1677
877 1803
31 1997
900 733
680 1690
340 1975
806 358
1085 1656
1663 1022
1138 1822
933 1913
894 511
1311 1214
986 82
1053 473
1350 1426
501 578
1580 531
575 832
1615 1606
521 306
1580 1326
1333 678
389 470
851 1321
383 96
1832 1693
1309 817
126 714
1641 1475
491 141
404 423
1024 1330
1254 990
935 126
1648 514
1803 663
1881 1135
1340 269
1956 191
1590 338
286 1773
382 1947
941 859
1012 933
333 1502
1425 1089
1924 800
418 1529
1790 1705
1654 1437
570 1456
590 1790
1071 546
332 660
1235 970
784 1969
916 1724
827 1927
1008 1512
1780 433
952 1704
1232 1369
1232 1373
1425 1238
1161 1995
693 1611
797 1635
1753 1867
532 84
879 118
1405 1662
86 320
1738 1265
598 745
1128 378
1177 79
433 761
1799 16
133 1576
1253 1646
1570 1946
1256 718
1580 1360
584 111
1796 1462
228 1200
1124 666
1520 1213
282 469
1957 1409
846 1486
1839 1278
246 1989
1294 730
1564 898
375 1485
843 1631
202 422
990 786
884 1137
599 1112
337 74
129 208
1286 410
676 1243
1818 1522
728 8
1151 1325
348 796
54 1912
1694 429
1748 888
411 1950
1310 1752
1087 545
889 1685
1656 1577
1759 1784
1784 1396
193 459
638 362
332 1717
721 1835
1393 1069
630 1447
1332 675
227 1079
1563 989
1380 1224
740 818
1768 1980
503 1776
1556 613
1911 1339
360 104
150 1350
817 833
1066 1538
667 811
958 1649
257 289
323 835
1719 237
1823 1099
1812 914
268 1580
1246 1122
1355 1153
86 1617
844 446
1720 993
1795 889
1825 1212
778 492
22 87
492 278
375 1166
1464 445
1403 1638
1895 1214
552 163
1145 149
1284 851
1301 1370
468 144
1815 539
1136 1609
1427 1313
820 556
156 842
642 647
1471 1368
1812 1287
1813 1566
924 1707
1132 1827
221 276
1975 1505
1127 1276
874 1594
1419 1040
484 907
648 263
219 1819
818 726
1012 1460
1372 835
1179 1535
121 991
1101 1044
1050 232
871 1270
859 1197
1126 1985
472 351
1930 243
1390 766
1149 389
1028 1719
208 1845
444 1571
1656 167
405 835
53 525
177 1153
1921 1578
1736 791
848 595
1987 325
931 811
676 1213
1053 65
1978 553
454 1357
623 1013
1201 1418
935 857
1584 1340
43 1636
216 219
1141 136
1797 1228
1278 996
174 1617
1672 1457
427 347
1021 1831
412 1350
383 1217
706 1357
581 1906
774 1515
1114 709
1206 1508
696 1422
79 188
1557 227
1416 835
1222 1941
451 1245
1397 1229
1592 417
1059 355
1766 1793
1923 471
1149 503
729 274
369 1842
982 1575
1702 1677
1348 1780
1865 904
6 1632
90 1579
1572 540
823 969
120 414
1737 1178
1120 1503
1322 1042
325 470
1896 1053
743 265
1247 76
191 948
1753 1538
727 1969
793 1084
1600 883
662 1523
1774 1484
843 1894
250 580
1423 1369
434 745
411 758
1566 306
163 309
922 1409
736 1112
708 488
1001 1786
808 1794
869 759
676 1530
282 801
1365 1124
694 1966
55 469
1335 488
1213 97
1246 778
754 1760
1438 1676
1168 174
1139 227
1013 140
12 1821
285 880
931 960
761 1212
112 477
688 806
443 742
1274 1777
1582 838
225 1179
1615 978
938 1405
653 105
1578 144
331 590
283 694
762 567
1573 1693
1878 685
1256 1989
1161 295
1146 1955
1389 771
83 1322
1960 307
500 1575
1285 1437
979 289
1893 908
432 575
1849 1066
1268 963
1984 1192
655 213
228 262
202 1740
909 1699
1695 649
822 1777
1970 781
84 469
707 1720
257 37
8 149
944 792
723 793
1857 342
1755 193
1533 761
405 112
1374 958
1851 634
1009 1545
1282 1830
1322 1603
610 1757
423 1669
1476 679
1705 1835
827 649
978 1901
1793 835
242 1899
1379 126
1011 1783
237 736
1093 88
1370 101
1984 1003
1930 1657
606 891
1413 1028
559 1240
59 616
1427 885
1616 404
1138 1408
1590 1731
1658 968
209 668
1103 797
1755 195
1236 1124
295 1220
479 576
876 1436
1466 641
815 377
1880 873
1344 1306
110 959
1710 1247
718 1299
1329 375
619 1537
1394 1721
334 1148
1915 1921
624 209
1140 1454
784 368
889 601
1008 1703
1329 1239
576 672
545 1037
1630 606
256 1963
1073 874
1852 818
594 537
318 508
457 1293
1068 1949
746 203
316 1634
804 1675
1688 484
913 615
1508 1457
1651 1137
414 285
1836 670
600 1260
1543 803
430 137
1339 747
996 147
39 64
95 1136
266 762
769 1421
436 808
257 1349
1423 1764
1157 1073
900 1571
1710 1087
240 661
699 134
1463 1480
270 1153
226 1618
1299 616
1681 1746
103 298
507 871
71 1295
30 327
643 1452
90 1799
877 1341
1721 938
780 312
1598 1830
446 1060
1309 1067
564 1886
684 214
501 716
1959 603
1014 818
1825 1436
112 206
1762 1106
1658 203
1256 534
1543 977
1471 674
1288 1420
503 85
831 1811
1152 1394
1696 1835
1607 548
551 1918
1502 1916
735 1678
1351 1198
1884 1112
655 1541
1666 1910
426 1208
1238 248
234 878
1667 736
962 849
899 113
242 946
300 200
1846 850
117 1699
765 1203
1377 467
752 1612
1578 1406
1504 1595
1668 281
802 905
528 1387
134 546
475 1448
1746 1725
1560 1987
1022 1859
538 867
1060 655
918 176
209 294
642 961
257 571
718 1760
165 385
40 1319
1642 919
705 127
1816 1179
1574 1561
903 1134
1899 277
1344 436
1143 756
1442 60
931 1651
705 1573
963 1313
143 1680
1072 308
417 1463
1626 410
381 682
536 548
213 110
108 1467
1595 358
1743 938
794 1238
45 235
1297 976
237 354
548 1199
1666 1042
1231 1090
1349 1647
552 1326
56 1285
360 943
184 572
1052 644
38 646
1001 1781
1936 1794
1018 1980
381 666
1307 617
1371 1854
168 1389
896 1398
478 596
1396 1381
274 1803
1017 985
745 1201
1556 149
1844 1945
1146 844
77 1433
990 1446
1413 1370
464 1071
338 1834
925 505
1222 172
254 51
1119 1649
1784 1744
1451 800
728 548
352 635
696 195
580 1841
1391 656
1274 380
102 1038
101 565
108 790
750 1384
1295 324
1907 1548
726 1378
1549 509
1121 1351
1661 201
1898 12
835 945
559 1414
1138 1949
422 763
680 875
152 1132
1791 611
1921 892
347 1215
1215 253
1115 1941
1982 1015
801 1103
365 461
1655 615
473 489
1911 1031
255 1048
1331 1028
162 10
1902 665
1493 44
1276 1413
935 1974
980 502
578 446
442 560
1460 1242
14 176
55 1668
790 527
156 701
1909 410
100 1239
1437 614
1600 1690
1278 1092
85 905
856 1020
878 1835
1521 1456
280 314
367 91
1907 380
267 1961
47 1056
839 202
108 747
964 560
337 752
1525 1936
794 802
1379 878
59 235
1897 1288
421 1769
1095 701
434 1461
1143 341
1840 1409
653 1886
817 1492
88 924
590 1403
1835 927
154 1359
1214 1299
513 945
177 923
1179 425
210 1951
194 1305
651 979
765 1794
1319 957
1554 1972
842 370
1815 1281
1294 404
683 1480
1682 1189
1191 1248
487 1703
192 1015
977 1722
1440 1186
1672 1985
842 323
963 1959
468 634
915 21
957 1756
743 771
1389 388
1526 423
1867 1208
1963 1057
455 802
1111 998
1816 87
719 1607
1625 390
1591 818
1064 906
776 1531
1539 1690
1904 495
1798 646
1617 1538
1033 1142
1960 1251
701 1923
660 1507
724 1770
504 891
209 1222
498 185
1612 440
1002 675
1345 1778
558 1235
1819 813
81 1968
1810 1697
1505 842
1191 1465
444 243
1739 1103
1750 814
873 605
1704 1433
179 201
1617 142
641 970
816 337
747 1725
1572 918
537 4
885 346
1701 742
1539 1243
558 335
1485 296
1437 1586
1461 661
543 1164
93 721
1717 61
862 709
1383 29
1397 481
106 968
1398 642
972 635
1340 1024
1376 1230
618 285
1 1564 454
1 580 353
1 392 392
1 13 934
1 1555 458
1 6 623
1 870 219
1 331 252
1 1599 728
1 733 704
1 1047 130
1 698 370
1 1116 389
1 1745 843
1 1970 362
1 1127 886
1 1168 706
1 1238 559
1 97 250
1 844 4
1 1707 201
1 1626 929
1 771 309
1 1180 369
1 388 912
1 73 786
1 394 122
1 156 509
1 1510 252
1 352 831
1 966 478
1 1716 133
1 1536 953
1 43 984
1 203 238
1 339 261
1 438 317
1 1189 208
1 625 369
1 1928 364
1 632 352
1 1149 25
1 1473 656
1 534 334
1 1908 237
1 1165 225
1 714 880
1 1357 601
1 1833 751
1 585 387
1 988 275
1 999 777
1 1591 188
1 1336 567
1 908 263
1 1930 539
1 1967 79
1 564 439
1 734 449
1 1125 993
1 1037 289
1 217 750
1 1520 925
1 703 704
1 27 639
1 90 14
1 913 89
1 1142 504
1 1628 829
1 1422 535
1 444 352
1 425 410
1 430 340
1 200 515
1 1140 324
1 860 176
1 1964 76
1 278 836
1 1353 980
1 1539 379
1 970 981
1 745 882
1 1069 886
1 737 48
1 715 159
1 1934 510
1 1862 358
1 1919 291
1 50 118
1 157 189
1 1794 368
1 1365 109
1 796 994
1 1944 148
1 973 483
1 1526 294
1 1463 622
1 175 883
1 860 264
1 282 926
1 1774 215
1 1435 635
1 924 353
1 277 973
1 1822 433
1 162 967
1 153 878
1 76 948
1 1871 19
1 1095 195
1 1853 972
1 1488 667
1 1594 14
1 901 805
1 1629 182
1 730 402
1 1396 164
1 1036 320
1 1868 312
1 1292 689
1 97 805
1 1656 249
1 34 83
1 1196 256
1 101 290
1 1450 306
1 1613 289
1 1972 558
1 1655 873
1 362 283
1 54 91
1 685 802
1 1606 720
1 121 473
1 1384 764
1 1514 480
1 1569 521
1 1728 602
1 1603 923
1 1858 55
1 1564 659
1 360 528
1 1300 332
1 1086 954
1 1204 799
1 588 609
1 890 272
1 1410 847
1 1344 882
1 672 727
1 1646 185
1 558 214
1 57 285
1 1167 659
1 1559 376
1 1713 122
1 1387 73
1 649 686
1 756 86
1 1991 311
1 1885 578
1 1919 126
1 202 681
1 1972 897
1 1562 995
1 975 207
1 1179 532
1 772 235
1 1816 291
1 1245 726
1 18 958
1 847 404
1 1382 847
1 89 137
1 285 431
1 447 169
1 1361 717
1 1646 562
1 397 969
1 1810 311
1 964 784
1 1517 494
1 315 641
1 1729 482
1 1283 973
1 207 300
1 282 405
1 704 15
1 1603 144
1 151 887
1 1575 949
1 407 935
1 18 52
1 848 766
1 373 657
1 1076 336
1 1440 945
1 181 754
1 1937 909
1 587 219
1 793 518
0 197
0 1882
0 717
1 38 291
0 444
0 54
1 424 819
1 1432 247
0 871
0 1087
1 1479 348
1 1049 933
1 1566 799
1 1139 32
1 1855 768
0 497
1 237 425
0 1436
1 675 7
0 1273
0 1853
0 1351
1 645 50
0 1693
1 150 611
0 1755
0 516
1 955 283
0 1803
1 1539 227
1 1326 426
0 332
1 241 596
1 1408 298
0 52
1 883 97
0 1032
0 1517
1 1159 33
0 465
0 1597
0 753
0 845
1 812 622
1 1495 29
0 442
1 1662 740
1 65 791
1 513 823
0 571
1 832 729
1 1478 545
1 1427 811
1 1265 7
1 77 628
0 1923
1 1807 365
0 1820
1 1076 237
1 1739 749
1 1785 672
0 968
1 834 798
0 576
1 1459 69
1 1466 608
1 445 161
0 453
0 203
0 139
1 1527 727
0 1617
0 1674
1 1498 785
0 1250
1 1518 546
0 93
1 614 581
0 1221
1 1618 733
1 70 52
1 520 542
0 398
1 503 15
1 529 768
1 313 840
0 1282
1 1738 475
1 1093 88
1 266 660
1 1883 393
0 304
1 507 175
0 1107
0 604
1 1939 697
1 58 288
1 897 480
0 1606
0 909
1 1662 348
0 1927
1 1018 161
1 1285 464
0 1791
1 1883 897
1 486 858
1 182 699
0 822
1 1510 301
0 1115
1 1843 522
0 191
0 1457
1 1328 969
0 612
1 1847 754
0 1729
0 687
1 1212 890
0 911
0 1920
1 1012 221
1 126 90
0 2000
1 1081 310
1 982 637
1 282 601
0 480
1 303 560
1 989 125
1 231 223
1 1733 495
0 744
0 991
0 1156
0 1572
0 1313
0 202
1 1870 949
0 470
0 1406
0 781
0 235
1 1441 858
1 15 39
1 509 333
0 575
0 751
1 1555 323
1 867 555
0 1512
1 1357 438
0 187
0 1772
1 159 358
0 1951
0 144
1 605 931
1 1289 461
0 964
0 1482
1 237 690
0 792
1 1600 567
0 38
1 1993 232
0 1312
0 1996
1 693 210
0 1010
1 529 188
1 1341 940
0 1256
0 991
1 1814 79
0 1912
1 554 70
0 1717
1 3 355
1 745 350
0 1789
0 1132
0 1076
1 1338 881
0 1629
1 608 753
1 451 567
1 1086 478
0 1639
0 1222
0 1960
1 1413 37
1 762 218
1 672 349
1 99 360
0 331
1 575 684
0 680
0 1474
1 800 559
0 603
0 1621
1 607 932
0 19
0 1718
1 1538 825
0 238
0 253
0 733
0 1013
1 1619 35
0 1997
1 584 797
1 658 399
1 630 574
1 913 972
1 1233 689
0 770
0 1931
0 651
0 308
1 1470 672
0 1440
1 1733 788
1 668 584
0 1677
1 5 658
0 280
1 878 926
0 1918
1 1924 135
0 1283
0 1519
1 1520 340
0 914
0 374
1 919 291
0 1854
1 1693 188
1 350 94
0 272
1 890 74
0 1944
0 727
1 983 864
1 924 735
1 1240 1
1 1614 350
1 256 367
1 1233 59
0 566
0 1024
0 32
0 1772
0 644
0 805
1 1346 788
0 144
0 1672
0 303
1 252 268
0 1142
0 739
0 1756
1 463 673
1 1838 555
0 889
0 1397
1 1745 553
0 1091
1 542 586
0 213
1 1705 236
0 1972
1 666 846
0 198
0 496
1 1978 757
1 1532 49
1 1562 797
0 1307
0 1577
0 1689
1 686 91
1 1607 147
0 779
1 877 445
0 1575
1 1268 422
1 1245 178
0 1128
1 1000 690
1 972 348
1 900 96
1 1370 133
1 51 739
1 1320 869
0 196
0 430
1 659 49
0 368
0 1720
1 772 297
0 1813
1 1600 160
0 851
0 97
1 91 596
0 1829
1 1590 698
1 137 362
0 610
1 1185 152
0 1181
0 368
0 1519
1 117 188
0 277
1 1446 235
1 1665 326
1 287 506
0 228
0 1274
1 1269 411
0 1992
0 476
0 1128
1 1450 432
1 94 548
0 1040
1 685 485
0 710
1 1088 683
1 1945 249
1 1500 523
0 768
0 1056
0 1231
0 1841
1 1933 291
0 1852
1 41 959
0 216
0 1612
1 704 465
0 1387
1 362 987
0 1861
0 350
1 793 757
1 376 639
0 1085
0 1573
1 1423 660
1 733 786
0 727
0 1867
1 1213 635
1 817 996
0 1435
1 15 784
0 808
1 629 183
0 911
0 1101
0 548
0 846
0 1607
0 1406
0 732
1 115 296
1 1634 112
1 140 547
0 155
1 1352 962
1 1980 496
1 1242 466
1 76 366
0 921
1 37 903
0 722
1 262 188
1 520 821
0 125
0 291
0 1115
0 640
1 1898 619
0 353
1 740 260
0 1105
1 1559 339
0 814
0 152
0 1943
0 1432
1 511 177
1 1471 819
1 937 143
1 1364 392
1 638 96
1 1730 356
1 834 397
0 1524
0 1762
0 1330
1 1147 668
1 312 531
1 1601 1
1 178 938
0 1395
0 928
0 643
1 1982 372
0 1019
0 1479
0 1433
1 1728 637
0 640
0 1007
0 446
0 1558
1 1889 599
0 178
0 322
0 415
1 825 790
0 1196
1 903 104
1 870 536
0 597
1 698 588
1 1704 922
0 240
0 852
1 430 779
1 1916 100
1 330 3
1 119 239
0 342
0 1962
1 714 498
1 1311 669
0 898
0 1154
1 1781 745
1 633 225
0 411
1 1699 862
0 380
1 1032 851
1 1890 192
1 203 235
1 700 989
1 721 439
0 399
0 1094
0 689
1 1163 913
1 1925 794
1 1138 514
1 353 897
1 158 138
0 1456
0 640
0 40
1 1492 112
1 414 510
1 1508 41
0 307
0 1315
1 1480 461
1 969 974
0 1322
0 40
0 1360
1 1286 700
0 1104
1 710 595
0 1480
0 1713
0 868
0 1243
1 1307 910
0 1138
1 1580 107
0 1758
1 1917 797
1 1277 241
1 1976 323
0 1067
0 594
1 216 954
1 1408 173
1 1003 698
1 1912 758
1 281 690
1 1975 447
0 244
1 80 520
1 975 847
1 974 266
1 1567 887
0 1872
1 221 44
0 1223
0 1104
1 850 689
1 1539 380
1 338 202
0 1285
1 206 824
1 405 685
0 1670
0 1147
1 1447 370
0 19
0 1839
0 153
1 726 3
0 843
0 1362
0 1582
1 1621 866
0 179
0 804
0 374
0 604
1 1531 511
1 901 341
0 1665
0 65
1 472 143
1 1454 337
1 816 623
1 1731 244
0 1927
1 1904 82
1 629 466
0 1988
0 821
0 249
0 1617
0 1691
1 434 514
1 1957 968
1 373 135
0 370
0 1082
1 1143 855
0 224
1 467 690
1 454 38
1 1247 638
1 863 254
1 1248 688
0 775
1 374 639
1 1860 477
0 1076
1 1673 218
1 1863 794
0 330
0 492
0 224
0 733
0 1682
1 466 575
0 1505
0 1970
0 707
1 1516 566
1 1605 994
0 1277
0 1756
0 1356
1 1820 542
0 955
0 401
0 1329
1 1986 147
1 1181 651
1 1150 151
1 1757 667
1 1192 271
0 184
0 1223
0 389
0 18
0 1472
1 1867 589
1 1905 269
0 1891
0 484
0 418
0 220
1 1277 976
1 1944 519
1 956 702
1 178 992
0 1108
0 407
1 948 273
1 287 177
1 411 419
0 1246
0 972
1 1708 891
1 35 477
0 1553
1 1298 606
1 1476 597
1 935 957
1 1866 904
1 1385 542
1 1525 304
0 79
0 1805
1 673 865
1 720 899
1 1415 804
1 712 761
0 539
1 1988 474
1 733 691
1 102 76
0 1999
1 1119 315
1 667 120
0 1339
1 778 411
1 1250 177
0 405
1 502 405
0 211
1 1604 876
1 1294 149
0 721
1 1575 672
1 1890 53
1 361 187
0 696
0 201
0 214
0 22
1 1968 523
1 98 733
0 1701
1 1240 347
0 816
0 72
1 443 153
0 1495
1 991 34
1 38 350
1 1319 915
1 1340 236
1 214 961
0 946
0 440
0 668
1 365 835
1 788 576
1 292 559
0 1896
0 1230
0 939
0 883
0 493
1 1948 80
0 161
1 936 458
1 1727 714
0 1864
0 1673
0 1218
1 1769 510
1 965 405
0 194
0 1997
1 1927 605
1 1483 552
0 31
1 1086 966
0 1905
1 586 391
0 1016
0 1678
1 1662 798
0 1820
1 1499 526
0 543
1 78 470
1 45 304
0 1739
1 1444 176
1 668 80
0 1253
1 1250 621
1 927 206
0 1076
1 1716 837
1 593 143
1 1466 220
0 943
1 816 323
1 1150 118
0 449
0 1960
0 1390
0 392
1 1016 670
0 1264
0 866
1 581 367
1 75 410
1 1294 923
1 909 738
0 262
0 772
1 1687 909
0 830
1 585 573
0 1952
0 225
1 339 442
0 1272
1 118 346
0 1507
1 1139 839
1 1229 493
1 467 616
0 506
1 1460 687
0 396
0 1183
1 853 407
0 1192
1 813 463
0 930
1 1224 789
0 714
0 1051
1 471 212
0 1438
1 1266 314
0 952
1 1425 562
0 124
0 779
1 958 627
1 1772 633
0 1931
1 1271 82
1 1897 132
0 719
0 1623
0 1264
1 1470 293
0 1307
0 753
0 192
0 1458
0 1476
1 1782 599
1 264 529
1 1535 962
0 1783
0 763
1 1139 738
1 403 977
0 1047
1 137 763
1 1168 954
1 625 886
0 60
0 1567
0 282
0 1106
1 409 6
0 1853
0 804
1 506 813
1 482 643
1 1001 131
1 624 298
0 1117
1 744 437
0 762
0 164
0 802
0 1211
1 627 161
1 395 964
0 900
1 150 733
1 589 86
1 494 61
1 1704 178
0 447
1 1156 208
0 1671
0 1122
0 1813
0 1917
0 96
0 1640
0 1914
0 650
0 536
0 732
0 84
1 1336 788
0 807
1 1639 314
1 1959 984
1 1080 274
1 114 543
1 209 205
0 709
0 1641
0 117
1 949 200
1 1384 343
1 1523 16
1 461 654
0 958
1 456 705
0 81
1 508 975
0 716
1 1429 425
1 1421 135
1 1948 435
0 1613
1 1363 966
0 378
0 505
0 1597
1 698 52
1 1092 485
0 1599
0 1687
0 990
0 91
0 887
0 1812
1 363 480
1 532 195
1 576 924
1 1080 307
0 541
1 888 410
1 1724 894
1 183 932
1 1524 398
1 219 284
1 30 469
1 862 619
1 1056 382
0 1979
0 1983
0 1457
0 1993
0 1285
1 420 530
0 954
1 1901 830
0 1054
1 1143 488
0 1611
0 290
0 258
0 962
0 1676
0 1495
1 1743 369
1 791 5
0 1211
0 1932
1 348 832
0 206
0 744
1 1724 173
0 7
1 1243 264
0 205
1 186 491
1 497 585
0 1153
1 1995 247
1 881 178
0 1228
0 1502
1 1598 597
0 1321
0 1147
0 1935
1 1943 445
1 70 630
1 1340 478
1 1682 630
0 28
0 1036
0 1406
0 488
0 342
0 1364
1 110 684
0 1256
0 345
0 657
0 1294
1 1770 81
0 1599
0 98
0 1551
1 1457 939
1 1214 779
0 980
1 498 343
0 607
0 171
1 1741 515
0 397
0 1856
1 1776 937
0 1375
0 1988
0 643
0 1763
0 1850
1 1711 75
1 182 572
1 1943 530
1 465 95
1 980 657
1 634 513
1 410 801
1 136 541
0 90
0 1628
1 1116 477
0 826
0 1486
1 474 784
1 3 811
1 98 579
0 1106
1 83 618
0 844
1 554 979
1 1717 68
0 1344
0 1312
1 801 489
0 287
1 1196 422
0 1551
1 1971 1000
1 1419 105
1 1501 75
1 344 492
1 1674 154
1 1093 350
0 715
0 66
1 1149 140
1 1349 688
0 1201
1 806 171
0 616
1 45 519
1 1119 448
1 1611 283
0 1116
1 256 465
1 970 477
1 485 625
0 638
0 676
1 1526 265
1 1048 853
0 341
1 1151 135
1 950 272
1 585 786
0 1418
0 1261
1 1363 737
0 199
1 1983 837
1 659 48
0 1923
0 963
1 697 303
0 199
0 1744
0 1060
1 85 846
1 1854 238
0 1703
1 1867 49
0 1580
1 1987 618
1 34 532
1 99 846
0 795
0 1819
1 937 915
1 349 340
1 1546 561
0 1135
0 1190
0 910
1 885 841
0 871
1 310 904
1 1626 354
0 1068
0 391
0 1846
1 1153 43
1 492 676
0 52
1 1059 95
0 1145
1 941 29
1 561 251
1 1223 507
0 1200
1 941 267
1 1332 505
0 1011
0 1951
1 1148 626
1 1552 788
1 998 842
0 1353
1 1897 548
0 1500
0 269
1 307 468
0 1248
1 929 579
0 1837
0 247
1 978 395
0 291
1 1552 662
0 746
1 1999 527
0 898
0 278
0 193
0 109
1 1203 708
1 483 286
1 320 874
1 459 851
1 1223 493
0 775
0 1271
1 1388 621
1 166 519
0 795
0 515
0 781
0 632
0 272
1 1126 959
0 1000
1 243 202
1 1466 47
1 592 553
0 463
1 1087 212
1 1957 886
1 277 753
0 1410
0 1664
1 1902 129
0 1860
1 726 751
1 1280 970
0 1326
1 268 230
1 1082 169
1 646 626
0 531
1 1007 283
1 768 913
0 1369
1 405 96
0 22
0 1128
1 1804 449
1 1481 966
1 1710 949
0 231
0 1904
1 101 787
0 1459
0 346
0 1334
1 1947 499
0 1394
1 48 567
0 281
1 155 839
0 121
1 912 69
1 1142 143
1 350 595
1 138 54
1 836 632
0 457
1 1624 835
1 1851 235
1 1557 515
0 1711
0 1813
0 1720
0 1252
1 218 746
0 919
0 598
0 1394
0 1892
0 1514
1 1306 489
0 629
0 1121
1 1247 635
0 1309
1 293 492
0 1369
0 460
0 1840
1 857 532
0 265
0 1728
1 1653 241
1 959 729
1 1939 771
1 1457 17
1 1937 677
0 581
1 302 950
1 761 240
1 1151 448
0 489
0 1614
1 572 266
1 131 576
1 1576 515
1 141 323
1 1341 611
0 1231
0 1574
1 1492 188
0 83
0 499
0 681
0 1595
1 1555 166
1 1362 297
0 602
1 1705 259
0 379
0 1705
0 339
0 532
1 1171 375
0 519
1 1795 17
1 828 3
1 1473 909
0 1736
0 395
0 1872
0 631
1 983 10
1 687 350
1 325 881
1 1495 608
1 13 417
0 1029
1 1496 384
0 968
1 787 56
1 1534 982
0 504
1 1971 486
0 1088
1 323 896
1 1555 967
0 1514
1 1059 930
1 440 685
0 175
0 1323
1 512 378
1 397 359
1 900 322
1 737 295
1 1612 969
0 811
0 1843
0 1389
1 1268 318
1 1707 355
1 1881 79
1 1698 942
0 781
1 1305 353
0 979
1 1677 625
0 1640
0 47
0 467
0 659
0 1571
1 1525 112
1 231 7
1 309 225
1 1603 171
1 1292 828
1 233 806
1 261 782
1 1901 374
0 1055
1 101 713
0 1671
0 1275
1 326 505
0 542
0 365
0 1767
0 1852
0 714
1 1643 871
0 1903
1 706 155
0 566
0 1921
0 1274
0 1041
1 945 175
0 801
0 482
0 1031
1 1436 269
1 846 983
0 488
0 1337
1 857 394
0 1585
1 105 505
1 1378 175
1 993 471
1 1286 623
1 1767 292
1 1759 727
0 1602
1 195 46
0 1399
1 1504 607
0 400
1 1790 857
1 119 234
0 1489
0 45
1 864 20
1 982 311
0 740
0 1749
0 1960
0 738
1 1694 471
0 300
1 625 843
0 1481
0 858
1 113 698
1 509 433
0 528
1 193 838
0 1284
1 367 977
0 662
1 906 707
0 1131
1 486 107
0 1224
0 1091
0 4
0 1482
1 63 267
1 591 644
1 780 262
1 1006 981
1 1190 994
0 448
1 1615 930
0 100
1 1609 676
1 699 460
0 253
1 680 668
1 242 258
0 347
0 1817
1 1394 149
0 936
1 1532 383
0 1146
1 601 598
0 210
0 24
1 436 704
0 729
1 180 288
0 1789
0 675
0 1363
0 1923
0 1863
1 1004 746
1 196 244
0 796
0 657
0 817
1 617 604
0 129
0 1470
1 972 798
1 166 473
1 1528 235
1 1390 449
0 393
0 1754
1 438 360
1 1630 368
1 798 399
1 401 134
1 733 955
0 57
0 350
1 225 678
1 1811 279
0 1259
1 588 453
0 1527
1 907 614
0 274
1 1668 673
0 69
1 361 153
1 263 209
1 613 135
1 642 588
1 1920 430
0 361
0 1665
1 896 555
1 861 777
0 622
0 759
0 1865
1 1155 17
1 1417 578
0 381
1 739 22
0 340
1 432 200
1 1801 865
0 1048
0 374
1 1899 461
1 1343 571
1 1559 839
1 576 570
1 1505 516
0 568
1 2000 218
1 1293 1
0 947
0 713
0 1848
0 233
1 382 45
0 76
0 664
0 453
0 562
1 1738 418
1 716 337
0 716
1 440 8
1 289 306
0 1001
0 1906
1 1749 365
0 793
0 644
0 720
1 564 212
0 937
1 1960 178
0 1296
0 84
0 1816
1 107 104
0 165
0 1617
1 940 717
0 1508
0 843
0 620
0 1133
0 126
0 471
0 1339
0 148
1 25 583
0 192
1 997 296
0 1161
1 1447 934
0 1164
1 550 376
0 1052
0 1829
1 529 306
0 1352
0 901
1 1232 238
1 1814 776
0 1544
1 1918 22
1 1669 820
1 711 335
0 1260
0 203
1 57 383
0 938
0 761
0 1773
0 1344
1 251 423
0 1026
0 1064
1 1611 437
0 1631
0 1650
1 1591 939
0 653
0 616
1 876 815
0 1916
0 991
1 1292 334
0 1542
1 915 919
1 1979 68
1 415 501
0 1671
1 1438 614
1 1390 618
0 358
0 1808
1 29 75
1 1019 762
0 1352
1 986 459
1 257 611
1 324 724
0 1176
1 485 678
0 450
0 999
1 1049 356
1 1208 879
0 1282
1 145 395
0 1849
1 110 659
1 718 269
0 1394
0 537
0 1164
1 598 421
0 1067
0 1242
0 1126
1 1675 356
1 1308 387
1 703 511
1 1956 973
0 1279
1 737 354
0 81
1 4 597
0 953
0 142
0 1787
0 486
1 74 160
0 1891
0 1653
0 521
1 1662 477
1 1778 107
0 867
1 964 299
1 967 895
1 271 263
0 290
0 1896
0 1960
0 934
1 212 752
0 64
0 394
0 453
0 1855
0 1761
0 371
1 371 424
1 1618 443
0 880
1 602 929
0 1376
1 819 661
1 1030 412
1 1093 388
0 1170
1 1321 24
0 1081
1 1121 805
1 1896 846
0 338
1 963 941
0 1243
0 486
1 610 146
0 1639
1 642 84
0 82
0 137
1 1628 887
0 1723
0 639
1 254 836
0 591
1 1937 884
1 1179 674
1 1012 283
0 1311
1 1348 304
0 1997
1 313 485
0 1940
0 973
1 81 963
0 334
0 823
1 144 759
0 599
0 833
1 1301 467
0 963
1 1678 266
1 26 3
1 510 142
0 232
1 64 664
0 265
0 227
0 273
1 198 431
1 838 615
1 490 82
1 1452 525
0 718
0 1245
1 436 106
0 839
1 679 902
0 107
1 350 685
0 974
1 1154 756
0 1991
0 1936
0 1804
0 1932
1 696 1
1 292 73
1 397 637
1 1086 667
0 439
0 1049
1 1809 653
0 1214
1 868 291
1 590 226
1 393 703
1 1073 750
1 76 41
1 1867 437
0 496
0 343
0 1313
1 1427 452
1 1431 564
1 588 431
1 1735 373
0 1715
0 1763
1 189 512
0 617
1 577 835
0 253
0 567
0 61
0 414
0 682
1 1269 597
0 1856
0 718
1 1751 778
1 868 541
0 1408
1 522 24
1 1450 859
1 54 541
1 1000 953
1 1766 791
0 1807
0 1481
0 1914
0 462
0 610
0 1863
0 131
0 1236
0 368
1 1194 169
1 897 222
1 1166 574
1 17 339
1 1901 497
1 1381 241
0 239
1 1985 200
1 1847 380
0 1694
1 957 61
0 502
1 1400 750
0 1113
0 728
1 1283 418
0 1535
1 1098 915
1 876 505
0 1212
0 851
0 436
0 1104
0 1581
1 1629 434
0 1028
0 1604
1 1449 683
0 1083
0 1853
0 1718
1 1883 576
0 1387
1 1389 443
1 1151 879
1 606 281
1 473 262
0 922
0 1507
0 133
0 1207
0 741
0 254
0 377
0 1239
1 1732 978
0 1472
1 477 622
1 1436 227
0 328
0 1544
1 972 536
0 1496
1 1169 703
0 262
0 1026
1 89 580
0 392
0 186
0 134
0 1009
0 959
1 333 241
0 384
1 1127 355
0 989
0 1339
0 1905
0 770
0 1136
1 58 715
1 801 378
0 1333
0 1145
0 1266
0 1489
1 343 611
0 478
0 40
0 1429
1 1839 290
1 1949 59
1 1084 150
0 1150
0 676
0 1285
1 38 430
0 1655
1 541 956
0 1503
0 56
1 680 556
1 1921 746
0 1418
1 720 531
0 1221
1 1631 670
0 1157
1 1792 546
0 844
1 1323 736
1 901 239
1 956 830
0 1864
0 747
0 1862
1 359 581
1 839 801
0 821
1 883 330
1 1027 875
1 1870 427
1 1606 934
1 844 81
1 25 259
0 225
0 623
1 1168 981
1 213 172
0 16
1 992 250
0 823
1 1548 741
1 974 332
0 259
1 1298 691
0 1322
0 1933
1 1305 555
1 824 888
0 1036
0 171
0 1754
0 1005
0 337
1 622 77
0 1947
0 583
0 232
1 599 502
0 899
1 1451 203
1 1786 26
0 786
0 1989
0 168
0 471
1 1169 159
0 142
1 1284 88
1 1866 996
0 98
1 728 2
1 1513 804
1 852 941
0 431
0 835
0 35
1 161 857
0 1329
0 1680
1 602 315
0 949
1 1256 175
0 1201
1 1983 44
1 138 441
1 79 215
1 1157 50
1 1543 755
0 751
1 11 117
0 1833
0 977
0 667
1 1701 194
0 901
0 823
0 917
1 1089 886
1 1304 637
1 705 806
1 1459 136
1 1442 499
0 1104
0 25
1 775 43
1 827 588
1 1728 387
1 1376 655
0 816
1 951 119
1 1848 823
0 1936
1 1469 125
0 319
0 1179
0 1807
1 127 850
0 954
0 1032
0 1175
0 760
0 1546
0 720
1 1694 247
0 868
1 982 501
1 459 928
1 241 458
1 48 419
1 897 672
0 1685
0 1885
1 1336 644
1 1233 219
1 432 264
1 1126 131
0 460
1 1392 918
0 1461
1 720 882
0 138
1 805 161
1 490 864
0 1701
0 162
1 135 380
0 566
0 1265
0 126
0 502
0 297
0 723
0 1281
1 991 837
0 1772
1 1092 53
0 307
0 535
0 733
1 1343 464
0 1908
0 149
1 584 405
1 396 53
1 1118 162
1 911 504
0 1193
0 1036
1 327 870
1 1250 756
1 1982 85
1 1445 969
0 1903
0 53
1 522 856
0 574
0 702
0 1635
1 590 29
0 1864
1 1792 543
0 734
1 1392 235
0 1476
0 1921
0 1181
1 1913 233
0 786
1 598 712
0 1651
1 1503 615
1 531 771
0 1298
1 849 934
0 640
0 882
1 1152 312
0 1948
1 1212 861
0 576
1 1164 525
0 1032
1 1859 534
1 1598 416
1 1552 713
0 401
1 472 392
1 1353 860
1 16 896
0 1507
0 1985
0 34
0 1747
0 43
1 1086 901
1 227 850
0 138
1 1792 962
1 789 785
0 1111
0 1108
1 1504 3
1 1011 813
0 1593
0 27
0 757
0 469
1 322 132
1 171 562
0 1924
0 1870
0 494
0 678
1 1143 785
0 647
1 1598 9
1 642 601
1 1020 292
1 1089 112
0 1410
0 518
1 156 74
1 1509 296
1 354 950
0 1957
1 1098 199
1 237 148
1 540 790
0 1690
0 694
0 249
0 1694
1 1751 211
1 1906 637
0 1766
1 432 119
0 1745
0 1028
1 1625 470
1 773 919
0 914
0 10
1 366 605
0 1522
1 684 272
1 977 530
1 1125 295
0 1909
1 1363 5
1 743 198
0 1212
0 941
1 1651 206
0 1661
0 1168
0 953
1 1266 989
0 1477
0 194
0 794
0 455
1 1254 170
1 1797 912
0 1965
0 1937
0 1604
0 1462
1 1247 93
1 863 45
0 128
0 1631
0 702
0 1281
0 1665
0 900
1 256 957
1 1519 915
0 1993
0 639
0 789
0 706
1 545 983
1 1941 949
1 1326 580
1 379 756
1 225 772
1 1476 41
1 1432 458
1 698 192
0 1548
0 1823
1 1635 880
0 179
0 325
0 1811
1 1796 742
0 526
0 1056
1 1620 459
0 1012
1 360 822
1 1057 13
1 956 843
1 1292 829
0 366
0 1141
1 1478 304
0 1625
0 1185
0 1246
1 1252 217
0 181
0 224
1 50 575
0 62
1 552 257
0 195
0 1182
0 1444
1 1954 273
0 1401
0 1374
0 1047
0 1177
0 187
0 831
0 1154
1 1168 729
1 1582 232
1 838 783
1 1274 316
1 1069 989
1 341 966
1 1238 691
1 284 13
1 1286 199
1 116 318
1 1838 485
1 1155 66
0 1728
0 27
1 881 342
0 301
0 864
1 648 249
0 1338
0 866
1 420 152
1 1200 267
0 781
1 54 794
0 471
1 1690 78
0 185
1 406 64
1 1736 927
0 735
1 1185 424
1 51 125
0 202
0 1068
1 1945 200
1 350 993
1 1173 31
0 1250
0 1464
0 1500
0 872
1 1157 475
1 1684 659
1 1133 61
1 1354 614
1 773 434
0 973
0 244
0 1650
1 1347 928
0 793
0 279
0 1621
0 232
1 625 905
0 1635
1 298 696
1 1651 661
0 775
1 1067 747
1 1311 416
0 1078
1 787 447
0 1529
0 1551
1 1875 782
0 851
1 1443 838
1 92 885
0 1742
0 1435
0 1991
1 615 848
1 1382 707
0 1496
0 39
1 373 764
1 1874 638
0 856
0 1122
0 326
0 390
1 71 484
1 1858 352
1 711 318
1 874 52
1 818 547
1 857 652
1 1620 955
1 609 391
0 449
1 1245 126
0 1987
0 1095
1 793 952
0 1888
1 842 183
0 893
1 1705 791
0 913
1 1543 532
1 1634 492
1 580 941
1 177 66
1 515 753
1 1336 545
1 1860 784
0 1053
0 1324
1 1502 380
1 1531 292
1 1425 175
0 1058
1 471 989
1 1824 517
1 1849 31
1 968 366
1 1391 577
0 1476
1 125 799
0 1979
1 1014 509
0 247
0 1643
1 342 308
1 682 266
0 1199
0 1425
0 416
1 947 87
0 1523
0 1610
1 370 760
1 700 937
1 208 757
1 1492 751
0 185
1 1374 866
0 598
1 963 374
0 1730
1 1591 168
1 1465 413
0 617
1 1972 46
0 1260
0 1392
1 235 883
1 207 419
0 1581
1 1202 530
1 516 904
1 246 373
1 1413 976
1 825 188
1 1310 511
1 494 770
1 1885 137
1 1119 902
0 537
1 33 173
0 914
1 145 169
0 390
0 1908
1 868 9
0 407
0 640
0 1898
1 1038 909
1 1174 155
0 427
0 1729
0 991
0 835
1 1476 331
0 1746
1 965 653
1 185 14
1 591 444
0 860
0 32
0 601
1 1423 755
1 201 713
1 1407 703
0 594
0 1050
1 1383 796
1 699 448
0 883
0 128
1 256 26
0 948
1 1285 901
0 1059
0 1404
1 720 77
1 1422 651
0 732
0 239
1 1848 586
0 647
1 399 460
0 224
0 662
1 15 71
0 1915
0 1603
0 636
1 1640 713
1 1414 715
1 145 415
1 611 614
0 1775
0 526
0 720
1 749 786
1 360 152
1 1256 418
0 1211
0 1114
1 1682 178
0 1095
0 1905
1 659 40
1 273 761
1 885 638
1 1956 152
1 93 327
1 245 924
0 662
1 1481 704
1 257 386
0 1967
1 1937 223
0 596
0 328
1 23 7
1 1660 211
0 163
1 151 489
0 747
0 152
0 166
1 464 385
1 849 430
0 1033
1 1133 807
0 395
0 532
0 493
0 781
0 1397
0 1921
1 784 801
1 1548 304
1 65 640
1 1450 231
1 1879 493
1 596 626
0 261
1 1747 144
0 591
0 1921
1 1879 863
1 1778 646
1 1128 193
1 1885 610
0 1458
0 243
1 1289 736
0 236
0 649
1 732 747
1 1872 338
1 1792 983
1 655 900
1 652 617
0 1845
1 1493 806
1 951 864
0 1534
1 628 570
0 1340
0 1587
0 1317
1 1943 6
0 86
1 50 92
0 531
1 1856 139
1 845 984
0 143
1 960 35
0 1463
1 388 553
0 958
0 423
0 1716
0 1984
1 803 676
1 246 266
1 1989 121
0 1928
1 1172 672
1 809 983
1 1627 797
0 366
1 1563 676
1 337 654
1 1406 637
0 560
1 1840 805
1 890 794
1 78 73
0 1601
0 1530
0 79
0 387
1 585 752
0 499
0 416
1 1432 323
0 421
1 1152 84
0 308
0 1076
0 415
0 174
0 1457
1 15 217
1 1389 955
0 326
0 1151
1 485 567
0 269
0 955
0 236
1 772 423
1 785 498
1 1551 355
0 35
0 12
0 1380
1 1790 334
1 467 40
0 1642
0 1003
0 1145
0 1311
0 1479
0 956
0 534
1 1750 751
1 1104 494
0 1915
0 429
1 1568 570
0 1854
1 19 642
1 1247 996
1 743 238
1 927 716
1 1882 968
0 1974
1 452 967
0 297
0 1087
0 1128
1 1721 697
0 1574
0 729
0 818
0 562
0 1069
0 1250
0 1219
1 228 186
1 201 903
0 520
1 513 866
1 666 993
1 386 42
1 311 478
1 229 295
1 790 849
1 292 98
1 1510 163
0 696
0 1260
1 145 779
0 1010
1 1891 27
0 136
1 1030 443
1 507 478
1 1153 191
0 1
1 1086 98
0 596
0 1157
0 541
1 1592 685
1 321 46
1 211 72
1 698 835
0 140
1 65 617
0 1569
0 707
0 482
0 18
1 740 630
1 382 170
1 325 207
0 645
1 942 855
1 1471 552
1 1029 43
1 1445 11
1 1013 169
0 933
1 885 951
0 1624
1 373 357
1 1580 681
1 1332 326
0 626
1 1290 96
1 1152 125
1 1273 921
0 1658
1 1009 750
1 11 986
1 1943 961
1 667 317
0 598
1 1916 282
0 530
0 1558
1 1354 993
0 830
0 947
0 1663
1 36 671
1 1253 681
0 1421
1 1652 872
1 320 128
1 1669 43
0 343
1 483 901
0 188
0 417
1 1067 363
1 729 319
0 1400
1 759 432
1 531 759
0 754
0 37
0 696
0 1275
1 400 199
1 300 293
0 544
1 310 963
1 1781 691
1 1639 90
0 398
1 1831 280
1 1899 34
1 1935 914
0 1640
0 1702
0 739
0 690
0 1748
0 92
0 1547
1 542 238
0 180
0 78
0 1904
1 209 888
1 242 623
0 1507
1 436 47
0 826
0 1914
0 1168
0 1803
0 421
1 1830 314
0 143
1 969 220
1 873 831
1 112 340
0 1734
1 730 139
0 1128
1 1748 265
0 1614
1 875 417
1 1647 118
1 961 408
1 454 728
0 1227
1 1471 209
0 1162
0 1797
1 512 287
1 1640 884
1 256 746
0 39
1 1701 784
0 1170
0 579
0 1780
1 1657 68
1 1608 890
1 1671 52
0 1467
0 1464
0 920
0 989
0 1710
1 1876 100
1 1928 884
1 1098 946
1 26 726
0 1682
0 1302
1 1683 472
1 1086 776
1 1786 239
1 1057 46
1 648 107
1 523 207
0 802
1 1040 251
0 1645
0 1112
0 662
0 1286
0 1291
0 1614
1 236 391
0 1827
0 1569
1 1846 216
1 1153 90
1 165 892
0 1204
1 364 200
1 1827 184
1 1083 822
1 725 282
1 1452 518
1 1964 344
1 1533 567
1 1748 544
1 1190 80
0 1081
1 1784 574
0 1336
1 1950 871
0 1384
1 212 109
1 1559 560
0 1
1 538 66
1 1104 977
0 1999
0 696
1 621 128
1 756 702
1 91 397
0 962
0 1293
0 1086
0 330
0 1312
1 997 187
0 62
1 1164 39
0 1163
0 1148
1 1403 276
0 158
0 1389
0 1725
0 1562
0 589
1 1684 989
1 680 653
0 1676
0 1184
1 1785 347
1 237 861
1 1384 805
1 659 233
0 1987
0 1421
0 1918
1 661 506
1 697 847
0 1376
0 621
1 1689 156
0 1473
0 324
0 715
0 1445
0 1896
0 104
1 442 76
0 504
0 1822
0 203
0 1861
0 1923
1 1899 896
0 1939
0 1187
1 1905 510
1 972 94
1 1842 341
0 297
0 164
0 897
0 717
1 183 919
0 395
0 1417
0 569
1 1677 860
0 864
0 1971
0 798
1 1819 66
1 1159 140
1 1567 303
1 815 673
0 1885
1 1143 379
1 1814 795
1 382 459
0 1241
0 532
0 1495
1 1013 789
1 1430 924
0 1569
0 503
0 159
1 1895 31
1 102 173
1 1056 986
1 695 720
1 11 312
1 894 879
0 150
0 47
0 672
1 511 240
1 1014 814
1 683 60
1 236 162
0 1167
0 726
1 1263 797
1 1626 461
0 519
0 153
1 1581 551
0 252
1 1457 843
1 470 656
0 1504
0 245
0 228
0 1257
1 1062 853
0 211
1 36 671
1 554 9
0 1574
0 285
1 1192 805
1 34 352
1 41 380
0 1107
1 392 335
1 1648 482
1 500 244
1 835 279
1 417 185
1 151 110
1 435 981
0 1591
1 130 942
0 522
1 758 628
0 1501
1 961 500
1 334 352
0 269
1 670 874
1 1206 487
1 1315 392
0 647
1 481 954
0 1775
0 138
1 1520 117
1 1020 431
1 519 578
0 1222
