1500 3000 3000
681 134
479 733
1113 1022
897 412
1440 951
570 1337
343 915
972 976
751 1296
684 1407
765 1188
1160 947
175 178
822 254
5 786
1132 685
1271 462
1418 1235
1483 1166
499 1423
616 1420
1259 1310
1186 1082
785 436
877 1468
694 493
1155 706
1439 182
883 1113
435 887
750 419
72 521
880 341
607 863
6 1105
1137 973
1024 895
782 710
477 419
1497 205
738 1043
698 745
248 636
926 1130
600 1360
516 1350
630 939
722 10
1279 1328
1224 136
1285 860
1108 808
606 390
369 1434
1160 718
139 397
260 836
1141 859
323 566
488 1275
778 1355
1124 1407
794 345
268 572
524 1491
708 308
1202 667
1116 308
1056 336
593 1067
1405 731
1464 516
418 1104
1374 1093
522 361
867 151
216 842
409 1361
1186 677
784 209
1019 1491
869 1073
658 836
232 565
1171 824
132 1428
407 447
443 1176
402 317
768 923
1029 486
1073 96
1327 334
1456 1364
1010 740
425 880
1082 1293
452 591
628 683
8 650
7 491
577 765
937 1372
440 1338
188 60
1113 68
897 1037
164 724
1370 119
939 1231
1210 215
611 792
359 1062
234 1338
245 241
488 603
731 1416
1367 167
1287 658
357 326
717 321
394 114
1357 909
1189 79
1379 979
1309 1089
1194 419
732 404
333 965
242 929
1206 1081
383 788
996 601
1307 1135
1258 163
312 475
483 705
940 691
465 980
769 344
458 930
284 503
200 1015
907 532
831 1148
312 536
728 694
176 575
1294 1482
561 1052
144 873
378 978
429 169
520 894
1148 1289
89 457
718 372
960 917
1386 366
301 716
365 612
104 1444
158 279
870 1451
260 1431
1354 755
1155 583
584 83
751 1103
1328 750
1243 268
1207 812
639 666
581 876
1383 881
444 599
344 899
542 501
1177 1411
804 288
193 1009
1394 199
92 829
634 842
431 461
92 174
729 1298
985 219
815 65
1095 697
1297 38
147 493
936 688
993 964
950 648
103 1495
157 348
193 248
1176 826
1441 106
139 384
631 1219
533 468
1437 1347
532 1031
895 681
1420 1041
1173 1207
580 1017
1022 382
165 1124
376 321
1471 568
920 1146
246 860
104 384
96 734
102 628
1201 390
475 585
273 221
1265 192
114 1289
251 693
805 1272
1074 969
896 301
141 1218
869 1412
1216 1466
1124 1319
701 1219
552 802
346 605
43 1172
1189 315
245 1305
859 358
1093 1109
1402 397
880 976
218 627
1276 710
697 996
974 412
1313 597
582 513
315 1133
166 1012
589 209
1036 277
523 1280
433 1381
489 25
1341 390
774 1073
217 1343
551 345
904 1247
1340 377
510 5
973 1091
517 139
1076 683
3 164
891 1390
793 265
21 77
498 509
454 338
898 1227
1410 1467
1421 813
311 824
559 502
53 1421
506 1377
1011 1023
368 938
557 370
1454 299
611 746
563 631
1174 1412
1139 127
250 888
205 511
854 125
1323 16
1301 734
518 205
654 1023
81 516
897 448
1454 305
1169 1407
603 279
1004 18
1261 677
1429 899
804 530
639 1008
1393 344
1485 1215
360 137
800 1229
341 1453
1103 421
469 852
1221 774
1156 889
680 611
20 535
628 1280
1211 908
1031 866
290 521
726 182
1216 710
248 75
846 1048
155 1186
1352 1258
458 320
609 178
1093 616
1419 624
1226 1438
1158 705
69 1221
113 1451
586 754
471 1311
935 187
872 34
613 217
1081 768
254 933
877 712
104 337
1241 49
952 1159
672 678
1448 682
1382 17
754 346
319 191
1099 790
2 533
1328 1225
919 440
294 499
59 547
283 1287
110 739
123 1351
787 1075
1361 310
252 1309
1343 485
177 596
831 495
787 429
136 1140
1314 315
864 732
755 1157
82 1165
556 717
952 1017
1455 1426
1219 1093
1000 1080
1402 103
1240 1245
588 268
692 1418
1114 330
698 102
1469 511
416 1185
94 22
1193 176
1187 248
1244 990
117 1198
915 1335
790 767
1266 1043
869 1357
1139 308
124 331
225 1238
660 1275
1339 981
285 606
665 731
628 357
1258 314
957 1001
155 1073
1050 1421
1259 339
687 1377
233 56
1233 1372
363 1357
554 940
1446 1213
714 136
693 1350
741 209
580 1368
566 689
533 374
189 1039
298 1238
960 408
428 146
284 661
553 17
884 916
225 1437
707 170
1149 272
657 694
121 1397
1254 1053
117 671
241 1001
1044 782
540 193
871 351
601 1299
496 884
811 1049
1252 194
816 1476
482 374
145 130
645 1153
1175 1117
1402 929
1021 370
451 114
1370 1495
895 761
539 265
1111 1139
415 459
875 77
359 626
622 26
602 1103
399 1098
85 1395
751 1259
1363 1004
1039 884
1373 342
997 1242
688 391
855 1226
1007 817
1217 274
127 591
350 485
68 1324
510 669
926 1260
619 1010
6 221
1121 1369
1224 1011
752 1096
1352 600
1189 539
1342 895
617 848
564 333
1121 690
1275 323
1175 1342
146 536
511 1071
648 1481
933 1005
201 905
873 276
415 476
223 619
1075 263
9 916
10 625
616 573
957 588
1262 731
910 936
925 1407
324 287
1330 1323
267 762
827 819
166 200
1446 932
1027 168
50 954
782 59
721 791
1035 1336
1363 492
424 1125
74 185
912 1350
444 87
136 273
1409 402
1386 736
72 403
1287 17
1334 813
536 236
266 1318
646 987
960 180
1174 823
1023 449
799 1449
986 210
1298 1429
297 1434
201 205
687 438
1292 1111
840 1078
1127 1025
743 515
112 1360
684 757
1198 143
937 872
1317 811
1320 615
759 805
825 557
1085 1473
842 1285
529 380
574 321
1490 265
250 1117
1290 992
483 253
1204 1166
1010 901
160 798
272 1477
108 444
591 867
100 1415
275 1185
239 1468
1321 768
347 395
1440 337
659 541
305 800
33 787
1053 88
804 562
988 963
211 1260
939 318
203 30
36 654
296 662
338 535
629 159
154 1328
553 445
164 63
985 468
863 1369
106 415
1456 909
1328 944
371 390
703 1310
707 1257
1339 1095
410 486
256 1100
1020 1237
1258 25
1064 310
469 1227
724 1454
546 86
1322 651
852 1278
59 1031
721 429
1420 275
590 979
383 428
573 1144
914 828
743 785
564 852
810 479
13 130
205 737
83 750
1174 257
252 526
34 310
408 1106
1091 328
232 180
158 966
960 730
961 725
409 556
9 1325
1407 1170
303 1420
1300 860
1008 234
109 681
490 713
58 875
1374 466
832 964
1145 1063
1496 1302
880 955
883 341
179 1291
1248 539
1115 1154
561 270
1425 712
1129 932
945 89
465 1435
801 522
1161 675
1339 493
490 1335
407 485
1136 1287
291 870
127 821
661 1374
212 627
1379 772
1248 156
1483 876
1439 927
1317 403
1213 617
1277 1226
143 1115
218 985
950 624
1469 937
410 612
307 888
1432 1319
1113 143
797 1344
914 545
1499 1248
272 1437
1027 88
692 1091
1057 468
816 1199
434 1385
683 235
509 1004
24 1270
115 682
1010 398
500 622
893 148
817 658
1044 815
406 1316
1104 284
255 295
1374 1311
1114 1042
1362 399
926 896
634 1434
399 657
56 865
190 1065
115 689
538 1007
1188 1355
164 732
1021 921
547 624
1204 1153
1270 1078
964 883
971 825
1282 396
572 767
682 1323
275 737
1039 464
653 1153
4 1190
1011 1191
1396 1175
774 917
595 1320
40 651
1325 1310
228 788
1044 1198
464 1177
445 1035
443 1126
1209 1069
714 748
384 1366
400 387
1408 1411
430 1303
1437 1203
719 883
1375 759
33 1199
920 612
838 463
309 1301
140 1106
1187 934
731 896
503 1445
143 886
162 894
125 69
1156 554
1372 1092
608 590
475 482
200 507
532 1119
1119 1369
82 279
21 573
1384 1208
6 967
955 508
1263 1097
246 1424
842 370
345 498
1275 216
441 382
1157 915
864 1357
274 247
1327 244
116 260
874 136
832 758
195 1190
576 1149
197 338
1097 442
613 439
1163 957
936 937
1172 1376
1319 1181
1143 1034
1389 268
132 1215
511 247
327 1384
735 10
993 929
1199 68
578 1396
757 174
689 1370
964 704
826 399
140 850
627 310
530 621
195 418
888 679
484 250
925 810
133 159
1172 1478
1440 870
45 517
1117 1154
1042 658
1023 506
1361 700
1256 352
49 382
1014 930
1354 60
199 1093
738 683
1342 515
344 1475
673 15
1452 612
1237 348
1480 853
1 1022
10 1375
27 1370
575 1282
574 975
516 87
405 721
146 955
314 1236
137 155
250 833
481 1274
1199 432
738 935
1132 717
288 1484
590 297
211 968
519 1137
1102 1092
611 469
30 1367
1189 527
822 2
262 1310
157 863
642 637
637 341
1421 226
127 1404
1294 414
1387 384
1063 449
203 81
85 1304
24 696
272 405
914 1461
1283 587
314 397
397 822
1259 1390
311 747
582 583
972 709
486 1118
1122 724
353 1036
1173 555
1468 1257
711 343
804 982
747 570
1294 530
1156 460
926 404
1281 1036
294 443
283 875
1025 106
435 362
1223 409
1086 75
1444 1110
982 1412
1218 192
254 522
25 1353
1443 171
382 1098
982 159
2 762
1194 647
57 328
373 1081
434 808
295 508
1216 1380
935 1159
1341 768
1070 1058
959 176
431 1335
28 373
357 761
323 1338
919 676
952 964
1322 1008
1292 194
940 577
1001 1234
1436 1068
1465 1222
727 1305
489 648
1215 299
823 497
486 850
1222 842
462 44
680 1380
1071 483
1196 892
1490 987
1437 1281
415 1290
1367 702
857 1331
424 435
1488 912
1083 54
1211 757
550 196
459 271
1389 920
666 568
800 588
1402 847
1479 243
333 268
24 1099
57 1390
300 1265
72 723
200 59
487 1282
112 197
538 1014
744 996
1284 632
768 802
52 67
1389 305
913 220
548 97
839 923
47 895
812 346
1011 883
1421 1210
1294 407
1343 257
955 733
1270 550
580 1406
33 1347
1059 436
265 947
741 29
18 1288
477 856
710 523
602 373
1221 465
107 1141
174 1400
399 369
157 205
1453 278
754 532
183 786
731 1241
74 995
1040 814
1376 1409
601 352
765 162
875 218
534 947
682 640
587 1208
892 1337
76 1400
41 380
177 1146
911 712
783 493
452 856
1488 343
169 1363
252 1121
566 1016
1282 1440
85 667
886 767
1307 324
826 698
512 1253
949 904
132 1125
901 1394
336 184
387 1140
1391 726
1482 412
588 585
32 1153
452 166
1445 537
832 1182
155 990
358 980
539 869
732 1487
273 863
1112 1173
756 299
208 1142
290 99
367 624
862 1306
1208 1245
1311 160
1410 107
696 1094
1288 1202
583 145
681 1122
1366 1412
1108 490
1126 1071
162 733
222 722
375 511
1172 1093
1134 533
1251 1194
277 1413
1353 187
19 900
1280 158
601 362
655 1281
335 520
44 1443
1361 1169
1365 22
401 86
743 1127
949 414
1072 934
1298 1174
627 75
1086 479
261 1456
230 392
465 830
1105 1119
962 1440
490 1005
234 350
1025 450
724 278
536 318
256 336
1084 179
1269 881
1352 396
955 1289
1226 67
96 1456
810 561
785 767
531 247
1058 1373
103 143
574 1480
592 1297
609 1127
467 1216
1462 50
1395 83
1282 98
478 1089
239 203
7 334
158 1169
894 1295
435 277
393 1492
149 847
134 722
826 725
871 286
704 1337
2 1017
238 1396
1099 19
345 428
1107 583
631 1466
917 1140
1134 662
1286 68
938 178
411 1086
1025 896
660 702
472 30
988 1175
1366 1341
1044 103
1236 994
473 432
1422 80
1015 552
397 431
543 30
1444 329
449 882
506 1211
819 382
606 1478
1436 1077
359 923
1104 224
763 999
678 850
492 1151
1281 413
82 1147
1316 478
77 359
859 373
687 159
1254 44
1369 924
778 474
1254 713
402 112
487 357
688 1249
1355 1365
950 347
1367 1082
1111 1448
729 927
777 1157
137 487
29 823
645 134
1218 513
1058 495
1338 1163
1207 240
1274 193
948 813
293 803
678 94
1 544
1176 1111
844 756
889 472
764 1025
959 1145
699 103
1278 417
968 1187
1263 805
849 970
1396 975
14 844
287 307
146 1316
752 146
712 779
108 407
34 997
878 1150
521 336
794 1220
791 923
488 258
962 250
1062 662
71 958
488 85
653 775
743 798
942 1494
1295 153
773 254
559 1158
1250 289
1159 623
624 452
694 266
227 1181
523 40
282 437
701 353
246 1189
789 898
815 31
547 256
376 693
761 1148
946 171
1158 696
459 816
170 1435
120 863
200 698
895 723
737 1176
1159 289
380 1404
329 1168
801 1143
50 199
251 426
891 1363
425 336
33 82
1383 492
1250 52
778 221
1266 977
918 660
199 506
688 209
794 1067
112 1123
1087 1264
1117 1136
1462 219
413 852
81 838
40 466
919 1422
1309 1020
1474 586
1240 91
62 1009
751 613
14 290
821 1160
208 1285
1134 1294
1400 750
1282 214
1321 194
1417 253
1031 1456
718 802
1378 526
321 203
1111 413
293 25
1421 1395
989 287
184 309
1446 392
445 1079
537 697
680 318
910 500
864 826
753 394
782 1470
47 1011
848 720
1213 810
1132 357
1186 1404
252 674
190 435
1335 135
1178 279
1213 215
975 393
884 736
1244 247
62 496
993 1195
818 1391
705 517
610 769
178 593
1125 1364
497 228
537 686
1015 371
821 692
1002 885
1258 828
129 994
64 1373
92 477
720 1436
523 389
1327 79
905 436
847 1083
1381 823
1298 377
1403 334
1062 917
1057 734
460 558
119 218
237 247
1211 300
471 154
1128 1191
90 150
79 1416
228 1336
703 1426
918 583
1101 715
959 1003
1400 873
419 956
106 878
365 576
1447 602
823 9
1253 1293
163 881
1335 252
1382 1414
519 462
1249 1221
387 1018
656 1487
584 114
989 835
986 259
643 1444
1489 1359
519 287
460 193
648 565
1486 810
297 1320
1413 530
85 783
991 185
503 1378
1202 10
216 637
124 57
1472 1461
315 966
256 655
824 775
942 136
967 441
700 1304
1250 1348
1476 14
377 412
1148 1368
597 502
1245 650
512 312
139 987
368 110
947 1035
1427 55
189 750
829 1482
885 647
422 436
803 523
283 1130
888 1012
41 535
879 989
1037 975
139 48
138 277
1034 506
738 832
40 664
886 228
265 566
562 1150
65 1335
437 1219
358 1072
848 97
583 1240
632 313
729 520
139 1219
919 276
1495 452
781 1084
135 820
599 1373
1400 863
790 813
512 1206
647 949
924 1356
520 623
1453 1454
363 936
266 1443
1455 756
1161 873
1031 7
176 664
1442 662
335 540
534 586
1402 176
1398 766
1381 897
566 805
752 1437
279 704
1390 993
491 507
935 445
1262 947
169 1144
1305 344
307 1246
1006 994
285 391
79 187
566 1477
1304 447
1225 369
103 476
305 381
32 546
226 522
1052 1160
1319 1165
959 1487
808 763
331 1467
509 188
960 1145
578 1038
1331 1496
1366 1486
442 1090
354 896
66 658
128 449
1203 353
970 1106
365 788
770 1323
775 430
585 1457
396 1445
144 1355
1090 1073
1244 920
1420 1110
1258 361
1051 111
108 1468
1121 236
416 823
940 238
781 1304
1025 50
1126 651
831 563
959 1226
507 1454
1432 96
1027 1176
1368 946
1137 1125
159 1039
1235 618
1007 855
1205 1422
530 645
159 162
800 36
563 778
1038 1394
1340 497
1119 346
450 1403
442 328
1430 661
126 1418
285 636
956 371
105 462
1226 1310
736 607
806 894
768 105
1281 1330
882 819
75 1073
1315 1194
1419 616
1448 712
1296 1377
224 1421
1294 508
908 749
878 1012
63 955
821 798
413 478
543 32
935 324
214 316
1494 288
241 1308
333 159
775 280
1222 570
156 1445
842 301
804 249
1402 533
1261 316
1488 933
1113 752
1411 155
784 845
830 1349
12 823
136 252
982 469
762 257
1100 483
1178 108
779 520
408 82
768 661
967 528
976 954
1461 940
557 223
1095 192
1067 776
40 1078
99 176
182 1080
996 943
188 947
278 1366
1054 1056
385 314
1490 4
974 956
532 802
761 844
241 1317
1066 1335
361 632
963 400
561 1061
927 742
992 774
185 32
221 814
1397 1274
369 633
87 710
636 1413
517 19
714 1277
862 954
1446 427
789 306
1410 603
1057 823
163 484
64 6
1257 600
37 329
1413 285
103 634
917 189
195 405
453 712
423 1166
488 137
620 785
915 260
1442 1177
862 999
499 1024
1482 914
1381 90
366 1418
419 630
554 873
1263 1471
1413 1458
727 366
1021 1
31 360
137 650
1145 1404
909 1086
1080 270
936 78
145 917
1343 26
1359 208
295 629
838 848
1 952
1170 1413
1261 748
630 781
749 661
1141 1237
1310 1137
1140 1071
1074 719
192 510
1148 337
278 1343
50 1360
1116 1239
707 1116
1043 729
1381 1155
1476 862
788 724
22 780
813 184
416 452
106 341
23 297
850 22
985 1128
1364 550
115 266
409 1231
356 1116
1198 250
696 1430
1405 671
792 1044
1395 1165
323 707
200 1090
10 305
1430 384
602 1132
406 438
1111 621
988 1225
886 1396
1307 94
1363 1357
343 558
138 599
1229 1281
142 1475
946 464
1033 1145
405 1394
302 335
278 1255
318 1035
192 1428
155 1179
4 1041
1427 1311
1486 141
19 328
1051 156
1279 1131
1437 1420
1105 1234
736 989
1230 1140
1234 383
326 11
137 643
1045 329
922 1200
359 926
1092 637
736 1429
778 1106
256 680
1261 34
310 49
306 266
134 1041
1254 216
1032 987
598 1358
1350 735
852 1246
1415 274
945 625
1199 888
1262 786
816 891
391 1424
70 503
309 379
904 614
644 1037
506 749
1252 38
587 350
247 788
1436 1450
534 1350
575 330
474 273
1218 235
1410 885
1477 652
1160 46
7 1469
776 910
934 271
798 292
1019 550
681 458
1251 927
1245 1186
1228 278
1387 303
608 360
575 677
947 837
413 923
340 73
1321 346
393 596
107 178
867 905
469 737
306 1149
1194 56
927 1291
93 655
420 1479
957 1379
338 383
555 136
71 1320
1059 411
244 879
756 988
1474 1215
1165 1192
619 486
429 924
486 474
1331 265
264 275
919 684
253 727
914 942
1461 321
1078 32
140 988
794 383
366 401
222 691
115 1386
383 733
723 1163
508 1209
136 338
1473 752
612 1243
287 1216
469 1200
1010 781
20 939
812 511
426 457
1245 1143
858 1466
333 972
204 1067
557 926
729 1064
634 1217
1402 958
820 865
700 1106
933 20
1157 794
801 29
584 464
539 1361
921 636
1003 630
601 187
101 804
106 657
230 1186
573 1215
902 826
673 221
542 224
178 1474
244 187
1119 1396
215 202
359 1105
62 131
240 1416
760 1193
455 1213
496 560
721 1077
245 1293
1144 1499
618 668
571 1160
891 749
1485 1134
935 1456
1381 1
157 592
1105 571
722 197
838 334
1389 144
398 384
1055 1118
313 1300
911 1456
150 380
623 720
391 365
320 728
351 106
683 231
106 839
822 63
261 396
259 1451
1081 499
94 1478
1234 1149
1095 46
1300 857
353 1449
89 1327
1020 479
192 1340
1206 894
1445 388
1124 403
79 798
817 691
1193 1427
993 773
425 1087
750 158
1087 696
204 1238
53 908
38 141
1087 1057
971 1278
896 677
671 1193
1416 646
447 1494
1443 1263
1037 1487
1189 529
759 113
467 360
270 53
1056 825
1290 1460
585 1327
452 171
1236 1422
300 983
598 1322
675 866
467 1473
1211 762
1235 747
748 923
128 359
1387 594
718 509
999 625
1333 1140
584 417
1319 1035
939 1054
957 1238
536 406
1059 63
1271 26
35 1334
1139 1270
580 386
1044 707
744 1283
153 314
291 1151
938 475
790 22
1244 608
1408 682
161 864
420 1049
122 1478
1111 244
355 1145
77 1493
1266 1009
731 1162
567 326
1296 719
639 86
369 77
912 11
450 655
618 357
1337 1131
73 608
679 546
937 289
789 144
285 1218
488 403
1078 1218
416 144
44 211
1215 682
648 435
1110 59
445 59
714 1063
416 902
1045 840
361 223
1385 1297
863 1025
292 1147
742 780
401 319
849 816
815 1244
1026 529
778 525
963 387
584 1408
798 149
1322 65
1050 866
904 1410
1440 1140
58 802
664 702
800 258
1481 1201
576 1181
868 242
925 746
770 554
1270 585
1292 353
844 589
501 1017
1005 402
382 760
663 673
399 1073
1474 1063
274 773
1320 606
825 747
286 193
989 62
938 610
967 707
1194 759
1412 537
199 412
53 1204
1166 786
463 328
1458 862
1400 283
776 173
1408 947
778 1084
545 1416
1276 33
1477 1065
995 944
624 688
554 535
77 752
1298 481
455 963
1267 1270
1291 76
983 42
711 258
215 618
56 1344
201 600
1259 329
985 1236
245 479
1031 868
18 84
254 446
835 404
927 142
1366 1045
1411 8
1472 1245
50 682
354 616
151 409
459 704
1360 218
1384 844
305 128
174 1335
1348 544
270 101
989 1104
504 767
97 722
311 359
1081 635
103 1482
168 456
597 319
1216 1408
1374 1076
477 1257
771 781
236 1297
967 83
340 1236
184 180
1191 1039
947 1288
612 109
146 193
743 601
526 911
1408 1475
81 1124
1382 306
699 358
62 321
1490 297
117 956
380 808
691 915
988 381
453 786
168 1065
894 666
109 489
1266 634
251 25
608 683
1148 841
988 698
50 1049
1019 39
197 1487
994 928
795 184
342 634
917 1147
1419 1436
1063 1164
601 1171
504 718
656 754
743 116
288 742
956 1275
1440 1006
1175 1310
1396 1372
1296 890
799 942
1425 1141
75 841
1139 345
777 701
361 229
371 864
1299 1026
470 541
1493 757
1282 949
884 73
806 558
1382 701
429 30
90 80
971 367
72 1398
1207 1210
594 835
410 954
1064 780
670 862
657 1139
254 1002
747 387
450 482
460 107
1040 693
807 320
722 1249
399 193
115 470
442 173
179 1035
1008 940
489 923
571 1158
636 1228
1148 889
729 746
1275 30
1228 586
136 1119
1279 1294
1438 500
1042 337
1044 8
1158 1485
181 189
1372 40
1128 360
1314 199
369 449
278 368
1337 1358
1465 1463
239 1192
901 726
1162 679
519 1100
30 413
288 1074
420 1445
1410 952
485 1281
1343 113
492 1156
663 1212
456 940
79 644
1149 44
607 1387
87 7
612 1249
1037 1482
1200 1066
394 1487
991 814
283 1253
617 768
1033 460
880 377
467 394
88 923
185 519
66 1333
914 1024
71 1352
1382 682
1452 918
663 1151
484 1409
1137 326
1074 1420
78 190
687 1463
1001 418
339 320
811 778
1242 995
148 159
1179 1061
1183 1249
1265 1416
782 1216
834 296
867 169
204 855
494 1277
1126 572
319 312
886 171
1081 1224
490 743
853 583
589 1001
742 619
913 776
367 677
691 1500
393 24
296 111
544 851
965 1390
980 943
813 1298
1254 198
1468 1187
273 810
781 1125
1392 222
977 633
840 390
260 59
1418 951
58 662
1326 705
772 370
56 589
611 1387
31 1423
36 136
120 355
174 392
1164 1307
16 1056
28 1345
540 867
234 800
1277 503
250 1335
1165 427
891 788
1148 946
228 258
1184 258
180 1219
746 299
74 1271
1042 1237
1077 1410
792 1104
1254 1332
823 339
983 599
841 1232
785 505
158 176
1293 158
1473 372
415 1157
630 595
875 227
1245 1300
1497 787
1037 1426
1048 680
1381 801
863 703
154 831
428 1290
1336 938
1465 1480
1095 1438
351 9
1446 1332
955 1172
410 1052
972 759
690 508
684 237
39 564
1037 902
119 1027
98 624
357 526
413 544
1463 378
523 1409
667 1226
269 964
1409 1224
635 319
1127 106
1429 316
965 612
552 1004
27 88
757 497
1114 1206
1120 322
231 33
866 545
762 1388
805 280
1465 1074
1243 226
1149 377
544 775
483 824
1090 299
1435 141
154 313
228 1262
810 193
968 429
514 50
813 1379
595 74
119 251
353 435
1324 95
660 972
472 55
246 1306
878 1335
456 1164
327 610
1477 906
371 1138
1098 190
66 464
240 879
694 1186
1304 812
1436 157
99 1260
603 758
731 1426
1165 1329
83 542
15 539
206 342
1500 534
1247 722
171 1197
912 588
160 1151
318 853
836 122
517 771
630 615
530 84
224 113
10 1388
293 444
430 307
1334 987
1000 1333
372 1099
555 894
795 1466
1481 1306
1468 651
658 803
1124 26
425 253
992 1307
688 1216
271 1049
1103 563
1493 384
1221 1326
222 721
1159 945
319 565
338 1465
882 671
1270 849
1321 779
503 944
805 927
48 296
733 735
363 1355
284 318
417 628
701 138
453 1275
1210 463
719 380
1027 1057
344 760
227 113
108 399
891 610
194 547
389 241
1195 1473
1327 57
1328 462
374 596
1089 1427
733 394
1201 794
1208 419
1173 1087
1475 16
346 553
480 806
1303 1371
267 1496
769 655
236 463
980 415
520 807
1228 893
1402 817
819 987
62 519
280 1269
1290 305
855 116
672 53
669 1152
858 823
1374 1124
819 642
631 1406
1105 110
320 124
1268 48
1368 1169
1216 1039
1007 129
409 139
1397 198
443 1104
666 1466
1156 1334
1117 865
1008 1342
488 326
484 1118
232 440
79 903
915 1346
1302 782
1015 1017
672 873
1497 1081
1011 1394
130 305
1349 795
271 1356
980 239
720 488
81 59
1165 916
1177 248
1355 107
1151 769
1453 952
402 967
821 1074
1006 202
1062 1487
858 1262
1134 1128
1117 613
219 688
1452 299
747 1469
1214 775
216 1068
881 1366
688 833
1170 1089
651 490
1014 1342
158 519
395 72
858 1252
1333 491
1232 950
1455 1450
137 1407
600 1235
1375 313
509 90
232 242
308 919
1074 1477
859 225
818 373
418 1327
1243 812
1398 600
563 1231
1090 646
1032 1045
595 20
1303 1194
1255 29
358 615
118 589
856 777
359 430
753 70
1006 422
442 275
249 184
1086 146
784 500
1376 725
1498 907
269 592
927 71
638 1033
99 995
147 569
436 1003
1345 1146
284 950
1215 141
1371 156
415 119
692 352
617 327
1203 844
1051 1200
251 1320
644 29
242 1281
1413 341
775 59
1261 62
1413 1105
1208 548
906 922
688 1129
1430 1454
99 621
657 715
947 712
59 849
763 661
668 1406
1041 910
38 953
102 1165
1363 1362
1226 128
1318 933
675 1076
355 215
704 636
520 802
1256 1177
17 1054
740 427
754 2
1087 1422
260 627
1183 649
431 136
313 645
349 39
772 518
971 1447
93 177
513 796
812 1032
98 919
1060 466
824 299
892 78
653 478
351 912
1456 385
60 738
520 725
1382 1220
763 654
237 585
952 330
1114 1464
1477 425
1347 74
196 907
539 1371
1205 282
300 357
759 1002
120 1066
1386 532
303 757
1256 185
476 870
1190 1065
1454 993
1394 1067
1308 222
344 1154
296 891
560 1186
761 617
1468 1413
1325 1078
914 297
644 1152
828 1298
408 935
1482 1236
304 23
800 609
1015 1045
528 1174
1266 871
828 413
613 239
451 225
1207 770
137 1032
347 1403
180 1342
1054 1359
1140 313
793 1473
48 1448
1496 1199
908 1362
1095 1435
1036 1213
1157 715
125 269
1305 927
494 1012
196 982
895 543
884 1074
384 437
932 375
1102 576
348 1149
523 695
1200 1430
908 794
217 795
506 1373
9 983
142 1314
409 987
1177 605
468 571
1499 1352
496 734
640 1427
1109 241
502 1456
242 1376
1002 1441
157 409
1086 373
1204 444
246 64
278 739
1377 686
225 1405
142 692
475 492
895 970
1226 387
1248 1186
979 601
1493 1220
476 994
12 985
1402 1450
1357 1105
393 454
21 670
1192 1397
207 268
154 701
960 980
44 706
450 1269
1444 549
954 923
1150 946
994 477
791 1358
1461 693
1307 170
649 551
623 669
72 667
918 630
934 1071
1330 745
550 1374
1451 1351
1494 246
752 1300
1168 753
1097 1014
1229 388
871 42
1432 677
211 932
79 833
453 150
1499 1370
779 933
1292 609
529 693
834 479
896 1179
1077 147
1330 744
899 927
609 979
166 1479
1020 449
1007 1230
1380 1085
915 332
1234 913
553 513
697 696
1473 1226
1389 1158
556 1136
1188 484
1282 1018
1228 1032
796 336
862 961
667 382
1409 173
463 1288
110 1377
472 1343
1142 1024
707 690
572 679
767 460
688 175
95 376
658 228
1393 737
111 688
1425 972
148 591
205 408
1115 668
547 1224
896 1018
1067 889
894 625
79 1465
1304 845
776 843
1371 1222
1218 529
301 1110
1265 763
297 41
234 796
631 791
55 598
310 602
321 1205
471 239
594 216
864 1024
532 1019
720 159
361 591
232 79
1471 532
40 87
1294 689
128 380
336 758
1170 391
1355 331
1344 528
35 666
766 980
1234 481
855 265
1499 75
776 360
1017 1007
790 987
39 829
1073 184
17 1200
563 353
810 584
1095 1016
914 938
43 1301
455 809
780 188
141 487
453 140
561 80
851 77
1086 140
1415 1476
1320 987
160 189
1039 722
893 348
1306 487
1363 1071
276 1406
871 730
1066 503
918 1206
989 222
197 401
301 1047
829 238
38 743
214 210
229 373
398 1267
1446 1290
466 103
628 329
1174 903
586 544
132 503
1398 1401
560 886
122 757
138 774
655 966
1012 693
208 1225
1254 789
449 151
555 394
292 1373
497 919
201 170
321 1138
1065 804
140 963
1057 699
700 1178
307 838
804 962
303 315
506 863
391 259
151 839
409 1057
1232 700
929 228
470 1481
749 1142
1118 666
797 1257
480 353
808 1179
383 1114
868 1186
575 23
1500 1080
885 390
190 1387
80 598
943 1311
149 372
391 970
352 1491
611 322
656 1408
430 1487
612 1237
18 994
1203 885
679 629
1259 1030
561 995
271 750
881 350
200 676
513 348
1047 1255
1318 250
1245 780
571 753
1039 1001
739 151
1089 756
1496 791
493 675
272 603
556 832
98 1179
433 1330
28 632
505 892
980 403
646 1149
653 743
780 75
347 319
1075 1437
821 1016
1045 816
658 37
342 929
991 898
612 1088
576 1045
918 955
176 274
699 7
677 1344
1155 181
938 435
255 1284
1105 182
1221 425
1197 765
1240 354
1153 82
135 643
1331 746
583 758
290 352
212 818
625 1262
824 153
1106 479
333 895
1265 588
1031 869
1121 1103
1293 817
719 1384
22 371
1465 508
1365 147
1254 447
904 395
1150 1468
1212 275
1229 888
427 1186
1366 760
581 1482
199 463
1202 1319
65 994
987 783
1229 1360
1153 46
368 1369
192 473
668 1448
867 317
1415 931
591 1143
318 1370
1181 535
981 613
868 31
1 1075 69
1 1349 639
1 414 187
1 773 642
1 1046 425
1 187 413
1 645 731
1 737 812
1 678 456
1 129 92
1 1386 571
1 586 555
1 940 118
1 1441 772
1 1230 808
1 802 656
1 228 2
1 794 141
1 1040 566
1 782 86
1 842 321
1 850 339
1 551 87
1 150 228
1 542 630
1 671 279
1 201 108
1 185 992
1 726 625
1 1116 455
1 1284 417
1 111 11
1 271 756
1 1003 310
1 174 636
1 747 367
1 456 597
1 205 358
1 535 207
1 1437 928
1 1336 607
1 1058 388
1 1067 742
1 380 292
1 218 847
1 1098 853
1 1115 560
1 715 385
1 168 717
1 47 341
1 852 793
1 559 660
1 1241 764
1 17 127
1 322 306
1 906 157
1 912 963
1 897 978
1 556 628
1 1121 125
1 474 719
1 1477 88
1 778 543
1 1473 297
1 1259 871
1 137 963
1 1163 696
1 1474 756
1 311 342
1 382 484
1 647 288
1 1492 559
1 602 888
1 888 658
1 1015 861
1 782 988
1 79 111
1 76 208
1 1005 900
1 1005 264
1 770 493
1 578 784
1 1040 551
1 891 702
1 1244 773
1 1185 891
1 1412 177
1 801 13
1 564 688
1 170 579
1 1400 804
1 418 478
1 1266 993
1 38 270
1 1244 894
1 385 365
1 1386 814
1 501 278
1 716 391
1 1479 960
1 15 164
1 850 926
1 1192 650
1 439 755
1 689 960
1 685 589
1 763 603
1 918 380
1 447 455
1 150 543
1 848 534
1 259 86
1 348 759
1 863 63
1 1002 693
1 22 16
1 1208 223
1 942 899
1 1372 880
1 6 561
1 839 42
1 1149 954
1 996 566
1 1333 295
1 373 334
1 837 72
1 868 447
1 1157 567
1 706 871
1 1481 707
1 564 355
1 1222 771
1 77 15
1 22 449
1 894 27
1 861 85
1 1068 861
1 1390 64
1 1426 722
1 858 798
1 408 546
1 722 627
1 492 378
1 193 549
1 1249 525
1 255 164
1 879 329
1 1286 808
1 1343 307
1 108 589
0 968
0 901
1 414 816
0 487
0 1255
1 570 976
1 1413 705
1 1462 305
0 568
1 319 896
1 478 591
1 585 531
0 404
0 1145
0 468
1 188 806
1 294 52
0 769
0 1169
0 987
1 278 927
1 1097 97
0 202
0 1387
1 1011 917
1 1415 823
1 997 142
0 36
1 1500 829
0 108
0 921
1 422 907
1 1051 185
0 647
1 603 849
1 842 962
1 610 819
1 433 820
0 1074
1 516 373
0 845
0 294
0 144
0 66
1 530 116
0 1188
0 1368
0 315
0 1484
1 292 445
1 1276 377
0 256
0 1452
0 175
1 819 898
0 112
0 1203
0 442
0 497
1 272 111
0 1266
0 1173
0 904
0 1046
0 444
1 1317 51
1 120 173
0 609
1 648 891
0 188
0 983
0 177
0 861
0 1441
0 566
0 984
0 324
1 212 24
0 1485
1 145 61
0 1169
0 919
1 1458 309
1 497 254
0 1477
1 983 837
1 924 648
1 344 131
1 668 782
0 691
1 65 235
1 1477 545
1 787 316
1 1096 976
0 92
0 1373
0 363
1 109 296
0 756
0 974
1 1164 141
0 1244
1 1246 661
1 1469 137
1 1361 776
0 116
0 957
1 1315 537
0 587
0 416
0 547
1 303 545
0 40
0 1364
0 804
0 508
1 816 477
0 629
0 80
1 804 302
1 491 968
1 51 406
0 818
0 955
0 403
0 438
1 59 301
1 863 199
1 678 866
1 982 846
1 1413 455
0 1215
1 725 34
1 1128 440
1 445 892
1 12 646
1 449 791
0 1101
0 959
0 558
1 368 449
1 1213 528
1 20 114
1 743 838
1 772 317
0 857
1 16 896
0 1013
1 925 803
1 877 649
1 1379 58
0 246
1 1500 810
0 234
0 1498
0 1424
1 866 695
1 990 904
0 1357
0 1445
0 84
0 1376
0 597
1 508 975
1 187 72
0 186
1 176 771
1 525 804
0 564
0 384
1 511 787
1 719 937
0 792
0 553
0 689
1 690 697
1 623 235
1 914 920
0 1089
0 46
0 1346
0 1029
1 118 948
1 904 687
0 192
0 238
1 1276 904
0 1277
0 301
1 1068 887
0 481
1 487 921
1 533 385
0 1415
0 911
1 212 786
0 899
1 330 621
0 246
1 1372 202
1 317 854
1 236 740
1 1068 897
0 1488
0 353
1 141 119
0 1051
1 348 689
1 98 420
0 571
0 918
1 464 119
1 1132 972
0 1367
0 358
1 608 678
0 704
1 1349 844
1 1485 747
0 684
0 196
1 1206 17
1 1446 934
0 762
0 714
0 24
1 612 735
1 397 694
0 522
0 859
1 592 710
1 190 915
0 124
1 670 682
1 873 127
1 42 240
1 1107 133
0 1345
1 629 440
1 822 916
0 218
1 1234 162
1 791 851
1 680 327
0 1349
1 41 722
1 156 615
1 1175 721
1 717 65
0 1346
1 796 167
1 513 737
0 598
1 1380 889
1 1481 68
1 544 416
0 936
0 271
0 1455
1 765 176
0 333
1 361 678
1 1156 197
0 520
0 967
1 682 699
1 633 31
0 911
1 840 195
0 829
0 1451
0 312
0 310
1 1400 402
1 429 201
1 125 123
0 1057
0 372
1 1139 377
0 1170
0 985
0 1141
0 604
0 144
1 103 307
0 413
0 724
1 902 652
1 1489 629
1 744 537
1 1467 627
0 1344
0 792
1 537 886
1 215 341
1 710 99
0 17
0 323
0 998
1 796 501
0 785
0 748
1 1166 731
1 292 353
0 1344
1 685 880
1 820 446
1 276 156
1 186 524
1 860 566
0 1199
0 1296
0 497
1 706 376
0 1436
1 1232 789
1 1427 284
1 306 17
1 1252 443
0 259
1 282 282
1 1493 199
1 43 59
0 1
1 1277 706
0 365
0 504
0 133
1 23 269
0 681
0 384
1 579 980
1 45 113
0 308
0 373
0 1147
0 70
0 42
1 704 825
1 549 180
1 1033 797
0 301
1 565 438
0 200
1 427 93
1 391 119
0 1496
0 288
1 477 709
0 519
1 696 343
0 96
1 625 129
0 509
0 882
0 1070
1 124 938
1 216 201
0 1334
1 844 676
0 837
1 471 829
1 1376 877
1 990 824
1 466 304
1 974 585
0 898
1 968 521
0 1426
1 496 774
0 1119
0 800
0 1305
1 203 986
0 78
1 189 919
0 426
0 341
0 210
0 621
1 1282 440
1 577 717
1 1072 490
1 1042 458
1 774 615
0 1328
1 471 257
0 659
0 553
1 911 245
1 1121 873
1 1432 507
1 1263 83
1 1182 506
1 226 399
0 69
1 161 215
0 612
0 607
1 1344 133
0 1279
1 777 195
1 1150 82
0 156
0 561
1 657 595
0 894
1 845 440
1 1368 453
1 218 64
1 1176 544
0 1160
1 964 55
1 10 922
0 443
1 1360 204
0 1449
1 727 395
0 398
0 896
0 958
1 442 527
1 283 202
0 1468
1 1382 783
1 1085 792
1 438 586
0 649
0 597
1 1000 323
1 1456 572
0 1204
1 244 551
0 271
1 284 324
1 251 37
0 385
0 790
1 1198 79
0 162
0 1402
0 176
0 933
1 61 5
1 1264 64
0 1314
0 1171
1 1348 995
0 450
0 1304
1 1039 593
0 736
0 973
1 249 226
1 425 331
1 648 391
1 1305 654
1 705 819
1 376 298
0 722
0 776
1 1404 109
0 848
0 230
1 145 979
1 223 838
1 53 482
0 295
0 697
1 1192 902
1 1319 129
1 145 702
1 920 305
0 1380
0 970
1 1029 691
0 1359
1 1271 549
1 1323 30
1 117 510
0 416
1 600 885
1 1228 4
0 1429
0 1436
0 993
1 1236 814
0 764
1 267 474
1 37 374
0 211
0 1274
0 913
1 1094 966
0 831
0 1150
1 501 930
0 789
0 1401
1 1250 67
1 865 922
0 690
0 477
1 1265 188
1 1039 366
1 362 312
0 1433
1 884 934
0 1384
1 235 672
1 136 127
0 1202
0 47
0 1093
1 264 569
0 28
1 821 418
1 1402 280
0 449
1 630 832
0 808
0 712
0 739
0 30
0 123
0 369
0 1057
0 109
1 382 611
1 341 431
0 166
0 1100
1 1281 15
0 1464
1 443 530
0 337
1 720 366
0 1194
1 1205 715
1 18 175
1 751 785
0 1091
1 751 109
1 351 762
1 1217 397
0 1080
0 1172
0 1027
1 78 744
1 123 543
1 337 750
0 1011
0 1303
1 1059 246
0 310
1 762 512
0 441
1 715 83
1 257 106
1 1283 897
0 378
1 569 272
1 1258 22
1 1120 502
0 267
0 1216
0 722
0 390
0 739
1 1312 306
1 823 562
1 1192 197
1 138 574
1 1059 198
0 816
0 424
0 72
1 1054 132
0 1034
0 381
1 1437 972
0 1249
0 73
0 838
1 263 386
0 752
1 108 810
0 716
0 79
1 412 150
0 317
1 494 350
1 874 625
0 1197
1 1171 973
1 593 163
0 855
1 1413 107
0 373
1 867 88
0 1297
0 8
0 1464
1 580 957
0 565
1 650 339
0 1083
0 203
1 1454 865
1 1160 765
1 118 623
1 886 342
1 130 138
1 137 436
0 812
0 1015
1 432 549
0 1270
0 419
0 481
1 936 198
0 947
1 1301 565
1 174 450
0 487
0 119
0 1419
1 1289 230
0 804
0 852
1 1402 473
1 672 955
1 382 742
0 180
0 1324
1 753 112
1 54 92
1 1336 210
1 1254 116
0 835
1 18 751
0 869
1 63 350
1 518 311
0 759
1 588 447
0 920
0 608
0 104
1 120 439
0 1046
1 876 612
1 263 629
0 853
0 484
1 50 159
0 1360
0 1395
0 7
1 30 926
1 637 202
1 336 673
1 1097 70
1 824 681
0 1087
0 95
0 861
0 558
1 1089 194
1 508 941
1 514 134
0 291
0 320
1 280 655
1 622 603
1 1007 427
1 1121 865
0 1216
0 1491
1 65 401
1 1258 522
0 1198
0 1254
0 1358
1 1264 177
0 43
0 107
1 638 44
1 916 13
0 780
0 210
1 634 855
1 386 88
1 907 829
0 1081
1 1192 790
1 955 318
1 1349 853
1 1217 990
0 238
0 434
1 36 76
0 321
0 999
0 946
0 334
1 1267 842
0 552
0 74
0 339
1 653 540
1 1178 608
0 99
0 1341
1 429 376
0 573
1 1020 424
1 465 862
0 1169
1 97 805
0 981
1 764 672
0 268
0 1068
0 170
1 395 366
1 1278 646
0 237
0 767
1 494 40
1 355 795
1 334 743
1 1216 723
1 831 746
1 1450 660
1 247 829
0 993
0 513
0 692
0 1359
1 701 466
0 741
0 461
0 1481
1 1277 728
1 851 205
1 949 7
1 608 524
1 789 544
1 835 408
1 26 843
1 1140 543
0 1246
0 918
0 1169
1 204 797
0 1417
1 34 813
1 1392 158
0 915
0 695
1 684 529
1 890 907
1 1305 546
1 1334 291
0 751
0 109
1 905 406
1 1173 257
0 837
1 604 846
1 18 946
0 180
1 1185 749
0 91
1 527 988
0 360
0 257
1 979 866
0 735
0 1141
1 379 353
1 934 957
1 1395 326
0 1051
0 1220
1 105 942
1 616 969
1 433 680
1 689 642
1 1406 454
0 528
1 620 906
0 715
0 755
1 586 80
0 488
0 614
0 689
1 105 305
1 974 589
0 973
0 48
1 35 502
1 562 947
0 320
0 848
1 999 855
0 79
0 935
0 363
0 203
1 317 859
0 1290
0 1051
1 1428 599
1 1462 100
0 875
1 1210 194
0 909
1 1141 263
1 71 864
1 1085 578
0 1288
0 317
1 843 459
0 393
1 224 343
0 537
1 64 911
1 1273 457
1 681 864
1 795 217
0 658
0 981
0 357
1 933 25
1 627 483
1 1372 907
0 214
0 377
1 956 639
0 728
0 1032
1 810 357
0 1027
0 916
0 586
0 591
0 435
0 674
1 450 791
0 856
0 1498
1 859 5
1 1498 55
0 944
1 1043 754
0 1301
1 751 216
1 1336 218
1 393 5
1 1418 418
0 209
1 78 691
0 678
1 1056 881
0 1110
0 1342
1 1409 595
1 1209 226
1 425 91
1 642 898
1 146 320
0 1063
1 1001 264
1 544 315
0 593
1 1381 991
0 247
1 26 156
0 719
1 4 163
1 595 794
1 992 669
0 163
0 990
0 814
0 28
0 1419
1 449 140
1 291 619
1 1122 644
0 900
0 377
1 377 516
1 22 297
0 190
1 4 502
0 60
0 1021
0 1023
1 318 823
0 429
0 1049
1 587 545
0 1486
0 527
0 135
1 1238 508
0 1431
0 414
1 1050 830
0 717
1 1135 591
0 304
1 72 732
1 1472 17
1 16 667
1 1274 45
1 260 939
1 767 129
1 315 394
0 217
0 191
0 1424
0 375
0 480
1 1340 211
1 1311 579
0 1327
1 1282 452
1 824 212
1 455 478
1 16 645
0 1010
0 1027
1 145 451
1 871 219
0 1011
1 769 28
1 1199 508
1 296 290
1 790 465
0 1221
0 538
0 1434
1 585 295
1 464 846
1 266 925
0 984
0 1123
0 751
1 1112 301
0 158
0 1298
0 738
1 567 458
1 1456 90
0 990
0 407
0 490
1 477 607
1 589 90
1 211 482
1 1360 945
0 1368
1 213 666
1 950 779
1 259 811
1 1201 923
0 1227
1 1409 568
0 385
1 1017 325
0 878
0 948
1 246 392
1 114 346
1 1279 305
0 909
0 1229
0 868
0 994
1 1007 175
1 74 163
0 599
0 363
0 409
1 12 102
0 756
0 1108
0 580
1 1257 50
0 291
1 365 510
0 1358
0 565
1 853 139
0 1391
0 577
0 654
0 1002
0 938
0 624
1 104 76
0 194
0 976
1 1327 106
1 1337 664
1 887 228
0 591
1 47 333
0 976
1 1460 312
0 1328
1 639 952
0 1095
0 24
1 211 999
0 38
1 682 874
0 947
1 1347 948
0 564
1 1387 722
0 176
0 633
0 9
1 605 812
1 551 838
0 338
0 204
1 938 511
1 811 630
1 774 328
0 1328
0 589
0 1465
0 242
0 245
1 857 478
0 168
1 567 6
1 905 906
0 720
0 78
0 505
0 13
1 886 107
1 980 47
1 944 808
0 293
1 1177 149
1 1193 669
0 259
1 52 663
0 471
0 273
1 451 277
1 815 906
0 274
0 674
1 886 470
0 3
1 1031 179
1 912 871
1 1100 129
0 3
1 1385 473
1 157 372
1 1285 681
0 691
0 1120
0 549
0 1291
1 270 793
0 1300
0 1392
0 693
1 662 673
1 664 168
0 1489
0 169
1 1429 306
0 775
1 267 746
1 1167 36
1 1036 157
1 166 456
1 410 166
1 1231 327
0 1006
0 96
1 831 345
0 1042
0 1492
1 1047 339
0 644
1 1367 31
1 1255 188
0 272
0 233
0 161
1 763 839
1 269 33
1 138 863
1 176 405
1 167 338
1 357 38
0 1151
0 551
1 863 90
1 1134 85
1 667 597
1 1429 787
0 549
1 1356 687
1 563 362
1 42 881
1 567 89
0 939
0 273
1 724 135
0 1434
0 367
0 1435
0 1156
0 102
0 412
0 1208
1 1102 771
0 540
1 1043 667
0 132
0 669
1 104 510
1 1238 941
0 858
0 1105
1 1122 113
0 1223
0 622
0 320
0 596
1 233 987
1 1276 653
1 1407 836
1 628 939
1 573 528
1 803 886
1 760 529
0 372
0 659
1 860 653
0 1430
0 1449
0 1439
1 1438 444
0 196
0 392
0 69
0 1396
1 710 50
0 174
0 362
1 1032 600
0 867
1 773 374
0 725
1 403 164
0 692
0 1263
0 737
1 210 157
0 457
1 120 506
0 645
0 298
0 198
0 1227
0 60
0 938
0 428
0 1055
0 633
0 401
0 1485
0 900
1 1145 310
1 748 930
1 332 426
1 981 532
0 1082
1 287 493
0 1224
0 740
1 552 682
1 1150 582
1 1486 70
1 884 66
0 385
0 1202
1 997 480
0 477
0 344
1 1473 482
0 637
1 1047 376
0 98
0 357
0 490
1 85 411
0 1320
1 1156 56
1 1209 652
1 1188 772
0 903
0 1374
0 949
1 363 506
0 238
1 624 646
1 723 635
1 1159 397
1 1330 224
0 385
0 918
1 499 957
1 1463 859
1 188 85
1 816 947
0 990
1 475 965
0 578
0 1167
0 49
0 1007
1 638 67
0 1001
1 298 499
0 1457
0 1003
0 500
1 508 815
1 439 656
1 913 621
1 342 159
0 943
1 387 449
0 1025
0 347
0 1203
0 875
0 953
0 1349
0 538
1 1395 705
1 333 360
0 97
1 604 790
0 428
1 50 315
1 486 691
0 1185
0 1101
0 1293
0 485
0 147
1 720 935
1 1424 960
1 284 610
1 1467 713
0 957
0 771
1 807 802
1 349 52
1 767 4
1 559 802
1 741 449
0 1460
0 736
1 194 537
0 303
1 485 15
0 294
0 743
0 665
1 846 865
1 77 631
0 1488
0 605
1 781 405
1 741 787
1 624 832
1 1494 134
1 478 500
1 1123 359
1 126 375
0 1323
1 320 900
1 123 387
0 1079
1 395 483
1 1135 621
0 610
1 542 603
0 953
0 436
1 1407 146
0 32
0 834
0 760
0 106
0 1275
1 1447 853
1 342 687
0 1476
0 209
1 610 750
1 546 203
1 1334 890
0 979
0 614
0 1036
1 110 688
0 795
0 473
0 167
1 1082 706
1 1410 364
1 1199 474
0 90
0 593
1 204 983
1 35 685
0 885
1 485 847
0 613
0 1073
0 1381
1 1374 315
0 807
1 660 948
1 485 487
0 856
0 980
0 1265
0 1445
0 844
1 872 180
1 1483 792
1 1055 229
1 1498 954
1 646 761
0 158
1 1210 142
1 1425 849
0 904
1 93 83
1 1394 426
0 1117
0 116
0 1248
0 654
1 683 3
1 896 649
1 1185 306
0 1246
0 499
1 148 827
1 759 919
1 166 664
0 755
0 741
1 731 988
0 1384
1 687 739
0 434
0 990
1 192 442
1 1490 792
0 489
1 810 747
0 1169
0 1404
0 1019
1 1045 888
0 385
1 502 552
1 240 500
1 126 841
0 669
1 696 511
1 933 999
0 594
1 431 615
1 687 919
1 222 816
0 488
1 1363 490
0 144
0 102
0 1355
1 988 23
0 535
0 1000
0 384
0 1265
0 1177
0 46
0 149
0 585
1 1247 424
0 1461
0 821
0 642
1 611 348
0 450
1 494 837
0 1493
0 1342
0 271
1 416 1
0 778
1 1347 714
0 1093
1 36 406
1 856 362
0 630
1 242 696
1 816 689
1 274 34
1 115 772
0 1140
0 1091
1 317 92
1 530 261
1 667 796
0 569
0 766
0 132
1 205 680
0 1020
1 176 793
0 1495
0 377
0 1398
0 28
0 231
0 14
0 1231
0 279
1 918 847
0 535
1 1012 124
1 191 338
0 411
0 1029
0 1360
0 1243
1 388 510
0 1346
1 1442 859
1 1172 371
0 1050
1 181 930
0 990
0 298
0 132
1 591 394
1 471 260
0 609
0 1155
1 364 477
0 955
1 1051 159
1 1422 141
0 61
0 272
0 515
1 1033 869
0 1020
1 440 371
1 1052 82
0 1406
1 942 621
1 635 575
1 185 85
0 458
0 969
0 1250
1 105 764
0 1137
1 1350 8
0 641
0 281
1 960 875
0 47
1 1421 110
1 1496 943
0 80
0 944
0 889
1 758 480
0 1021
0 759
1 1484 267
0 976
0 431
1 456 305
1 854 620
0 1463
1 736 258
1 1167 678
0 675
0 517
1 898 287
1 1032 545
1 1367 163
1 843 159
1 862 614
1 181 467
0 921
1 936 508
0 1343
0 420
1 1201 838
1 1485 736
1 1288 267
1 1095 634
0 1404
1 417 995
0 383
1 221 201
0 1494
1 1340 501
1 1183 527
1 1228 728
0 641
1 1216 340
0 835
0 446
1 45 701
0 814
1 1039 548
0 111
1 1489 604
1 181 457
0 1363
0 1300
1 62 281
1 1125 348
0 476
1 1059 773
0 1456
0 851
0 1020
0 20
0 852
0 1297
0 700
0 763
0 191
1 1008 484
0 1140
0 1284
1 689 759
0 600
0 1078
0 855
1 527 875
0 546
0 1224
1 1479 30
1 308 645
1 498 890
0 982
1 923 398
0 762
0 941
1 1038 971
0 92
1 1195 970
1 67 15
1 142 30
1 1171 745
0 315
1 1221 556
0 1054
1 725 803
1 1486 241
0 823
1 753 738
0 1430
1 690 481
1 1056 566
0 586
1 365 682
1 1032 350
1 587 152
0 1394
1 1484 384
0 1224
1 887 854
1 624 426
1 759 968
1 960 523
1 1302 460
0 519
1 782 550
0 58
1 994 386
1 721 221
0 433
0 1134
0 502
0 795
0 750
0 394
1 1365 769
0 18
1 1105 36
0 386
0 415
0 425
1 33 158
1 753 126
1 49 759
0 550
0 81
0 1263
0 74
1 349 194
1 719 774
1 106 846
0 1043
0 558
0 1224
1 124 556
1 249 671
0 7
0 1144
0 1037
1 281 22
1 1324 222
0 745
1 1216 270
1 1414 885
1 526 942
1 601 883
0 156
1 629 827
1 987 783
1 5 820
0 638
0 1238
0 766
0 58
1 396 327
0 309
0 1394
1 856 651
0 738
0 442
1 1159 620
0 645
0 204
0 574
0 138
1 282 99
0 962
1 940 210
1 1246 370
0 1491
1 252 641
1 1342 671
0 1359
0 107
0 1325
0 749
1 786 645
0 1403
1 413 785
1 1420 577
0 754
1 170 2
0 725
0 157
1 1298 680
0 1156
1 1363 701
0 75
0 1362
1 1445 676
1 722 589
1 1313 8
1 613 613
1 783 966
1 359 923
1 1129 220
0 885
1 267 247
1 803 821
1 1016 532
1 691 793
0 1131
1 262 639
1 1226 603
0 860
0 586
0 491
0 1199
1 16 83
0 634
0 1364
1 1353 295
0 384
1 845 528
0 476
0 1232
1 1140 457
1 1210 169
1 295 739
1 1108 937
1 1475 371
1 608 51
1 895 255
1 1049 990
1 745 869
1 1220 289
0 185
0 517
0 138
0 740
0 775
1 392 211
0 366
0 1436
0 1483
0 1071
0 317
0 78
1 215 446
0 1435
0 1213
0 867
0 1075
1 618 667
1 244 736
0 307
1 600 239
0 776
1 462 346
1 1130 316
1 305 883
0 457
0 975
0 1139
0 1101
1 197 70
1 1188 814
0 1423
1 14 374
1 348 150
0 1161
0 93
1 663 184
1 1045 72
1 213 47
1 203 387
0 1268
0 296
0 1475
0 317
0 1432
1 770 790
1 919 72
1 266 516
1 1280 699
0 824
0 1031
1 169 304
1 1407 30
1 194 178
1 168 138
0 64
1 58 685
0 1439
1 634 481
0 150
1 1352 700
1 675 822
1 914 342
1 1355 601
0 64
1 536 772
0 526
1 1376 947
0 1412
0 1496
0 1142
1 939 143
0 790
0 782
1 868 956
0 62
0 1084
1 1143 499
0 179
1 915 556
0 1142
1 326 553
1 321 420
0 148
1 998 990
1 544 623
0 1411
1 1044 472
1 979 133
0 977
0 535
0 353
1 15 846
0 692
0 952
1 670 306
0 879
0 852
1 698 475
0 961
1 1236 432
1 714 917
1 190 855
1 288 560
0 655
0 1335
1 1155 138
1 676 443
1 55 950
1 784 147
1 976 107
0 711
0 918
1 1159 687
1 1365 490
0 424
1 259 681
1 457 187
0 166
0 1500
0 121
0 364
1 447 613
1 1406 266
1 648 183
1 306 870
0 170
0 991
1 445 750
1 512 58
1 569 723
1 568 663
1 1368 27
1 314 639
0 571
1 1130 718
0 199
0 1308
0 545
1 1076 342
1 1177 319
1 586 834
1 160 916
0 322
0 384
1 1426 697
0 1114
1 242 96
0 680
1 212 487
0 756
0 158
0 522
1 267 199
0 1452
1 930 219
1 1251 688
0 951
0 392
0 1079
0 1030
1 347 710
0 558
1 1049 165
1 58 613
1 243 379
1 1365 331
1 1146 549
0 1249
1 1278 199
0 169
0 131
0 1016
1 229 225
1 1139 125
0 155
1 80 268
0 675
1 985 391
1 256 537
0 690
0 1316
0 1335
1 987 321
1 517 836
0 1098
0 275
1 889 149
1 1268 580
0 277
1 1007 261
0 834
1 885 562
0 21
1 376 855
0 1362
0 1447
0 862
0 328
1 725 915
1 225 656
1 1305 17
1 410 23
1 758 356
0 142
1 1149 662
0 24
1 799 238
1 1097 820
1 48 999
0 1124
0 1099
0 420
1 1153 288
0 414
1 218 172
1 1458 313
0 1458
0 489
1 694 639
0 1088
1 390 695
0 888
0 1258
1 377 606
0 812
1 563 156
1 872 725
0 389
1 211 527
1 537 867
0 1231
1 395 818
0 1136
1 727 375
1 836 378
0 794
1 182 403
1 690 630
1 1414 676
1 948 739
0 439
0 571
0 857
1 1009 526
1 644 389
1 18 531
1 1395 901
0 1046
1 981 612
0 611
0 889
1 22 188
1 578 626
0 1149
1 563 928
1 1089 800
0 1329
0 1112
0 682
1 1463 260
0 1397
0 1014
0 203
1 611 192
1 1298 920
0 1275
1 513 366
1 441 465
1 1240 207
0 988
1 1167 670
0 1482
0 430
1 1021 295
1 1223 209
0 1267
1 360 186
1 135 311
0 500
1 461 465
1 552 23
1 39 693
1 560 219
0 489
1 310 361
0 1410
1 355 972
1 850 331
0 357
0 1049
0 317
1 1189 133
0 240
0 104
0 347
1 1190 418
1 530 417
1 891 415
0 1326
0 178
0 618
1 1265 327
0 813
0 1493
1 244 977
0 835
0 336
0 830
0 7
0 1175
1 1015 120
1 782 974
0 550
0 833
1 362 949
1 390 261
1 734 823
0 1210
0 330
0 242
1 1022 281
1 120 807
1 1486 926
0 767
0 1476
0 753
1 540 466
0 737
1 869 488
0 543
0 799
0 164
0 691
0 864
0 665
0 1129
1 172 54
1 1291 656
0 1459
1 563 998
0 1171
1 432 891
0 373
1 1055 523
1 70 865
1 1231 728
1 747 914
1 654 585
0 1229
0 1434
1 1185 693
1 182 270
1 267 553
1 340 277
0 246
0 1273
1 15 196
1 1094 942
1 507 815
0 92
1 729 318
0 212
0 1072
0 36
0 324
0 245
1 994 522
1 1239 672
1 406 687
1 1155 780
0 1150
0 599
1 1082 692
0 899
0 90
0 1142
0 789
1 1022 943
1 803 436
0 1475
1 475 122
1 661 965
1 792 749
1 1430 348
0 1011
0 1171
1 609 761
1 250 811
1 1435 332
1 1365 635
0 1315
0 761
0 1082
1 1301 547
0 945
0 124
1 494 917
0 1385
0 1498
0 1199
0 1447
0 17
0 841
1 1245 327
0 1412
0 107
1 720 150
0 1118
1 149 265
1 1022 610
1 610 994
1 959 839
0 1322
0 723
1 17 915
0 1262
0 647
0 879
0 576
0 754
1 420 440
1 184 749
1 794 326
0 139
0 1370
0 1055
0 465
1 232 982
1 32 595
0 679
0 515
0 1194
0 1037
1 237 976
0 772
1 1054 917
0 317
1 593 538
1 148 80
0 777
0 682
1 842 128
1 372 246
0 1007
0 287
0 616
0 1370
0 1295
0 274
0 901
1 1118 845
0 854
1 558 554
1 220 87
1 1414 214
0 285
0 865
0 1101
1 1037 217
1 1258 437
1 554 62
0 306
1 852 151
1 557 994
1 462 966
0 1400
0 524
0 151
0 923
1 1303 876
0 840
1 44 949
1 716 503
0 450
1 796 653
1 278 710
1 669 23
0 131
0 377
0 887
0 1019
1 42 321
0 1060
1 1480 956
0 859
0 315
0 1120
1 1447 772
1 224 833
0 1244
1 411 726
1 1139 232
1 165 250
0 559
0 65
1 1286 44
0 98
1 1447 764
0 1066
1 351 190
0 926
1 15 21
0 777
1 210 915
1 1078 931
0 1106
0 1353
0 459
0 1214
0 88
1 1182 204
1 1099 293
1 1140 17
0 514
0 223
1 511 468
1 1277 149
0 707
1 1190 548
1 860 358
1 926 592
1 745 125
0 968
1 913 393
0 1429
0 1376
0 965
1 525 284
0 301
0 61
0 216
1 906 499
1 1263 977
0 207
1 1483 331
1 950 406
1 1342 269
1 936 996
1 400 169
1 535 997
1 819 57
1 1034 511
1 1385 972
1 361 562
1 254 44
0 415
0 216
1 38 484
0 973
1 60 724
1 451 258
0 346
0 757
0 1462
0 406
1 738 828
1 799 307
0 1194
0 77
1 333 416
0 668
1 899 999
0 1474
0 321
1 199 166
1 955 765
0 1222
1 1319 311
0 376
1 1156 39
0 1272
0 397
1 883 823
1 342 574
1 1361 47
1 181 130
1 1199 789
0 463
1 606 632
1 268 833
0 729
1 1345 588
0 312
1 419 546
1 394 387
0 1367
0 130
0 780
0 1472
1 900 4
1 161 109
0 1092
0 107
1 957 446
0 1396
0 258
0 327
0 389
1 1041 471
1 1288 100
1 919 211
1 248 110
0 391
1 620 165
0 848
1 1462 156
0 1408
1 1329 517
1 507 171
1 78 212
0 1016
0 92
0 269
1 206 868
0 1217
1 384 688
1 948 35
0 1262
1 670 21
0 498
1 579 357
1 1100 934
0 592
0 973
1 1000 593
0 57
1 452 773
0 1187
1 695 987
1 1443 600
1 612 620
1 1462 861
1 1318 273
1 1251 895
0 1052
1 692 403
1 1381 959
1 684 84
1 370 543
1 208 741
0 1307
1 848 779
0 809
0 1129
1 1263 194
0 158
1 632 729
1 34 892
1 1344 219
0 927
0 326
1 260 534
1 496 692
0 1344
1 555 504
0 535
1 1223 228
1 232 578
0 960
0 726
1 392 69
1 348 848
1 1025 169
1 410 230
0 1102
1 542 923
1 46 735
0 527
1 790 588
0 1367
1 853 337
0 908
1 277 681
0 624
0 804
1 1476 565
0 322
1 994 364
0 874
0 27
1 639 836
0 1226
0 92
0 1229
1 1065 136
1 1341 168
1 465 792
0 108
0 6
0 441
0 826
1 815 199
1 1194 134
1 529 711
0 905
1 839 485
0 403
1 292 243
1 930 559
0 1222
0 50
0 999
1 454 824
0 120
0 1264
0 508
0 342
1 1299 598
0 989
0 1156
0 54
0 837
0 1228
1 828 302
1 1229 732
1 570 37
0 418
0 1461
0 1321
0 849
1 390 499
1 613 339
1 620 81
0 918
0 1144
1 812 323
0 77
0 1382
1 1120 419
0 389
0 887
0 1099
0 269
0 949
0 1076
0 957
0 1032
0 1071
0 953
1 1446 117
1 1096 693
1 978 33
0 748
0 1297
1 1345 717
1 404 837
1 204 455
0 616
0 283
0 299
1 1299 604
0 97
1 159 544
1 1096 521
1 857 620
1 653 645
0 222
0 1206
1 356 261
0 519
1 1275 153
1 74 858
1 529 629
1 100 139
1 715 86
1 863 942
1 1468 447
1 770 668
1 827 77
1 1087 589
1 814 864
1 1391 289
1 267 317
1 1090 416
1 105 630
0 845
1 709 204
1 7 707
0 1026
0 112
1 1310 198
0 659
1 1406 660
1 46 871
1 714 62
1 1481 391
1 1462 158
1 806 218
0 469
1 1228 253
0 1058
1 202 719
1 744 729
0 649
1 734 546
0 958
0 1024
0 239
0 1040
0 776
1 1358 493
1 326 568
0 78
1 958 794
0 1028
0 1113
1 1335 613
1 920 159
1 377 769
0 1147
1 747 687
1 22 340
0 866
0 594
0 1414
0 452
0 168
0 399
1 785 6
1 249 501
1 759 310
1 28 791
0 239
0 1041
1 763 880
1 480 744
0 413
0 237
1 880 905
1 1278 630
1 1135 690
0 488
0 31
0 1228
1 439 82
1 1180 622
0 794
0 1066
0 597
1 185 605
0 1401
1 921 288
0 550
1 1248 591
1 235 963
1 1383 191
1 674 272
0 353
1 1024 146
1 941 918
1 1221 955
0 237
0 782
0 1346
0 910
0 994
0 592
1 963 910
1 5 785
0 277
0 1339
1 1386 336
0 827
1 313 47
1 1463 283
1 1096 791
0 842
1 1120 187
1 211 766
0 620
1 871 256
1 1499 119
0 520
1 592 639
1 197 451
1 1256 913
1 1021 860
1 632 202
1 603 388
0 1165
1 473 285
0 196
1 1002 194
1 258 66
1 1202 704
0 1398
1 1127 654
1 988 526
0 492
0 830
0 1111
1 153 776
0 626
1 11 673
0 1012
1 17 122
0 1234
0 338
1 1220 843
1 1225 612
1 751 593
0 1259
1 783 370
0 935
0 1269
1 408 779
1 1062 643
1 1078 764
1 811 938
1 1443 509
1 552 734
1 297 836
1 885 594
0 519
0 1344
1 1163 464
0 70
0 1153
1 1237 158
0 1000
0 724
0 1070
1 945 390
0 1030
0 718
0 1400
1 1311 900
0 477
0 926
1 59 994
0 153
1 544 889
0 457
1 1100 32
1 1021 549
1 1262 117
1 786 834
1 1037 788
1 937 260
0 1031
0 348
0 530
1 93 528
1 333 682
1 72 133
0 1099
1 691 423
0 307
1 257 493
0 1293
1 77 581
0 285
1 927 984
1 1456 891
0 1335
1 181 869
0 605
0 1447
0 1210
0 977
0 1296
1 937 640
0 729
0 229
1 13 865
0 939
1 1028 246
1 876 433
1 1409 301
1 513 653
0 1419
0 1079
1 43 726
0 979
0 855
0 1487
0 1220
0 799
1 1289 146
1 1035 588
0 967
0 859
0 366
0 623
1 142 837
0 1389
0 1260
0 209
0 1446
1 963 380
0 962
0 1035
1 676 758
1 263 60
1 837 419
1 1203 641
0 158
1 883 192
1 114 804
0 674
1 1058 293
1 1289 984
0 467
1 509 995
0 1144
0 38
1 1094 956
0 1148
0 919
0 1082
1 349 956
0 652
1 1440 783
0 585
1 1265 568
0 584
0 291
1 267 786
1 304 87
0 612
1 426 560
1 583 493
0 931
1 1 934
0 293
1 695 229
0 460
1 577 43
1 1219 472
1 357 305
0 1443
1 1116 254
0 1027
1 795 520
1 577 319
0 1362
1 215 929
1 1443 224
0 590
1 1085 25
0 56
1 227 713
1 521 148
1 1127 712
1 1462 359
0 1031
0 1266
0 649
0 19
0 182
0 152
0 902
1 1309 426
1 217 3
1 429 85
1 428 282
1 639 857
0 849
1 1094 636
0 898
1 371 269
1 904 81
1 1480 483
0 141
1 1192 357
0 795
0 699
1 1212 332
1 702 188
1 51 843
0 538
0 73
0 485
0 384
0 273
0 220
0 617
1 1367 660
1 629 454
1 179 372
0 510
0 1469
0 1120
0 392
0 908
1 719 80
0 911
0 83
0 266
1 938 234
1 1156 894
0 636
0 137
1 422 903
0 1164
0 1371
1 445 614
1 204 120
1 135 962
1 450 396
1 715 49
0 800
1 684 45
0 1319
1 1039 132
0 793
1 1181 868
0 816
1 938 245
1 909 892
1 370 449
0 265
1 517 666
0 1317
0 252
0 1333
0 956
0 1054
