6000 6000
1 3689 5978
2 2917 81
1 2457 1045
2 825 72
2 3609 38
1 5279 5464
1 3541 3113
2 222 90
2 4247 99
1 3087 72
2 2799 50
1 3881 1219
1 4226 2041
1 3999 4577
2 2004 71
1 2648 3722
2 329 32
2 5374 92
2 152 88
1 1418 3918
2 2801 67
2 4990 33
1 3570 3745
2 1906 22
2 3844 40
2 5907 6
1 3083 4559
1 5658 208
1 1662 5512
2 2809 59
1 180 2612
1 2747 4148
1 5136 5298
1 413 2591
1 5135 1701
2 5272 72
1 2720 3958
1 2384 2420
2 5251 62
1 5442 1552
2 3605 56
2 1322 1
2 2938 51
1 3427 1381
2 637 97
2 1538 82
2 1797 10
1 4117 308
2 1544 31
2 1961 28
2 3317 61
1 3898 5238
2 3548 95
1 3886 227
2 3217 11
1 996 1031
1 3714 2828
2 3753 85
1 2133 1893
2 4012 6
2 565 43
2 5523 3
2 3535 93
2 2349 54
2 3720 75
2 2618 65
2 4097 16
1 5016 5144
1 5215 3721
1 2032 1644
1 3012 3885
1 4065 2857
2 1154 19
1 3995 1127
2 3538 45
1 2222 3079
1 5120 3159
1 4484 4167
2 3465 76
2 5372 50
1 4280 3779
2 4746 20
1 5165 4257
1 4092 2878
2 1391 21
2 4669 21
1 4581 1688
2 3648 49
1 5407 114
1 2598 3557
2 3002 37
2 4465 52
1 3621 1213
2 1884 78
1 4333 5960
2 970 8
1 1872 3179
1 2190 4640
2 3056 40
2 3276 89
1 662 2034
2 4590 61
2 3194 59
2 730 28
2 768 5
1 2962 636
1 582 3598
2 2572 14
2 5051 92
2 228 16
1 754 5736
2 734 32
2 2728 90
2 4672 93
2 1698 10
1 2688 1607
2 1547 57
2 4715 76
1 4573 4790
1 5974 524
2 2029 95
1 1000 2132
1 604 5327
1 791 3455
2 2492 81
2 819 42
1 320 3469
1 2400 1878
1 5272 5533
2 3240 38
1 4891 4707
1 5377 4361
2 3286 66
1 5371 4434
2 1172 70
2 3613 54
2 4623 28
2 3840 82
2 4566 14
1 2076 4189
1 191 1023
1 1346 4654
2 303 38
2 3754 30
2 568 87
2 2862 77
1 4627 4510
1 2662 5008
1 943 3640
2 854 62
2 265 11
1 2150 2210
2 4764 65
2 2113 80
2 2155 79
1 4288 282
2 2716 15
1 3432 1118
2 4664 40
1 3425 493
2 1120 57
1 4889 1761
2 4371 84
2 1897 82
2 5422 27
2 1973 26
1 5794 2308
1 5354 4600
1 3837 4274
2 4660 68
2 290 79
2 5918 52
1 4683 1676
1 3534 5988
2 3985 42
2 5632 25
2 3241 3
1 2897 2870
2 257 40
2 5055 89
1 5147 5048
1 3104 3766
2 4329 66
1 3985 3601
1 426 1450
1 2720 3456
1 5333 3842
1 5788 1045
2 4724 99
2 1115 94
2 4595 49
2 4252 11
2 921 48
1 4495 201
2 2630 31
2 1570 44
1 1102 3747
2 4302 44
1 4597 1808
2 2594 3
2 1052 22
1 1982 5078
1 267 1083
1 5874 4403
1 5823 1871
1 1192 2374
2 2854 77
1 4864 1776
2 2713 76
2 5435 56
2 938 33
2 3258 70
2 5375 71
1 1368 4301
2 1310 67
1 5653 4360
2 3433 30
1 4981 5949
1 5996 1979
2 537 69
2 5284 21
1 3101 2354
2 4691 37
2 5074 6
2 4338 85
1 4876 708
2 1542 41
2 4383 17
2 3318 49
1 901 5645
2 2908 42
1 5972 4070
1 2795 3248
1 302 5868
1 2048 1945
2 4361 47
1 44 5081
2 2945 73
1 5424 974
2 5002 47
2 4426 80
1 4651 1181
2 5088 43
1 1895 3868
1 3324 5900
2 5950 20
1 471 5270
1 500 551
1 1064 1735
2 5217 13
1 1471 5678
2 777 45
2 4829 78
2 3549 39
1 4647 1671
2 561 10
2 5051 88
1 3039 3764
2 2770 41
2 77 63
2 2407 9
1 2779 831
2 2567 47
1 304 3218
2 1658 77
2 1253 91
1 5329 4370
2 2386 79
2 4176 93
2 2728 32
1 158 4269
1 4831 1454
2 812 38
2 2481 83
2 3538 40
1 359 2582
1 2560 2528
1 755 5168
1 2116 5104
2 3758 23
1 1384 4243
2 3635 30
1 5678 492
1 1931 2953
1 5838 1889
2 795 64
2 95 91
2 1979 33
1 1972 2797
1 1513 280
2 1194 47
1 1278 9
1 5936 1692
2 142 41
1 3942 4786
2 4822 73
2 2041 48
1 3442 134
1 2014 900
2 1437 95
2 61 39
1 2525 2391
2 4513 82
2 1086 74
1 77 691
1 1054 1445
2 4113 27
2 5513 40
1 5070 5545
1 2086 156
2 565 88
2 5537 98
1 3095 4605
2 5323 31
1 3593 5971
2 3775 89
1 3319 2042
2 3303 17
1 2619 4330
2 1695 9
2 1358 56
2 712 60
2 4767 51
1 4080 1060
1 4593 3121
2 1056 59
2 2586 51
2 4343 77
2 2537 9
2 3493 89
2 1384 45
2 5866 99
1 4707 1995
2 3089 42
1 5959 930
2 1495 22
2 3135 1
1 2304 1215
1 235 13
2 5741 83
1 5475 1625
2 23 85
1 1659 1962
2 655 10
1 2727 4981
1 4137 4585
2 657 25
2 5254 41
2 2408 22
2 818 22
2 1388 63
1 4974 1345
1 4888 2154
1 2990 1692
1 2719 1289
2 5526 66
1 5483 5116
1 2656 5629
1 4402 302
2 274 89
2 1081 4
2 5375 65
1 174 4808
1 5690 5400
2 2832 46
1 402 2185
2 4594 64
1 4075 5786
1 3249 2126
1 2713 1358
2 2498 81
2 1443 45
1 2064 4512
2 4406 85
1 5 2299
1 103 2374
1 5271 2363
1 4702 4426
1 5733 3554
1 143 2686
2 706 72
1 4506 2580
1 1921 3398
2 3718 9
2 882 86
2 5994 5
2 5772 70
2 4477 9
2 5116 9
2 895 16
1 2350 4088
1 1255 4082
1 2905 2998
1 2414 3725
2 2944 62
2 2028 5
2 5446 7
1 578 5909
2 3473 76
2 680 71
1 2435 2865
2 4505 5
1 1846 462
1 4827 672
1 5222 3644
2 2835 14
2 979 77
1 4409 511
1 4199 4912
2 5096 64
2 5797 16
1 2154 363
1 3812 4588
1 1057 2038
1 202 4223
1 3193 1210
2 3244 40
2 3021 6
1 2694 3237
1 4791 3060
2 2294 100
1 1211 3647
2 5854 71
2 5750 26
1 5306 1122
1 4820 3101
1 2910 3845
1 5952 3650
2 5748 74
2 5888 57
2 1701 98
2 3568 27
2 2086 23
2 750 12
2 453 7
1 1350 1612
2 3940 7
2 4687 15
2 2774 90
2 3974 88
2 3688 11
1 3593 922
2 4642 89
1 5063 552
1 558 1182
2 4759 52
1 4232 2058
2 1942 91
2 2951 61
1 3717 5371
1 2363 5131
1 1746 1903
1 4600 5874
2 5670 98
2 4178 77
1 1520 5187
2 1338 92
2 384 45
2 1337 19
2 2999 67
2 3034 87
2 2029 78
2 2684 91
2 5762 20
2 809 66
1 2154 5043
2 161 77
2 3395 99
1 2602 5064
1 793 3745
2 1180 45
2 4797 9
1 969 2804
1 865 2857
1 3018 5828
2 4471 82
1 5312 4102
1 2586 5646
1 1050 3944
2 1933 72
2 1906 24
1 3796 5736
2 1677 54
1 4913 1499
2 2243 90
2 4944 46
1 459 1714
2 4852 48
1 939 724
2 1555 53
2 3327 79
1 1823 3341
2 3145 71
1 5576 3234
2 2760 70
1 1343 3101
2 812 84
2 2716 99
1 200 1702
1 2594 4259
2 2553 11
2 1169 2
1 855 5731
1 3166 3674
2 3274 44
2 4126 23
1 2479 3737
1 3497 5796
1 619 1717
1 5420 2277
1 5120 3560
2 1311 77
2 141 37
1 1545 170
2 107 24
1 1553 4375
2 677 21
2 1447 50
1 2536 3668
1 738 5110
1 3164 3179
1 5531 3094
2 1730 97
1 5850 3539
2 4447 13
1 4928 671
1 1752 3735
2 1158 75
1 239 2333
1 4372 1767
2 637 33
2 4692 27
2 896 8
1 4664 1064
1 3942 3150
1 2777 5923
2 4891 37
2 2050 58
1 3953 2952
1 3565 2258
2 3726 66
2 5772 12
2 5610 42
2 2043 67
1 5913 232
2 4852 88
1 1541 3608
1 772 3347
1 944 145
2 269 89
2 4202 41
1 2410 5915
2 5486 51
2 938 31
1 4642 4778
1 2728 1385
1 1710 1137
2 2424 28
2 2813 86
2 2055 84
2 1410 91
1 19 271
2 5245 42
2 2248 35
2 3487 88
2 461 86
2 1818 28
2 5918 57
2 3357 93
2 2316 69
2 5694 98
1 1859 5280
1 761 2069
2 3627 71
1 2392 2031
1 5905 944
2 900 53
1 5542 1130
1 5452 758
2 4488 39
1 5795 4328
1 944 3794
1 1583 4544
1 861 4713
2 1136 11
1 5279 5580
1 4333 185
1 4999 1439
2 1429 75
1 4461 2685
1 5301 5568
1 3346 5558
1 2822 1904
1 3767 5515
1 5498 1097
2 3310 3
2 1078 26
2 2640 60
1 962 4397
1 3646 3167
2 2191 83
1 5308 5261
2 5576 86
2 5276 66
2 28 39
2 5975 6
2 2811 49
1 2929 1050
1 2304 9
1 5614 1817
2 5967 43
1 1152 5228
1 1039 5269
2 2851 46
2 3705 30
1 202 2687
2 5874 44
1 5339 2134
2 3365 18
2 2617 86
1 1605 4564
2 3969 47
2 370 40
1 1767 1636
2 3562 74
1 386 59
1 3043 3311
2 3206 48
2 2006 2
2 3217 71
1 4285 2239
1 1192 2657
2 5745 64
1 3763 2096
1 4334 212
2 2582 77
1 5016 3902
1 3682 1770
2 386 98
2 3020 53
2 4268 31
1 12 3003
1 2270 2033
2 4217 92
2 2178 64
1 5347 2703
2 407 9
2 369 90
1 756 5651
2 2749 32
1 2777 3109
1 5821 3085
2 317 47
2 1811 84
2 5667 62
1 1815 1003
1 4542 860
1 2995 2624
2 536 95
2 1680 5
2 3197 96
2 5024 98
2 5630 36
2 2717 100
1 4723 1863
2 4528 56
1 4464 2509
1 1139 3836
1 380 3212
2 4027 98
1 2637 2986
1 2673 2471
2 4889 4
2 5328 98
2 1593 2
2 2773 42
2 3966 18
2 1522 68
1 3129 2403
1 2419 5236
1 4022 577
2 1828 14
2 1898 11
2 1795 56
2 3517 80
2 5219 34
1 5881 2702
1 4385 346
1 2259 399
2 5947 49
2 5337 49
1 237 3598
1 4157 645
2 2030 93
2 3186 7
2 3691 59
1 3477 1548
1 5235 1828
2 2190 71
2 3667 79
2 2072 89
2 242 14
1 3261 5335
1 3024 3514
1 5413 2486
2 1739 53
2 3120 98
1 4450 3155
1 2627 5922
1 5966 2765
1 2352 3171
2 3806 51
2 3369 9
1 5315 780
2 5750 23
1 315 1691
2 1621 83
2 3233 37
1 658 5005
2 1685 68
1 4264 1201
2 4713 75
1 2567 397
2 572 4
2 5110 68
1 186 3972
1 1803 4580
2 1700 41
2 1944 95
1 908 4293
2 2953 8
2 3108 95
1 2876 5099
2 536 30
2 657 63
2 3161 25
2 1170 95
2 12 37
1 3924 599
1 579 560
2 2959 40
1 410 4998
2 635 5
1 2356 3178
1 1916 3048
1 2295 5526
2 3855 77
1 390 3635
2 5477 73
2 894 15
2 2096 46
1 2740 2656
1 589 4753
2 4941 92
1 5761 2556
1 1597 1865
1 4918 3393
2 389 76
1 2792 1679
1 5143 237
2 4363 12
2 5516 73
2 4256 84
1 4952 3211
1 3801 92
1 844 2147
2 697 37
2 1341 16
2 1247 74
2 4611 77
1 996 979
2 2197 86
2 1652 28
1 4627 3724
2 3162 22
2 3828 41
1 2479 2448
2 866 65
2 884 33
2 2739 47
1 5678 5033
1 1257 1326
2 3842 41
2 860 63
2 1378 55
1 5047 3838
1 2631 2965
2 3057 7
1 4271 2584
1 1485 5920
2 5177 17
1 5140 2360
1 4783 3088
2 4209 66
2 4547 53
2 5022 15
1 4270 1491
1 2622 4680
1 4549 4893
2 3115 16
2 1725 43
2 2016 52
2 3936 97
2 3290 24
1 2865 3015
1 3115 5390
1 3901 5793
2 975 85
2 5234 87
1 2579 3768
2 5285 72
2 4242 23
1 1535 4979
1 3538 1881
1 5641 854
1 1663 5495
2 183 51
2 5031 88
2 1177 32
2 2407 97
1 4624 838
2 2068 64
2 4206 73
2 1324 60
1 1906 1470
2 4493 43
2 4275 97
1 390 3819
2 2235 68
1 5390 5225
2 2853 28
1 3155 2008
1 2634 1135
1 5108 3813
2 2457 81
1 3184 5915
1 5590 4927
2 1233 88
2 1285 58
2 2499 65
2 2950 88
2 938 91
2 3155 37
1 5267 11
2 4056 43
2 5370 32
2 4435 66
2 4461 3
1 573 1046
2 366 54
2 3880 29
1 2623 1956
1 841 2474
2 3929 80
2 2200 83
1 3278 360
1 1030 4362
1 752 401
1 5470 2183
2 4417 52
1 2480 3924
1 4893 1911
1 2778 2796
2 1013 80
2 5768 24
2 3774 9
1 3390 2964
2 4922 73
1 2915 2958
2 1941 11
1 1392 341
2 3458 93
1 2970 160
2 5975 87
1 461 2988
1 1943 4468
1 1258 4826
2 5567 100
2 5618 32
2 5988 39
2 5795 51
2 107 53
1 3331 4109
1 5209 3187
1 555 996
2 1788 65
1 230 2372
1 3530 1084
1 3450 629
1 4008 4086
2 5462 31
2 2286 100
1 654 3197
1 3706 1088
2 4659 91
2 3538 52
2 2502 44
1 2478 362
2 3903 13
1 1653 3384
2 3417 68
1 3607 1326
1 240 1347
1 3899 5465
1 3710 3713
1 4667 1787
2 659 73
2 4333 49
1 676 1958
1 4643 3572
1 597 5044
2 5030 19
2 4121 30
1 2206 2800
2 2826 91
2 3269 22
1 4741 549
2 4830 85
1 264 4074
2 2896 85
2 3742 1
2 5767 80
1 2875 82
2 4653 97
2 4307 97
2 5877 42
2 3200 77
2 1224 84
1 3397 5159
1 5524 2787
1 252 4024
2 5714 59
2 4903 59
1 3080 2513
2 1141 62
1 5055 3810
2 3571 61
1 1685 2719
2 837 41
1 2565 710
2 2213 14
1 1526 2048
1 3709 1618
1 1906 1144
2 4576 55
1 1128 4091
2 3085 79
2 1076 49
2 2743 3
2 1197 55
2 3263 15
2 3312 57
2 5907 8
1 4124 3054
2 1387 74
2 1886 51
2 5394 3
1 2334 4712
2 1330 4
1 4442 3977
1 5539 699
2 4737 20
2 1670 17
2 4258 6
1 1005 305
2 2775 20
2 2061 64
2 684 3
2 4087 67
2 2357 95
1 4564 234
2 3296 43
2 1408 63
1 2966 4104
1 5720 675
1 4168 3217
2 1719 3
2 760 82
1 5101 5650
1 1429 112
1 4305 1880
1 2315 5272
1 3065 5262
2 2827 22
2 536 13
1 5751 4080
2 2392 65
2 2162 48
2 3800 44
2 6 75
2 568 38
1 3221 3750
1 5186 5918
2 2932 5
2 5515 17
2 3092 10
2 5115 97
2 2068 51
1 3722 953
2 1540 84
2 76 63
2 4827 87
1 5871 3247
2 3004 57
1 1682 5811
1 1541 156
1 3432 1542
2 3192 2
2 1454 97
1 4686 5582
1 3305 5650
2 2312 96
2 5236 15
1 3432 1009
1 280 2172
1 320 5936
1 4445 4925
2 3737 15
2 3681 26
1 4968 1922
2 5607 27
1 1819 321
1 434 922
1 1467 1628
2 5601 7
2 61 43
2 5261 86
2 1545 50
1 2098 5623
2 3263 39
1 4907 3519
1 1095 205
1 5714 4710
1 5720 756
1 2790 1085
1 5227 3523
1 4461 3544
2 3826 65
2 3020 91
1 3475 939
2 4693 73
2 1738 37
1 4337 5613
2 3582 36
2 5870 25
2 626 43
2 3691 15
1 5487 5789
2 5106 31
2 881 2
2 3766 82
2 480 24
1 4525 1948
1 3056 5992
1 5680 1376
1 4730 5305
2 1585 58
1 1420 2273
2 1388 70
1 5775 5302
1 5345 780
2 5737 55
2 5344 76
1 515 4951
1 3527 2703
2 5595 37
1 1177 4005
1 621 349
2 640 13
1 157 1514
1 996 2562
2 2680 81
1 4700 1663
2 4380 13
2 3733 78
1 3046 3120
2 5601 49
2 4027 97
2 1267 5
2 1977 31
2 1336 26
2 2271 41
2 3207 80
1 3242 5830
2 1452 87
1 3522 2955
2 594 21
1 5092 815
1 3680 2156
2 2178 71
1 4902 5741
1 2760 86
1 1672 1799
2 2561 91
1 586 1731
1 3146 5769
1 1981 5478
1 4772 4674
2 1545 28
2 4256 71
1 763 4343
2 5814 4
2 2833 28
2 4839 43
2 2676 36
2 4389 6
2 742 66
1 3968 2864
1 4589 4170
1 306 1656
2 5662 22
1 5661 1073
2 4782 49
1 2115 4420
1 629 3352
2 5735 85
1 4228 960
1 1442 2443
1 4521 227
2 1817 1
2 3632 87
2 3934 73
2 5037 13
2 5123 15
1 1879 1128
1 5751 4516
2 3176 69
1 3866 611
1 1139 4539
1 3700 2800
2 3749 1
2 1078 90
2 2191 51
1 1614 41
1 2802 1576
2 1793 37
1 4412 5271
2 4996 58
1 595 5499
1 636 5681
2 1584 51
1 2887 690
1 5022 2344
1 11 3943
2 1796 1
1 2382 812
2 5711 50
2 2197 51
2 4979 32
1 5217 3590
1 2388 5056
1 5271 5107
1 2224 5793
2 4624 52
2 3744 68
1 5729 1832
1 5599 5439
2 4795 52
2 5898 32
2 2614 69
1 3289 3295
2 2169 21
2 2941 1
1 3918 3053
1 3002 4590
2 244 71
1 551 5238
2 3861 75
1 1060 1648
2 1961 31
2 5948 79
1 5546 3506
2 3388 93
1 2251 729
1 1603 4385
2 4947 9
1 4314 4932
2 2990 56
1 5077 118
2 54 14
2 187 70
2 4478 34
1 4483 4480
2 2080 42
1 4017 3002
1 488 3251
2 1791 57
1 4384 1081
2 1871 57
1 3118 4449
2 2192 90
2 907 52
2 3599 5
2 4213 35
1 1857 1006
2 2088 92
1 846 5763
2 808 69
2 1360 62
2 5362 46
2 1933 75
1 3765 3484
1 161 1053
2 1099 71
1 5520 3042
2 4892 12
2 5947 24
2 534 8
2 4689 53
1 3142 1544
1 2056 2653
2 2314 66
1 5627 1702
1 1626 4914
2 4327 73
1 195 2841
1 3505 1056
1 4231 866
1 1243 1548
1 3650 5850
1 2679 1376
1 1743 5954
2 3771 6
1 4507 243
1 374 1473
1 3159 178
2 3954 90
1 468 5875
1 3211 415
2 3531 43
1 5982 5369
2 1851 25
2 1942 25
1 5878 4397
1 4355 54
1 5502 5765
2 5724 37
2 4237 96
1 5080 809
2 5586 43
1 3207 3156
1 5987 2220
2 4390 62
2 4687 45
1 5028 1349
2 4115 51
1 3726 5669
1 4529 2696
1 5074 741
1 5740 5478
1 3395 4626
1 278 5084
2 5832 54
2 4558 80
2 3610 80
2 5525 2
2 3837 19
1 560 4528
2 4014 72
1 3779 991
1 3583 2176
2 4283 18
1 4352 4382
1 2701 3828
1 175 5329
1 5358 4003
1 2353 1864
2 4387 2
1 97 1862
1 1531 3415
1 5961 4152
2 4041 82
2 3230 33
2 4438 29
2 3873 65
1 951 4697
2 3268 30
1 5755 95
1 1914 5451
1 3928 3935
1 99 4248
1 2663 5565
1 3671 3490
1 5885 1949
1 5424 4091
2 411 30
2 4189 1
2 4073 77
1 3988 732
2 1454 79
2 2087 33
1 852 5787
1 796 648
1 3754 4620
1 2870 5317
2 3466 72
1 3720 3219
2 3677 89
1 5403 4949
1 731 2392
1 686 4625
2 1911 35
2 4846 14
1 5771 4386
1 2454 4429
2 4240 18
2 1897 39
2 1585 25
2 1437 53
1 4769 3816
2 3467 99
1 3946 5774
2 2725 49
1 3528 1449
1 247 5260
1 5573 3919
1 2385 2961
1 5079 5616
1 5588 4800
2 4087 13
1 1356 4742
1 3987 570
2 3677 99
1 3047 2295
2 1329 34
2 4280 51
2 528 90
2 1697 43
2 481 35
1 545 2363
1 450 3532
1 4805 3179
2 3299 11
2 5986 63
1 5927 78
2 3654 90
1 5229 5535
2 5056 75
1 4908 3310
1 1005 5025
1 4414 3094
1 325 4750
1 2079 4942
2 2838 94
1 454 4201
2 2752 17
2 4131 84
2 912 54
1 2346 654
1 1697 3842
2 3183 1
2 5856 88
1 3763 2719
2 5071 9
1 4750 624
1 1788 1363
1 3374 1131
1 5795 4711
1 1023 5674
1 4946 1247
1 3019 5666
1 3548 5629
2 2260 38
1 769 1021
2 3088 7
1 4123 3507
2 2117 12
1 4508 1897
1 2085 3647
1 3575 5032
1 5996 1688
2 284 54
2 4984 29
1 3752 4607
2 2040 10
2 5981 90
2 4776 23
1 5742 4206
2 1500 74
1 1933 5396
1 524 5601
2 2633 56
1 3519 1612
2 1603 77
1 3611 119
2 5152 53
2 4172 75
1 2788 3312
2 3827 85
2 4461 82
1 3458 1000
1 3950 3363
2 2181 51
1 573 2548
1 547 4426
1 5247 1152
1 1686 1049
1 3570 4736
1 4359 2333
2 3916 10
2 605 62
1 4707 4626
2 5256 61
2 5549 2
1 3865 955
2 1753 77
1 3157 3193
1 1757 2143
1 490 1635
2 4034 71
1 2721 2039
2 861 43
1 3013 5546
1 3199 3547
1 1507 1022
2 2976 9
1 2435 4572
1 1256 1128
1 678 2376
2 3758 33
2 1873 50
2 3909 26
2 5241 4
1 4307 4592
1 1471 1034
2 1972 55
2 1022 55
1 2687 1331
1 5139 2493
1 3288 713
1 4925 5799
2 5814 98
2 3558 18
2 5894 88
1 1664 1803
2 3392 11
1 3715 4303
2 5016 6
1 3894 4443
2 2184 43
1 4621 4669
2 5628 40
1 3378 1946
2 1374 38
2 1511 10
2 996 10
1 4156 3329
1 5495 5310
2 3996 56
1 182 1680
2 2365 36
1 3770 314
1 5767 3309
1 5835 4066
2 5300 6
1 5523 1620
1 4026 5507
2 4690 34
1 2102 1072
2 306 50
2 3897 68
1 1292 1998
1 5239 3268
2 427 87
1 462 4437
1 5871 3298
1 1140 2644
2 2533 93
1 1845 4793
1 1525 4189
1 364 334
2 2285 44
2 1903 1
1 2525 53
2 2480 12
1 2450 3886
1 4705 368
1 3047 1653
1 3608 1015
2 2745 38
1 1525 1362
2 1898 85
2 4383 46
2 3481 79
1 5749 4347
1 5103 4638
2 1508 87
2 93 45
1 1349 4923
1 1429 113
1 4025 4314
2 615 21
1 888 969
2 126 95
1 1558 2403
2 106 48
2 3143 27
1 1790 4888
1 3301 3959
2 2093 6
1 4432 2602
2 1153 19
1 725 788
1 1260 1305
1 3714 1740
1 2611 2586
2 3386 15
1 4600 1601
2 2164 88
1 1064 1797
1 121 496
1 2133 5727
2 1373 19
2 1316 13
1 3358 2338
2 5657 17
1 4540 2222
2 3410 7
2 4504 2
1 1090 87
1 5520 4177
2 783 20
1 5385 2911
1 4766 2157
2 1502 80
1 686 5101
1 1017 4501
2 1251 57
1 3952 4342
2 4564 51
2 1890 100
1 4439 2768
1 5266 5200
2 475 90
2 4323 16
1 5846 4226
1 789 1985
1 3825 1524
2 2512 45
1 3393 1701
1 2223 5246
1 2247 672
1 4766 250
1 3995 37
1 3127 385
1 3301 5346
1 3673 932
2 4668 11
2 4091 20
2 1331 60
1 5808 2575
2 3777 48
2 1867 53
1 1167 2900
1 2949 4846
1 3448 1697
2 5901 46
2 4876 19
2 48 96
1 3398 743
1 5769 1596
2 2576 62
1 2059 3579
2 2691 46
2 1469 57
1 3891 4617
2 3446 30
2 1114 28
1 1561 1844
2 2052 38
2 802 33
2 2395 69
1 3569 5863
1 4021 1496
2 4807 23
1 2811 1426
1 3728 2270
2 524 11
2 1600 33
2 2929 21
1 657 2712
1 3618 3261
2 1820 94
1 5178 2682
2 2471 47
1 5638 1620
1 734 471
2 1044 5
1 4068 5745
1 1945 1677
1 2028 4670
2 1171 96
2 3827 24
2 3442 77
1 4193 989
1 2625 2044
2 2352 1
1 5673 1552
1 1196 3795
2 5448 66
2 2828 54
1 1294 5796
2 2913 31
1 3352 1741
1 2077 1781
2 4465 88
1 5845 1334
1 4918 5736
1 3226 5129
1 1369 1464
2 1060 100
2 809 31
1 5889 4863
2 5136 54
1 1885 4872
1 4141 4184
1 4658 2376
1 3843 5833
2 5378 82
2 2546 10
1 5747 347
1 3204 4847
2 4203 63
1 2875 66
2 1357 86
1 1898 5932
2 3394 29
2 2721 27
2 1515 18
1 3230 2867
1 1335 1409
1 3632 4304
1 3088 2470
1 317 2234
1 4139 5972
1 3655 5970
1 2720 1146
1 4235 813
2 4551 16
1 2491 2150
1 1332 2306
1 4156 2634
1 2196 3209
2 4131 98
1 3864 1083
1 1931 371
2 2226 8
2 922 42
1 5278 4503
1 4198 4913
1 3011 1352
2 3746 42
2 571 75
1 3373 3182
1 3663 5569
2 5549 53
1 5591 4338
1 4984 3992
1 4096 4239
2 2756 45
1 2383 2186
2 5776 91
2 3734 46
2 5459 10
1 3012 3444
1 3124 4277
2 722 42
1 5689 3511
1 1548 4454
2 1587 46
2 2589 51
1 1754 1917
1 3918 4314
2 5158 7
2 5696 52
1 4495 3917
2 5768 74
1 3109 4201
2 2955 18
2 3426 48
2 2763 44
1 5295 4766
2 2752 80
1 1156 1523
2 4171 54
1 4709 2361
1 359 5550
2 3194 7
1 1121 4497
2 4605 4
2 4635 76
2 4617 8
2 1963 56
2 2306 55
2 4025 86
1 4592 5356
2 4393 92
2 5888 24
1 1846 4755
2 3148 32
2 3184 87
1 2890 4739
2 391 29
2 356 99
2 5048 4
2 5462 93
1 5416 2202
2 4205 28
2 5264 39
1 4893 907
2 296 18
1 2388 4067
2 4855 19
2 1422 51
1 3082 3746
1 4873 3000
1 3235 3006
1 5339 768
1 964 2605
2 688 18
2 1820 50
1 2440 5724
1 2337 2954
2 5137 72
2 623 24
1 1857 407
2 4561 87
2 4535 47
2 733 90
2 5971 55
1 1333 595
2 1474 77
1 1260 2927
2 3455 56
2 4982 13
1 1927 3746
1 1187 2356
1 1804 216
1 5389 5786
1 3741 1899
2 1184 63
1 4564 1305
2 3770 61
1 5536 2626
2 4164 65
2 2644 72
1 1055 494
2 5232 86
2 4275 77
2 4575 43
1 5140 1454
2 2081 77
1 871 4313
1 4698 3140
1 2004 5087
2 2970 43
2 3963 59
1 5246 2155
2 4028 87
2 2360 10
2 1106 71
2 11 99
1 2433 3196
2 3770 75
2 3168 53
2 4114 13
2 5256 23
2 885 97
2 4686 22
1 633 5930
1 1774 3444
1 5584 3947
2 2601 4
1 1401 5892
2 656 42
2 1943 37
2 2721 25
2 5904 46
2 3921 29
1 681 628
1 3452 843
1 3665 5891
1 1033 3569
2 3308 44
2 3554 87
2 4289 97
1 3731 1967
1 1126 2135
1 3120 2407
2 3690 32
2 5068 33
2 1684 2
1 4727 986
2 3370 38
2 1497 8
2 2837 96
1 1901 3441
2 2307 35
2 5647 76
2 573 81
2 5897 99
2 2379 57
1 5243 3960
1 4677 1467
2 1705 48
1 4684 4715
1 186 5209
1 999 3512
2 4958 83
1 674 700
1 5568 5126
2 5845 37
1 748 5994
2 4162 38
2 1123 35
1 5009 1499
2 109 74
2 1423 86
1 4190 2904
2 852 19
1 3981 1718
2 4292 61
1 3025 3161
2 2058 53
1 4621 5392
2 2992 82
1 2589 590
2 5185 83
1 5314 892
2 2275 81
1 411 1519
1 5392 1336
1 5637 822
1 4436 2716
1 132 2359
1 2860 3835
1 2210 5802
2 1693 18
1 1640 1526
2 1010 96
1 4028 5788
2 4779 94
1 1642 2289
2 707 92
2 1557 8
1 4256 3414
1 2496 927
2 3297 3
2 888 68
2 1011 3
1 3013 3340
1 5332 5127
2 4210 8
1 3517 2130
2 825 100
2 1098 85
2 930 99
1 107 2030
1 1598 726
1 848 3225
1 575 2301
1 4865 3719
2 2746 20
1 2988 3024
1 2496 595
2 3363 91
2 5706 16
1 4661 843
2 2308 2
1 4012 2525
2 5131 66
2 8 84
2 4361 2
2 5098 8
2 4033 6
2 3299 46
2 215 68
1 3549 5499
2 2050 65
1 1402 1755
2 2948 37
1 29 3888
2 5289 74
1 1335 2704
1 3167 4407
2 2931 99
1 5174 5160
1 1588 1785
1 1624 2613
2 5661 7
2 1770 29
2 5217 95
1 4596 228
1 4733 2586
1 3966 595
2 3939 60
1 588 1870
2 1065 31
2 412 55
2 5281 56
1 5069 3825
1 5850 1929
2 4290 100
2 4423 48
1 1991 4623
2 4223 7
2 5683 38
2 5253 13
1 4704 4670
2 5705 59
1 744 53
2 5023 27
2 1984 3
1 3390 4094
1 2233 2210
2 172 56
2 1461 13
2 4824 13
1 999 347
2 4377 89
2 3790 89
1 2069 4419
1 452 2438
1 5157 918
1 1314 4113
2 136 4
1 3030 2761
2 4772 97
2 4792 28
1 4820 934
1 346 1552
2 303 21
2 5455 86
2 1142 56
1 5405 4492
2 4161 96
1 4006 4078
1 3162 845
1 2899 5104
2 3721 100
1 3362 3478
1 802 136
1 370 3348
2 1981 56
2 3181 40
2 5765 20
2 1989 72
2 4371 50
2 1859 69
1 1707 5383
2 5228 89
1 247 746
2 3509 15
1 1092 4980
2 3481 89
1 650 4061
2 1352 21
1 5856 323
1 130 5488
1 720 4249
2 581 43
1 4358 5634
1 1780 3656
1 3391 5694
2 1817 77
2 3696 56
1 1116 1458
2 5189 93
2 4132 64
1 5787 6000
1 3214 596
1 5392 715
2 3996 45
1 5322 2289
1 2528 901
2 853 9
1 5529 4711
1 5778 2470
1 4542 465
2 4124 87
2 2025 39
2 2797 53
2 1974 96
1 1585 1158
2 635 68
2 2504 62
2 4154 22
2 82 37
1 1574 3406
1 199 4090
1 2355 970
2 1237 34
1 2594 933
2 2414 47
2 3563 93
1 4018 4655
2 939 50
2 5209 41
1 1584 2059
1 3 4898
2 339 83
2 3523 40
2 806 6
2 1065 54
1 1118 4922
2 2992 75
1 3011 3960
2 5048 46
2 2502 4
1 3461 2976
1 2978 1800
1 4264 4180
2 3799 31
1 2444 2151
2 4579 42
2 5172 12
2 2962 54
2 531 47
1 824 3450
2 3436 4
2 5325 71
1 1180 4750
1 1480 4039
1 3973 4611
2 5007 54
2 5437 27
2 1677 6
2 1078 13
2 5893 54
2 1951 5
2 2392 94
1 4443 843
1 834 3537
1 5953 291
2 442 67
1 900 1674
2 5945 1
2 4292 84
1 10 4414
2 2085 3
2 4915 67
2 3726 83
1 339 2185
1 2086 5566
2 2366 74
2 922 30
1 4149 5502
2 33 5
2 2217 75
2 1300 13
1 4034 1855
1 1449 4868
1 4283 1733
1 4288 286
1 4881 5045
1 95 2012
2 764 12
1 1570 1520
2 685 84
2 1053 3
1 280 5736
1 2628 5754
2 1060 87
2 1598 89
1 3761 2585
2 5429 59
2 1546 2
2 1522 18
1 636 2806
1 2359 4726
2 1957 57
1 3788 16
1 240 4089
2 4014 46
1 5121 5813
2 1606 84
1 3149 5071
2 5510 49
1 2027 2732
2 601 26
1 5377 5291
1 812 3507
2 2840 31
1 5287 4572
1 1794 49
1 305 3786
2 3582 70
2 3124 42
1 3321 861
2 493 53
2 2680 68
2 886 93
1 5171 2748
2 3575 3
1 3044 2322
2 3899 78
2 3025 68
2 4432 51
1 3174 5291
2 4258 78
1 5175 2286
1 3799 3840
1 868 1023
2 3854 22
1 4830 3857
2 4 89
2 2010 31
1 184 2802
1 868 5558
2 496 40
2 3734 9
1 1435 5964
2 4344 84
2 5657 73
2 5371 70
2 2744 36
1 1185 1860
1 2897 4466
1 2304 233
2 355 4
1 5159 1868
1 1998 5070
1 223 343
2 770 100
2 1398 22
1 5657 2864
2 5225 20
1 4194 2024
1 1952 2132
2 1952 19
1 1519 435
1 2564 5315
1 5018 2204
2 2390 94
2 2296 60
1 2570 324
1 3740 3719
1 4081 4900
2 2160 55
1 4716 2061
2 595 96
2 2569 51
2 1381 71
1 5320 3458
1 3616 1636
2 3597 19
1 218 5422
1 155 5581
1 3561 5613
2 3951 30
2 4710 90
1 2539 954
1 917 5098
1 3829 1811
2 4531 92
1 64 1946
1 626 5831
2 1977 42
1 4466 3064
1 2276 5906
2 800 47
2 3239 100
2 4868 48
2 536 27
1 2085 4768
2 4388 89
1 3616 378
2 2048 46
1 4666 4076
1 2979 2516
1 2722 1205
2 4083 60
2 3691 72
2 2128 39
1 1480 2420
2 4510 92
2 344 26
2 871 86
2 1797 57
2 1857 34
1 5256 5981
1 1260 1143
2 2944 74
1 383 1844
2 2003 29
2 5891 33
1 1811 3276
1 5600 2445
1 1862 3134
1 4118 2632
1 3647 2014
1 511 853
1 2721 4680
2 1749 5
1 3413 4640
2 974 76
2 5657 18
2 687 68
1 4492 2539
2 2640 69
2 3736 34
2 316 36
2 5904 81
2 2476 83
1 3114 3170
1 3861 2927
1 1151 972
1 975 2679
2 2433 86
1 8 933
1 4876 1734
1 2648 5519
2 1728 42
2 1302 100
2 142 60
2 3996 31
2 5713 3
2 3159 19
2 3920 97
2 1970 100
1 1538 1483
1 5651 5182
1 2048 1398
1 1461 2191
1 4737 120
1 5496 5650
1 5266 5926
2 5095 93
1 3125 251
1 777 739
1 61 4798
1 1211 2183
2 2823 47
1 187 2656
2 2394 64
2 2728 22
1 5059 1170
2 3880 79
1 4138 373
1 1738 902
2 969 13
1 4478 5852
2 2463 25
1 1506 4488
1 1776 4574
2 5279 37
2 1088 84
1 4372 3218
1 5280 791
1 3553 4125
2 5544 45
2 4310 28
1 5126 286
1 973 1104
1 134 4081
2 4438 82
1 1874 5413
1 4242 1883
2 972 27
1 114 1767
2 650 18
1 1377 186
1 4401 1155
2 415 54
1 4982 2142
2 384 40
1 689 5569
1 725 3257
1 4403 872
1 3930 2948
1 2378 4785
1 352 2509
2 3746 69
1 1291 5799
2 1503 79
1 4590 546
2 3273 20
1 5078 1555
2 3095 74
2 3206 1
1 1695 4765
1 209 36
1 653 4839
1 3501 679
1 2706 3368
1 1190 1694
1 128 334
1 3056 2573
1 5571 4049
1 754 5145
2 1410 13
2 2655 45
1 2982 623
2 3383 50
1 3594 570
2 2942 98
1 4981 508
2 5820 17
1 4004 5076
1 4837 4293
1 236 3109
2 3706 84
1 4798 1775
2 895 92
2 2492 80
1 382 2919
2 3771 99
1 1821 5052
1 2905 120
1 1548 2020
2 1538 59
1 5794 2720
2 5726 86
2 872 83
1 5166 3760
1 5798 1275
1 5639 4024
2 3757 77
2 5198 5
2 2341 77
2 4916 39
2 5560 15
2 3236 94
2 2879 79
2 5099 15
1 2876 2206
2 2951 80
1 3320 5701
2 3572 60
2 4526 78
2 4963 50
2 5127 1
2 2204 80
2 4136 25
2 3686 59
1 5689 804
1 4181 1542
1 3640 763
2 4500 65
2 5645 2
1 2242 3623
2 1055 54
1 5554 5006
1 4888 1268
2 78 49
1 3925 4030
2 476 18
1 1905 4975
2 4180 50
1 4370 2912
2 5568 18
1 2372 4045
2 2054 76
1 3781 4657
1 1810 3765
1 5697 4101
2 5400 48
1 3519 5258
1 377 1840
1 75 3365
2 3828 2
2 4182 43
2 895 13
1 1483 3949
1 4501 5121
2 2324 82
1 1331 4274
1 3581 5523
1 3951 5085
2 5943 27
1 2696 4077
2 3104 12
1 3796 636
2 2145 64
2 2565 67
1 5785 1504
1 4861 2198
2 2632 45
2 5845 3
1 1422 1396
1 3625 4362
2 837 71
2 4935 94
1 1645 2928
1 4247 5002
1 2711 5771
1 3661 3935
1 805 5807
2 4397 44
2 5264 2
2 1535 74
2 489 69
2 4083 90
2 2404 60
1 3063 4539
1 1506 5978
2 263 69
2 2431 92
2 2772 66
2 3356 23
2 5544 31
1 589 2096
2 5481 95
1 3061 1675
1 5437 5303
1 2241 5187
2 781 46
1 1236 4260
2 5549 1
2 1377 8
1 75 566
2 3422 68
2 3991 77
1 4087 2579
1 5346 1288
2 1121 61
1 4761 5407
1 2176 2521
2 564 38
1 1883 5962
2 1307 2
2 5599 83
1 1208 3486
2 33 5
2 4467 12
1 3929 1850
1 2506 4168
2 4971 63
1 5728 4326
1 743 405
2 4185 9
1 2452 540
2 1155 23
2 5817 12
1 5046 1268
1 2253 3461
1 1375 8
2 5776 74
1 4809 1204
2 3001 28
2 4606 59
1 5777 1380
2 2141 23
1 5792 4573
1 60 1014
1 5575 3487
2 3857 84
2 1534 25
2 5084 6
2 3360 32
1 1991 5744
1 5731 4629
1 2465 559
2 780 40
1 4423 5777
1 5811 5877
1 2788 757
2 2675 36
1 795 5390
2 1878 72
1 2146 4706
1 1950 4743
1 1026 615
2 4007 24
1 701 3145
2 331 69
2 207 91
2 3430 88
2 1193 79
1 764 5269
1 3833 2591
1 3368 3861
1 5502 4879
1 4167 164
1 2315 2451
2 2068 98
1 2010 4565
2 1173 83
2 2980 30
1 3670 3694
2 1310 88
2 3781 55
2 358 77
2 1214 4
2 447 22
2 1112 9
1 3257 5062
1 1648 5446
2 5876 76
1 1076 5930
2 4951 7
2 483 33
2 5180 17
2 5860 33
1 5519 386
1 5460 2453
1 1736 1146
1 2196 4878
1 4565 3796
2 5570 40
1 2331 3309
2 3463 4
1 4590 3165
2 2274 82
2 1119 33
2 35 72
1 2102 2505
1 1675 904
1 4513 1994
2 3746 7
2 3180 59
1 3432 5827
2 641 19
1 1217 2271
2 1266 91
1 2843 3115
1 2405 2090
1 2322 4350
1 3664 4573
1 7 1087
1 4901 1785
2 4876 56
2 1136 90
1 195 5310
1 1903 5021
1 1287 4368
1 481 5584
1 187 526
1 690 5129
1 5347 988
1 1062 2372
2 240 43
2 5429 1
2 3168 43
1 4567 2990
1 4006 759
1 1392 113
2 6 33
1 1293 5305
2 3971 41
1 2159 5894
1 2988 4956
1 3096 3318
2 3669 4
2 2340 1
2 2307 94
2 3594 80
2 5946 63
2 739 78
2 3066 28
1 2907 4215
2 3464 64
2 4214 93
2 1337 35
2 2261 63
1 3269 1084
1 2905 604
1 3273 3494
2 551 56
1 4445 2831
2 2782 74
1 616 1486
1 4116 4206
2 1185 11
1 4408 3964
2 264 43
2 2372 80
2 2148 24
2 2497 60
1 3406 4622
1 112 3763
2 734 3
2 2262 36
1 1893 3816
1 3656 3367
1 5996 517
2 1607 13
1 1883 2354
2 1230 75
1 1036 3075
1 5194 4207
1 2305 53
2 3706 10
2 2787 78
1 3288 22
2 2317 22
2 662 62
2 5529 70
1 3740 4145
2 4217 45
1 4305 1138
1 5785 2233
2 1497 97
2 5939 63
1 1855 2642
2 5971 87
1 3251 1916
2 1405 51
2 1141 93
2 4396 98
2 4610 32
2 2557 63
1 2111 4728
2 3435 69
2 4773 8
2 3613 93
2 1084 18
2 1901 11
1 4059 3768
1 3177 4346
2 4478 68
1 4560 4415
1 2345 5339
2 646 71
1 3789 784
1 728 3340
1 1113 4866
2 1191 65
2 3011 68
1 1279 5512
2 2647 96
2 3112 8
2 5616 99
1 1823 2187
1 5461 3802
2 3733 14
2 5749 8
1 4168 5115
1 4822 4627
1 4849 3879
1 2427 1660
2 4511 75
2 1780 27
1 3138 3140
2 4747 51
2 3387 4
1 5932 3102
1 1554 3815
1 1493 2896
2 5000 97
2 1374 96
1 4430 4934
1 4283 1403
1 966 3548
1 1761 5693
2 633 30
2 2997 17
2 696 2
1 3163 2300
2 3415 84
1 2173 1628
1 3415 5575
1 1819 3918
2 2052 4
1 2707 45
2 4111 89
2 4752 38
1 4941 3916
2 4920 61
2 2575 28
1 1457 5472
2 2484 52
1 772 3941
2 316 38
2 2662 81
1 5598 3389
2 4755 76
1 3357 4086
2 1883 67
2 1286 8
2 930 20
2 2909 67
1 2338 3303
1 2873 1911
2 5412 45
1 3470 3576
1 5600 4773
2 3338 88
1 1649 3843
2 1858 8
1 1789 5013
1 5598 2736
2 4355 22
1 3586 4694
1 1974 4389
1 383 3435
2 1162 2
1 1786 4087
1 45 2264
1 1563 1103
1 4199 5579
1 3113 5
1 4437 1427
2 1044 8
2 498 37
1 1267 1148
2 3544 20
2 960 99
1 519 2227
2 1057 53
2 3747 14
2 152 62
2 5859 14
2 1405 21
1 4631 925
1 5338 2172
1 1577 2993
1 2408 981
2 2200 67
2 4489 51
1 5409 3944
1 4567 2818
2 335 44
2 1307 68
1 5477 2643
2 5807 5
2 5770 19
1 5560 1775
2 5205 94
2 287 22
1 1369 3628
2 4367 90
1 4530 5080
1 2532 5362
2 97 81
2 1299 37
2 1797 59
1 5652 1459
1 2539 4974
2 2487 13
1 3431 5793
1 1095 548
1 5539 2975
2 2904 20
2 968 34
2 5991 76
2 2331 88
2 3874 49
2 315 3
2 2053 11
1 5368 1528
2 2919 38
1 294 4751
1 1813 901
1 2514 2288
1 5326 3700
2 2980 93
1 1087 900
2 4342 48
2 1807 100
2 2884 79
2 3342 36
1 3574 1967
2 5178 89
2 4922 20
2 450 39
1 3589 2733
1 3983 1794
2 395 27
2 3712 25
2 4237 46
1 278 2675
2 5524 41
2 1823 52
1 5451 294
2 4582 34
2 962 93
1 683 1539
2 4768 2
2 1264 22
2 4744 19
1 5844 3184
2 672 39
1 3235 530
1 3390 2216
1 590 3696
2 2901 8
2 4935 100
2 1087 98
1 3312 1395
2 3579 82
2 2933 48
2 4424 63
1 1447 4383
1 1922 1120
2 3755 80
2 2910 29
2 2738 65
2 3201 59
1 1451 1868
2 5430 85
2 3718 68
1 864 133
1 1594 2718
2 188 35
1 5546 2371
2 4076 88
2 3475 37
2 5472 22
1 3162 2914
1 21 4961
1 4788 276
2 4050 86
2 1541 58
1 2097 740
2 3805 9
1 4235 403
2 5889 11
1 2152 1573
2 5511 1
2 1285 38
2 3492 71
2 967 35
1 5337 1317
2 464 81
1 4683 4931
1 5856 863
2 5874 52
2 4430 97
2 2661 15
1 2614 5311
1 260 2642
1 3685 2246
1 4678 4504
2 5955 25
2 3109 5
2 1218 87
1 1095 2155
2 2901 7
2 3854 71
1 5554 3329
1 1026 1481
1 3418 4128
1 222 5113
2 4296 15
1 1529 2844
2 922 95
1 646 861
2 1564 41
2 3006 23
1 3611 773
2 1084 61
2 4505 43
2 5930 99
1 2396 2634
1 1531 4841
1 1580 613
1 3657 142
2 5453 28
2 2063 56
2 442 11
1 377 2425
1 4995 4337
1 4300 4500
1 1064 3725
1 2113 2047
2 2679 64
1 5510 4512
2 4707 78
1 5190 5715
1 4646 1954
1 951 1779
2 3720 6
2 5781 85
2 3040 20
2 5854 51
2 1307 42
2 1135 66
2 2011 1
2 541 1
1 5570 337
1 3222 5394
2 5455 11
2 2744 79
1 2248 2071
2 4578 91
2 5001 35
2 3211 27
2 4413 88
2 1697 86
1 3339 136
1 5027 5032
2 2530 43
2 752 7
2 5080 90
2 5361 54
2 5584 18
1 2069 5007
2 4683 77
2 2413 71
1 5520 4527
2 4071 20
2 4911 94
2 4863 62
1 259 4382
1 4211 5297
1 5622 5255
2 1749 38
1 3561 3911
2 2695 20
2 3284 53
2 3266 2
2 3627 67
2 1239 78
2 1795 47
2 4699 56
1 5780 4653
1 4557 3268
1 5326 2634
1 2074 3912
1 1186 3476
2 2051 46
2 1593 41
2 2061 32
1 5351 3598
1 1465 1734
1 3334 5769
2 4390 88
2 2092 53
1 2548 5223
2 847 24
2 1370 54
2 858 46
2 2923 80
1 4000 921
2 2052 25
2 3217 8
1 5690 2801
2 5068 4
2 3026 36
2 4004 27
2 1425 3
2 85 35
1 3253 2258
1 5577 4215
2 1411 75
1 2519 5113
1 5219 1126
2 2732 45
1 5002 549
2 1260 16
1 1687 882
1 3770 4511
1 5104 914
1 3479 3097
1 2989 3389
2 4968 15
2 1205 20
1 5675 1183
1 5528 1955
1 1196 4943
2 3949 28
2 2051 10
1 4190 5698
1 528 5455
1 2577 4621
2 458 41
1 5208 349
2 3829 24
1 2892 5194
1 1826 2743
1 5445 3035
1 4939 4401
1 5949 3286
1 5215 5624
2 3223 51
1 2028 3390
1 2426 2687
1 2203 914
2 2562 99
1 1776 1719
1 1625 2006
2 1170 60
2 5106 24
2 872 77
1 4870 2863
1 2021 1936
1 3347 5494
1 2966 4338
1 3362 164
2 1497 30
2 5673 62
1 3440 462
2 977 12
1 3175 5262
1 3656 2806
2 3683 47
2 2105 38
2 412 1
1 1611 41
1 1836 770
2 4840 62
1 1912 5468
1 5135 3286
2 2367 77
1 2716 2981
1 2481 2366
2 3894 20
1 5474 3399
1 2522 2676
2 1967 49
1 3591 4910
1 5600 3724
1 4074 5143
1 5776 5994
1 1771 3994
2 5465 72
2 1560 60
1 5844 4932
2 1600 47
1 3071 1387
1 3858 4675
2 1967 32
2 840 97
1 4025 4656
1 2974 4657
2 508 76
2 4456 70
1 289 1352
1 5220 4048
2 2054 58
1 251 1633
1 3064 5219
2 4670 11
1 5663 5728
2 974 17
2 2174 23
2 2653 37
2 4395 63
2 1348 81
1 1101 370
1 2629 5585
1 4340 5470
2 3154 28
2 4237 91
1 1134 3688
1 2614 5271
2 275 96
1 2847 30
2 4131 69
1 4851 3463
2 4995 9
1 4101 1486
1 372 3106
2 2766 92
2 3333 45
1 3382 2245
1 4822 3754
1 113 2520
2 5438 15
1 4156 3004
1 5632 3769
2 5689 77
1 522 1078
2 4023 74
1 5118 1348
1 4150 1954
1 4964 2553
2 5722 88
1 1440 3476
2 942 66
1 5425 2463
1 1116 1136
2 4746 18
2 4793 10
2 164 7
2 4134 16
2 2452 54
2 885 2
1 1416 739
1 2121 2626
2 4488 38
1 178 184
2 3052 10
1 5063 5452
1 3129 1394
1 292 3058
2 2352 4
2 119 19
2 3688 80
2 1686 27
1 2811 5131
1 5075 3339
2 591 31
2 3859 79
2 5767 43
2 1948 99
2 2377 90
2 1405 94
2 401 33
2 4130 15
1 1702 1092
1 4457 1880
2 1307 37
2 4831 79
2 3625 35
2 3551 83
2 3596 13
2 4203 100
1 2924 1180
2 3532 15
1 3068 3818
2 4455 88
2 2072 68
2 1281 63
1 3659 468
1 261 3396
2 3983 50
1 1939 1943
2 3914 12
2 428 20
2 3861 93
2 5467 20
2 606 16
2 5143 87
2 4576 9
1 5926 4147
2 2738 36
1 1940 3570
1 2126 1103
2 5285 80
2 5459 41
2 1527 64
2 1598 84
1 4748 247
2 4020 55
1 2022 609
1 1091 473
2 1908 99
2 3130 85
1 1661 3382
2 3142 43
1 2043 3442
1 1983 93
1 3898 5265
2 610 45
2 177 77
1 1057 2450
1 1808 4551
2 4856 71
2 1162 46
2 738 4
1 5749 2271
2 1692 67
2 4801 71
1 1383 2490
2 2630 50
1 3300 5672
2 1026 90
2 4475 1
2 1873 64
1 5917 4169
1 2573 5869
2 204 77
1 1495 3332
2 3576 49
1 5559 2685
1 1339 4229
2 3250 46
2 839 99
2 2570 2
2 5438 60
1 4187 4558
1 1410 3105
2 1954 59
1 2031 2284
2 4496 23
1 5655 2295
1 1425 5424
2 4413 49
2 598 3
1 5731 2755
1 5354 547
1 5192 5049
1 4563 3692
2 5340 21
2 103 44
1 3639 903
1 3042 883
1 2298 5538
1 1461 5406
1 499 5234
2 209 72
1 2823 2764
1 1125 5464
2 2635 62
1 5108 1069
2 2676 82
1 5643 5578
1 5872 4272
1 3762 4428
1 4981 1117
2 3888 18
1 201 1068
2 405 92
1 449 2404
1 3874 563
1 430 1512
1 11 4968
2 3637 30
1 5345 490
2 1503 28
1 5049 5642
2 3169 84
1 2146 5738
2 764 62
2 1541 64
2 4872 80
1 2893 1164
2 3004 37
2 4586 83
2 4993 25
1 5425 5309
2 153 16
1 3591 3974
1 3050 3350
2 2493 53
2 2224 31
1 3134 2305
2 4818 22
2 2390 80
1 2164 4279
1 2934 3941
1 4925 5020
2 2742 81
2 5625 15
2 1227 52
1 5202 1863
1 1162 4597
2 4811 44
1 3899 5240
1 5294 1148
2 4785 99
1 3447 5527
2 3929 95
2 5920 9
2 4929 12
1 2703 1047
2 5180 34
1 2445 4526
1 1700 1869
2 4088 83
1 3886 2012
1 1868 1752
2 1221 46
2 61 94
1 2528 2566
1 3624 665
2 5941 60
1 5148 2904
2 515 59
1 5331 5192
2 3787 85
2 3109 86
1 1550 4416
1 2960 5411
1 3773 5794
1 2624 3208
1 3517 4899
1 3622 2154
1 890 1789
1 1703 5268
1 4030 1225
2 3345 27
2 5778 9
1 5590 3622
2 5652 98
2 4370 42
2 3930 43
1 32 5656
2 134 42
2 5773 77
2 4058 54
1 570 5097
1 1631 440
2 2632 48
2 5857 78
2 3392 41
1 3309 5209
1 3681 4052
2 382 98
1 3293 921
1 2965 5272
2 3142 85
1 1575 4292
2 4789 93
1 2043 4925
1 2604 5826
2 164 37
2 174 8
1 3660 4084
1 2603 2782
1 4898 3852
2 5488 68
1 1110 5853
2 2239 42
2 3939 38
1 763 4441
1 1580 716
1 4678 4360
1 538 4933
2 2639 89
2 901 40
1 1959 252
1 2193 348
1 2307 4568
1 3788 2830
2 3415 71
2 3765 79
2 2432 15
1 1983 4702
2 5955 83
2 3079 10
2 69 6
1 5842 2922
1 107 5835
1 331 4425
1 5044 821
1 2780 412
1 147 2041
1 603 894
2 417 28
1 4807 1551
2 3203 1
1 2371 368
1 456 4641
2 4706 39
2 3926 5
1 2820 4177
1 4614 4593
1 3072 4236
2 5357 18
1 675 4134
2 2492 75
1 264 4337
1 5819 5663
1 4281 5384
2 5857 66
1 5685 319
1 2456 699
1 5778 1911
1 2095 566
2 1605 45
1 640 3378
2 3872 56
2 5540 16
1 269 2935
2 1443 69
2 3800 84
2 880 72
2 5553 94
2 1765 76
1 690 3682
2 795 69
1 5758 853
1 205 2021
2 1324 51
1 5246 3002
2 754 71
2 4088 33
1 4389 5474
1 1495 1629
2 1952 34
2 4437 84
2 5444 100
1 3128 5397
1 4303 5980
1 3353 2859
2 1440 63
1 3078 4161
1 3770 1705
1 1243 5591
2 2791 29
2 204 73
1 4688 862
1 2471 166
1 4506 2132
1 1880 2678
2 2547 70
2 5309 31
2 4381 22
2 4731 65
1 5611 4546
1 448 3808
1 5418 5812
2 2523 58
1 610 772
2 2617 10
2 3117 37
1 5714 2959
1 663 5846
1 4388 2785
2 2327 42
2 3823 13
2 637 6
1 3664 4654
2 5069 9
1 2690 1847
2 267 77
1 3842 4367
2 2136 44
2 2994 61
1 1612 1646
2 4304 8
2 5812 38
1 856 1408
2 2926 66
2 1352 98
2 180 47
1 5795 1289
2 4086 48
2 25 1
2 5994 66
1 500 4801
2 5096 52
2 3366 100
1 2258 500
2 449 44
2 801 22
1 440 1214
2 358 60
1 5445 2752
2 527 30
1 618 4513
1 1481 912
1 1948 4305
1 5254 3768
2 429 61
2 1230 28
2 2122 38
2 5131 48
1 2229 1035
2 896 28
1 3171 2636
2 2474 25
2 1304 92
2 2506 100
2 2514 100
1 4081 3352
2 3715 46
1 5742 1136
1 4468 815
1 5957 2203
2 3703 16
2 1040 48
1 4843 1325
1 2202 5120
1 3334 4760
1 5258 323
1 5134 1921
1 3197 3698
1 5337 3795
1 3640 5794
2 4070 2
2 5292 65
2 3387 69
2 5579 28
2 2465 74
2 3627 1
1 5421 20
1 5736 5685
1 5216 4672
1 3839 1866
1 4386 1807
1 360 313
1 459 4480
1 4100 4358
1 2482 3149
1 648 4197
2 218 47
1 5320 2904
2 4825 54
1 3576 4187
2 2667 18
2 2336 25
2 1783 35
1 5902 960
1 4545 214
1 2240 2827
1 3648 585
2 1602 75
2 5137 31
2 3829 97
1 844 2632
2 5570 62
2 3221 88
2 4590 95
1 5430 3210
2 3949 86
2 1547 75
1 2060 3332
2 1262 15
1 4570 1973
2 3397 31
1 1831 5741
2 2777 72
1 3008 4493
1 4777 4440
1 170 1066
2 3614 86
1 5726 508
1 1488 4491
2 3508 66
2 5113 71
2 5474 84
2 3560 73
2 583 98
1 3898 5322
1 3924 4091
1 1029 5323
1 2827 1800
1 3765 2929
2 5163 14
1 4730 5409
1 3258 394
1 5377 1229
2 1044 36
1 2530 2846
1 4579 2678
1 5291 1858
2 144 74
1 3020 2024
2 3081 17
2 4466 2
2 3188 43
1 1384 1195
1 3892 5619
1 5931 1553
2 3353 47
1 3389 916
2 605 96
1 349 5496
1 5212 506
1 3956 1368
1 1699 2047
1 659 1796
2 637 12
1 5100 268
1 3707 2860
1 4079 686
2 4210 36
2 2199 77
1 4089 3991
1 4036 5346
1 3299 2420
2 4585 16
1 5819 5309
1 1545 2083
2 1774 61
2 2990 40
2 5853 56
2 5002 11
2 4547 13
1 5826 942
2 3939 89
2 3656 38
1 5926 3607
1 2137 2586
1 1332 5500
2 4007 58
1 4226 543
2 1143 33
2 5724 96
1 5533 3333
1 4306 1485
2 903 72
1 1943 3718
2 5848 41
1 328 1474
2 1750 12
1 1003 353
2 3078 45
2 3497 23
1 5719 1226
1 172 4409
1 573 1132
1 940 3003
2 559 66
1 72 1690
2 5634 12
1 2305 2695
2 4584 31
2 5627 4
2 5876 33
2 5478 34
1 4736 5767
2 1513 15
2 4161 85
1 705 2073
1 1144 742
2 4297 98
2 4893 71
1 1275 2446
1 5784 745
2 455 18
1 512 5331
1 2481 3207
2 1608 5
1 1583 5935
1 5047 4486
1 5459 4614
1 518 3184
1 1479 5039
2 3520 61
1 1543 1185
2 2597 8
2 2740 4
2 304 49
2 3622 81
2 4506 53
1 2993 3921
1 2847 2014
1 2235 2676
1 5472 4874
1 5245 686
2 4056 46
1 2137 2189
2 1747 77
2 2107 87
1 2555 357
2 452 86
1 5062 1758
1 1619 179
2 4285 21
2 2309 55
2 751 70
2 238 71
1 4597 4993
2 4936 23
1 1943 4550
2 3020 18
2 992 60
2 703 36
1 1869 5392
2 4191 49
1 4316 2378
1 3678 4612
1 2210 4362
1 1103 3554
1 1821 167
2 1039 1
2 925 100
1 5910 5779
2 237 93
2 1935 20
1 2294 657
2 4116 79
1 1030 328
2 3437 15
2 4093 51
1 5018 3677
1 3992 4666
2 2031 88
2 2738 74
2 560 78
1 5000 4119
2 2686 2
1 3836 2304
1 5874 5222
1 621 1344
1 1911 5262
2 5365 19
1 3772 3160
1 2051 5066
1 5259 1081
1 346 2180
2 5332 76
1 1162 1134
1 1182 4254
1 1101 4685
2 3343 75
2 2645 53
2 4553 7
2 1557 52
2 1448 59
1 1645 827
1 826 2705
1 5387 5141
1 1102 457
2 4478 30
1 4993 3871
1 4428 1438
2 1669 14
2 679 18
2 3250 89
2 716 86
1 1490 4211
2 2093 53
1 168 3855
2 255 85
2 5217 67
1 295 3822
2 4895 94
1 2384 1533
1 2481 3480
1 4960 224
2 3335 12
1 5469 637
1 3781 4106
1 1738 2019
1 1861 718
1 3398 1723
2 3955 97
1 5239 1011
2 3859 67
1 5427 1095
1 2518 5205
1 1488 1778
2 269 13
2 2733 12
2 1437 42
1 945 420
2 4245 81
1 514 5304
1 1052 4952
2 5081 71
1 4558 1025
1 596 2751
2 5784 3
2 5372 63
1 5986 3927
2 5209 71
1 2013 2802
2 3458 69
2 3486 49
1 4762 2547
2 3018 94
1 5448 1919
1 1843 1045
1 710 4185
2 2370 2
2 5612 56
2 693 65
1 4718 3638
1 5835 2818
1 1299 5077
1 2190 5590
2 632 79
2 4048 42
1 1013 4025
2 4697 79
2 4207 64
2 3233 86
2 4638 83
2 5865 29
2 767 75
2 3183 89
1 3868 3000
1 3298 5458
1 5339 2008
2 4930 77
1 2789 2442
2 2381 13
2 4729 65
2 1942 8
1 1521 5036
1 4630 1398
1 5714 3701
2 4488 66
2 3482 49
1 3743 320
2 3781 22
1 5691 3748
2 4881 61
2 5021 41
1 3828 2637
1 3943 1377
1 4474 3712
1 312 3859
1 1139 1467
2 1063 64
1 3517 1840
2 3645 99
1 3502 5960
2 1112 55
1 1573 5922
2 1118 83
2 2481 19
1 1711 5373
1 4146 5085
2 5742 54
2 2016 53
2 129 97
2 4089 73
2 1336 81
2 1375 83
1 3562 536
2 3617 84
1 2999 5637
1 5993 3171
2 1177 77
2 1430 40
1 716 5578
2 3979 24
1 1633 1248
1 4824 146
1 3357 5524
2 2168 76
1 424 514
1 459 3683
2 3875 38
2 1332 8
1 4537 5173
1 1366 1592
2 2186 49
2 2187 41
2 1668 47
1 3190 3653
2 4083 40
2 4954 14
1 2586 182
1 714 4035
1 3699 4056
2 5235 27
2 3924 27
1 1447 2000
2 5858 43
1 2235 5586
1 2683 5426
2 164 39
1 1775 4459
1 4526 2557
2 1311 46
1 4621 1947
1 4025 770
1 4535 425
1 3379 5847
2 4177 36
1 4150 5853
1 4218 3792
2 5405 17
1 3542 2894
2 3390 16
2 5948 52
1 5336 917
2 626 51
2 1038 58
2 5959 77
1 2116 4581
1 1570 1936
2 5560 79
2 3241 42
1 3506 3658
1 1493 2265
1 383 108
2 4484 52
1 3275 5260
1 447 2151
1 5598 2964
2 5998 68
1 920 2614
2 761 47
2 2448 31
1 1536 5860
1 5001 457
2 3597 7
2 3222 68
1 3689 5079
1 5633 1240
1 5453 5790
2 4151 13
2 3402 80
2 3382 27
2 5131 82
1 3753 3439
2 138 85
1 5315 4574
1 2720 1159
1 2395 4237
2 513 22
1 3160 5841
1 1624 2931
1 1165 1080
2 4879 82
1 3495 2792
1 3521 5231
2 5428 55
2 3364 58
2 678 11
2 18 43
1 2361 4611
1 5975 3155
2 722 97
2 2000 76
2 5433 17
2 5186 7
2 2648 6
1 1384 5106
2 3396 24
2 1442 29
1 171 5187
1 3803 5716
2 5696 11
1 3273 2052
1 3731 51
1 4219 2014
1 3717 645
2 1102 34
2 5387 26
2 1712 24
1 4496 2738
1 1242 2131
2 2080 20
1 5304 4207
1 3683 5580
1 1866 178
2 2839 20
2 5840 73
2 817 72
1 3362 2685
1 4150 1308
2 5278 63
1 277 96
2 3910 98
2 3239 1
2 4425 100
1 506 2897
1 4049 4422
1 4058 1974
1 5246 1730
1 5634 1855
2 5265 43
2 2290 76
1 1275 1867
2 353 54
1 198 4344
2 3349 17
2 4564 18
1 2993 4025
2 5352 48
2 3535 40
1 1795 5176
2 3534 14
2 2960 69
2 3277 32
2 2290 39
1 5673 5710
2 2556 2
2 2132 27
1 2897 268
2 2359 79
1 1262 1039
2 4538 35
1 2693 111
1 513 4347
1 1068 694
1 4745 1569
2 4277 17
1 2099 4528
1 5647 5922
2 1761 92
1 3789 4186
1 256 4848
2 5750 18
1 1525 776
1 5837 2241
2 4987 93
2 1250 29
2 2731 13
1 2568 4638
1 5869 5500
1 3673 4237
1 3903 4504
1 3672 5761
2 51 64
2 2709 82
1 3214 4627
1 2663 4304
2 4223 46
1 4420 1143
1 3325 3328
2 5669 71
1 4324 876
2 5192 34
1 914 4548
1 4310 5655
1 2125 3236
1 183 1310
2 4439 2
1 5507 2573
2 3221 61
2 5019 34
2 2508 100
1 1511 1691
2 814 71
1 5009 953
2 3412 34
1 4593 1544
2 4412 61
1 2507 2902
1 5237 4088
1 3767 2802
2 3865 33
2 4576 35
2 2059 98
1 5535 3274
1 5473 2616
1 4712 5864
1 3 1817
2 2917 100
1 4181 4796
1 3699 4792
1 1186 103
2 5258 46
1 4698 2832
1 5761 4073
1 5358 5148
2 5538 72
2 2409 48
1 4937 2650
1 257 4294
2 1123 3
2 3359 4
2 1093 50
2 2348 34
1 1611 2932
2 3517 37
1 5346 4892
1 895 5750
2 1992 63
1 4486 3848
1 2099 2879
1 4436 3145
1 2319 2511
1 406 1756
1 4029 4197
2 1155 71
1 1448 2035
1 2519 5878
2 2313 10
1 5805 992
1 4190 2561
1 2988 905
2 4151 85
2 3956 80
1 3874 2961
2 5881 41
1 4808 4768
1 4190 2822
1 5783 240
1 3830 4162
1 3297 2650
1 3688 4775
2 4134 84
2 4929 29
2 5805 70
2 4623 95
2 5993 44
2 155 12
2 5290 47
1 5511 3844
1 3249 4327
2 2137 13
1 5337 2660
1 3510 3260
1 1282 3428
2 2531 73
2 2704 28
2 168 14
2 4660 1
1 134 42
1 25 4473
1 555 3194
1 5746 582
1 2083 5699
2 1378 22
2 754 83
1 4908 2281
1 3263 281
1 2525 35
1 1011 755
2 3975 26
2 3859 23
2 1888 26
2 4539 95
1 4666 2674
2 1420 29
2 1012 95
2 2679 86
2 5857 54
2 5754 74
1 2072 3135
1 4203 1405
2 988 10
1 5171 5592
2 3597 38
2 541 70
1 2767 4737
1 1312 5364
2 4937 46
1 2425 2639
2 353 22
1 1164 1989
2 3655 47
1 5533 2166
1 2719 2899
2 5018 28
2 2899 84
2 2236 85
2 3817 28
1 2590 1008
1 3281 851
2 2732 41
2 5585 7
1 4784 3241
1 501 2823
1 4138 2394
1 3377 5395
2 431 79
1 4473 3731
1 5683 3587
1 5524 3615
2 2698 18
2 5468 95
1 5915 3824
1 4010 198
1 5510 2937
1 352 2611
2 3432 89
2 4358 83
2 3501 10
2 5337 29
2 3958 55
1 5010 2864
2 5675 78
2 5603 50
2 3907 96
1 199 5033
2 1297 32
1 4427 4166
2 3346 57
2 4455 45
2 5141 20
1 4386 4719
1 4538 3906
1 5494 5228
1 1310 5114
2 3167 36
1 5221 5930
1 3034 4038
1 5210 3291
1 3644 3768
1 1092 4466
1 5777 4521
1 2601 3297
2 1351 75
1 5544 4397
1 538 5391
1 4785 369
1 4336 1198
1 1496 211
2 5688 16
2 4218 78
2 5647 36
2 1632 89
2 1044 95
1 5266 2653
2 4861 46
1 733 1813
2 5673 23
1 2889 4585
1 552 3148
2 3268 36
1 2568 2769
2 1428 15
1 1618 3623
2 4571 89
1 4388 5046
1 1259 2009
1 3393 5989
1 5709 821
1 774 856
2 5181 77
2 1630 94
2 3960 84
2 1704 3
2 3897 1
2 5143 87
2 848 57
2 364 91
1 3508 5327
2 559 60
2 5580 19
2 468 2
2 3576 84
2 188 68
1 885 4384
2 1352 97
2 1841 11
2 294 49
2 1404 59
2 54 5
2 3633 77
2 2684 99
1 3 168
2 1723 69
2 1787 40
2 704 64
1 5969 2442
1 269 4616
1 5161 2215
2 2376 11
2 5281 82
2 2244 75
1 648 5494
2 765 35
2 4977 88
2 202 45
1 2969 4296
2 5662 99
1 1605 3574
2 3536 20
1 720 5603
2 1453 2
2 2227 22
1 42 873
1 2342 2273
1 2814 5699
2 4583 3
1 3295 336
1 2697 1119
2 3885 61
2 4799 92
1 5596 1467
2 2745 3
2 5414 33
2 1326 95
1 3489 3442
1 2267 1943
1 365 476
2 4459 98
2 4897 15
1 3655 4242
2 2566 21
1 1857 1658
2 2275 41
2 1804 29
1 1163 177
1 3790 1886
2 5189 79
1 377 4921
2 796 76
2 2230 90
1 1670 2841
1 2644 4589
2 3736 17
1 5520 287
1 5514 223
1 981 3571
2 1559 67
1 3045 4111
1 2584 3611
1 4377 3481
1 4098 1536
1 3670 5748
2 3677 37
1 2017 1919
1 2039 2904
1 2181 2160
2 2376 71
1 2131 2397
2 4199 73
2 3001 88
1 4558 389
2 5862 4
2 1642 39
2 4349 35
1 2710 5153
2 5896 30
1 2216 1175
1 3088 2630
2 2619 62
2 4794 17
1 5311 2173
1 4020 1464
1 4111 1730
2 2144 78
1 2306 3280
1 4592 4514
2 3124 30
2 723 100
1 1046 4015
2 2256 74
1 4356 534
2 1073 65
2 4325 33
1 3538 1261
2 4376 8
1 5290 5246
1 4621 2767
1 1865 1331
2 418 37
2 3315 49
2 4112 63
2 556 48
2 5302 4
1 5013 1252
2 2980 17
2 1446 59
1 4490 4324
2 2524 57
1 3970 5401
1 389 1937
1 2524 485
2 2538 22
1 265 4455
1 749 4009
2 4890 35
1 196 2389
1 5242 4584
1 1237 3463
2 153 21
1 1394 3043
2 5179 32
2 1127 55
2 5601 18
1 1441 1807
1 2615 3397
1 98 2697
2 4014 7
1 4835 5802
1 1098 4459
1 857 193
2 3310 14
1 1499 1339
1 3239 3496
2 83 26
1 5128 1827
2 5044 62
1 3796 3179
2 2059 53
2 4097 44
2 3817 11
1 5883 3560
2 3455 78
2 2742 16
1 5163 4610
2 3305 76
1 3299 5491
1 2567 4501
2 4145 94
2 4208 55
2 286 34
1 4248 308
2 4401 81
2 3639 64
2 106 58
2 4817 14
1 3322 1548
2 4310 30
2 1462 63
1 381 4615
1 1260 3077
1 941 1643
1 1573 1976
2 5309 60
1 1676 4771
1 3533 5834
1 542 5831
2 3972 27
1 5011 3919
2 4059 98
2 1340 70
2 5594 67
1 4909 4359
2 2002 55
2 861 29
1 4539 1635
1 3885 988
2 3439 70
1 2501 3736
1 4727 1503
2 5557 14
1 4981 2043
2 763 52
1 1570 2075
2 624 49
2 2457 1
2 1049 20
1 4531 3546
1 2667 5551
2 2101 55
2 670 91
2 5319 82
2 2069 79
1 214 4046
1 4605 2971
1 2701 1490
2 2645 70
2 5184 68
2 1373 34
2 410 10
1 4978 4338
1 4680 1317
2 1561 56
2 4293 52
1 3626 2285
1 3607 3002
1 832 3614
2 2170 43
2 5070 53
1 3900 4844
1 5716 4791
2 4569 33
2 594 43
2 5575 67
1 2988 4676
2 2357 11
1 240 2854
2 3665 30
2 996 99
2 1287 50
2 3316 48
2 1617 60
1 2842 602
2 4619 34
1 4639 1206
2 5798 19
1 3602 2999
1 640 4268
2 3862 98
2 914 2
1 5057 3567
2 2971 26
1 2050 35
2 2571 100
1 1283 5021
2 1666 88
2 992 9
2 5210 69
2 710 54
2 3715 31
1 400 795
1 3566 1302
2 3886 65
2 3965 28
2 4648 79
2 4952 20
2 978 74
1 4835 3299
1 304 4687
2 1119 44
1 5212 273
2 3086 86
1 5445 4840
2 4027 37
1 3899 5214
1 889 3574
2 1529 24
1 1404 4835
2 4402 45
2 5749 55
2 719 14
1 5042 904
2 5496 98
2 1350 26
1 2290 690
1 1412 3920
1 5544 3780
1 5842 1065
1 189 2668
1 5452 5596
1 5665 1832
1 5910 1055
2 1426 4
1 1623 3253
2 1605 72
2 4243 10
2 4645 49
2 4184 48
2 4572 2
1 4939 4307
2 2224 77
1 3139 2249
2 4848 93
1 183 271
1 79 1773
2 3140 67
2 3248 5
2 514 10
1 2291 928
2 3032 20
1 4351 462
1 4541 4754
1 4849 4579
2 1873 99
1 1012 239
1 3899 5471
1 1346 3712
1 532 1836
2 730 37
1 5476 5838
1 5587 2069
1 5196 3864
1 1040 4432
1 4948 83
1 2948 5939
2 5894 16
2 1880 10
2 2555 81
2 3979 10
2 2581 41
1 4378 3765
2 5901 40
2 2880 94
2 3758 7
1 4592 3172
1 3522 1340
2 1521 5
1 3291 1193
2 2057 83
1 3509 4319
1 5485 98
2 858 57
2 3113 41
1 3814 925
1 5003 1850
1 301 3690
1 1381 2731
2 314 43
2 562 52
1 1370 2796
2 1465 21
1 3048 387
2 2257 48
2 3370 12
1 1060 2218
2 156 96
1 4983 2677
2 1260 43
1 2776 122
1 5590 5492
1 1225 884
2 3985 34
1 3949 5018
2 4010 9
1 625 4797
1 1775 4505
1 2061 5045
1 1519 1385
2 1899 44
2 945 91
2 3431 22
2 1490 20
1 2200 2499
1 4531 722
2 3566 58
1 5314 4904
2 4333 68
2 2344 21
1 4745 5497
1 5124 4016
1 5171 5622
1 3366 5200
1 5955 3351
2 5039 68
2 1495 93
2 3143 4
1 3243 2279
2 78 61
1 1801 5252
1 904 2762
2 5171 81
2 4035 28
2 3535 97
1 1707 1931
1 5891 1121
2 369 74
2 4338 22
2 3687 56
2 4821 60
2 783 67
2 3229 20
1 436 2481
2 5305 12
2 649 29
1 3747 3314
1 1170 5039
1 192 1166
1 256 2404
1 888 1404
2 1377 33
1 2418 2778
2 5080 41
2 3060 50
2 1673 88
1 4650 4151
1 2039 1614
1 5445 4229
1 3617 3189
1 3639 5894
1 1915 1602
1 5196 210
2 5290 58
2 3611 78
1 1986 1532
1 254 461
2 5875 53
2 4814 51
1 2274 4727
1 3251 2925
2 4996 22
2 1610 73
2 2016 77
2 3464 7
1 4518 4568
2 4783 4
2 731 14
1 3694 4623
1 3543 5601
1 4286 2296
1 2737 5712
1 3466 2630
2 2297 80
2 1599 20
1 2534 4610
2 5925 33
1 1729 5717
1 1469 1873
1 594 3764
1 1404 2967
1 5482 994
2 2535 11
2 754 44
2 4480 54
1 482 2509
2 4336 68
2 2244 88
1 1413 3554
1 3162 4611
2 3501 14
1 4717 5104
1 3364 2219
2 264 9
2 5995 68
1 645 3731
1 5083 2072
2 5878 3
1 3033 5418
2 2215 71
2 4121 78
2 1650 43
2 1560 28
1 4147 4236
2 885 3
2 5758 12
1 3649 2401
1 2126 4344
1 5239 1353
2 1568 70
1 2093 422
1 63 90
2 571 71
2 5074 83
2 1979 70
1 3203 4341
1 1747 5401
1 4192 1989
1 3280 3602
2 5848 36
1 5300 3102
2 4047 17
1 2561 628
2 3634 18
1 3142 4855
2 50 92
1 537 2958
2 2443 17
2 2806 55
2 3220 14
2 5463 79
2 5661 57
2 5349 43
2 5316 9
2 255 42
2 3000 88
2 5352 30
1 610 941
2 2838 40
1 849 1654
1 3288 4044
1 981 4139
2 4728 25
1 1103 1440
1 2242 2109
1 4919 1280
2 3076 76
1 5166 4731
1 1255 1905
1 5 3922
1 5581 3453
2 542 96
1 715 2672
2 1842 67
2 1832 80
1 2898 2140
1 2407 1633
2 4738 99
1 4803 4690
2 531 47
1 4825 5413
2 4753 45
1 5402 3285
1 4269 3567
2 2881 51
1 1660 47
1 849 1235
1 3151 5925
2 2740 91
1 2276 1749
1 352 1905
1 5406 5852
1 314 2366
2 305 37
1 176 2622
2 3073 27
2 3490 18
2 1819 2
1 1057 584
1 435 3369
1 5211 616
1 5984 738
2 1349 39
2 2246 77
1 1643 4824
2 3267 30
2 1812 99
1 1388 3118
1 5337 1722
1 4649 5535
2 4121 52
1 3102 206
2 3205 24
1 652 5133
1 4561 1326
2 2472 86
1 3325 3313
1 3562 2002
2 3104 53
2 3465 21
2 4967 82
2 421 90
1 3390 4909
2 1317 70
2 4605 77
2 82 66
2 4004 41
1 980 2686
1 5450 5260
2 4941 7
2 258 94
1 2915 1472
2 223 5
1 5537 4519
1 2363 3347
2 1824 30
1 2242 5286
2 5042 97
1 1813 2172
2 2336 65
1 220 1280
2 5174 47
1 523 1465
1 2987 5981
2 5849 50
1 1365 2529
2 1340 22
1 5645 5868
2 2297 1
2 3854 37
1 1212 402
2 4212 46
1 963 3960
2 1059 7
2 208 43
2 4342 77
2 2095 51
2 826 88
1 4356 5887
2 5371 69
1 2426 1150
2 1037 13
2 4855 50
1 3805 5310
2 3268 25
2 1609 24
1 1036 4669
1 3021 4119
2 4674 71
2 4544 8
1 3145 1715
2 2495 39
2 3054 9
1 5577 5315
1 281 1259
1 427 4124
1 1941 62
2 3996 53
2 5308 75
1 5404 31
2 5830 96
2 473 100
2 291 62
1 4082 5564
2 2647 100
1 2912 216
2 1239 3
1 2 5472
1 610 4807
2 1689 15
1 4865 3687
1 2659 3660
1 1842 5845
2 3323 32
2 4065 1
2 1601 5
2 3368 50
2 4439 69
2 490 61
1 396 2516
1 507 1526
1 4140 5887
1 4834 5004
2 1864 22
1 1953 5113
2 354 39
2 5428 48
2 2668 92
1 2553 5769
1 3186 2365
2 1759 15
2 1477 70
2 947 25
2 1482 92
2 4871 71
1 3874 873
1 1892 3070
1 5884 4481
1 3970 717
1 3944 4631
2 853 98
1 1629 2709
2 5674 81
2 3854 12
1 946 3219
2 3912 2
1 5823 4878
2 144 44
2 317 18
1 4795 2127
2 1908 36
1 5997 4722
2 315 35
2 1958 79
2 2303 3
1 2555 3514
2 980 70
2 5778 52
2 1115 20
1 1184 5404
2 5638 70
1 4918 3638
1 3207 4921
2 825 41
1 2736 4376
2 4529 27
2 1143 79
1 2101 4439
2 1673 54
1 5749 1591
1 1009 5522
2 984 70
2 1880 70
2 5512 80
2 1119 29
2 4139 28
1 4219 3574
2 611 49
1 4241 2769
1 56 764
2 3731 49
1 5077 3365
2 2762 93
2 2385 52
2 1844 22
1 3023 1371
2 3520 93
1 2616 533
2 3304 74
2 4407 65
1 4030 3745
1 5814 3356
2 4618 61
2 1064 71
2 1588 21
2 2886 41
1 4045 805
2 2558 59
2 5747 9
2 5385 21
2 5861 32
1 5645 3353
2 4436 1
2 2227 74
1 4395 5857
1 5657 4823
1 3696 2172
2 2058 4
2 2620 69
1 1756 1068
2 1831 22
1 5643 4284
1 1400 1901
2 949 83
1 4236 4060
1 5015 3774
1 901 3612
2 2870 31
1 3269 421
2 3808 25
2 1099 100
2 1443 14
1 3022 4157
1 4862 3260
1 216 3806
2 1016 36
1 2772 1060
1 2335 284
2 1963 20
1 5570 2875
1 5404 3725
1 3648 1939
2 2843 45
1 1170 87
1 3627 4834
2 3383 34
1 1455 3990
2 4800 74
1 1454 5100
2 5259 92
1 3861 929
2 1572 59
1 4882 1518
2 3112 63
2 174 20
2 524 45
1 2987 2345
1 4863 3789
1 766 3680
2 5995 59
2 4623 47
1 3713 1093
2 831 80
2 2630 87
2 5193 19
2 5977 88
2 269 25
1 5415 5481
2 5161 64
1 1953 4985
1 1689 2874
2 4204 48
2 881 84
2 105 78
2 5080 4
2 4407 42
2 2359 29
2 4022 26
1 5587 1881
1 3389 314
2 3768 24
1 2879 5589
2 1959 63
1 1753 487
2 561 28
2 1312 60
1 2788 3840
2 3625 52
2 1014 65
1 25 955
2 3712 42
1 2110 4096
2 4669 67
1 1213 3593
2 5859 22
1 1054 4373
1 5745 5603
2 230 33
1 3370 2539
1 5652 3475
1 2450 1159
2 5822 81
1 135 5666
1 3948 273
1 3474 5437
1 5909 1153
2 3438 78
1 1721 5208
2 4951 58
1 207 4198
2 1431 31
1 4161 3001
1 5790 3469
2 2741 30
2 4336 92
1 397 2695
2 4036 60
2 2498 8
1 858 2840
2 2668 15
1 621 963
2 5189 10
2 1018 55
1 1887 2580
1 3535 1858
2 644 9
1 1879 1719
2 2573 95
2 2837 1
1 3749 5886
1 2304 5291
2 5423 5
1 4751 4597
2 1028 37
2 4453 28
2 1794 78
2 1839 84
2 162 72
1 5132 5493
2 5658 23
1 5132 4314
1 2051 4879
2 4284 3
1 2843 2285
2 736 72
1 621 2903
1 2706 5671
1 4911 835
2 2763 42
2 750 65
1 289 3853
1 3302 2050
2 1216 59
2 3044 86
1 3548 4721
2 575 41
1 1717 603
2 3476 98
1 2124 5806
1 914 333
1 3206 1026
2 5126 31
1 4254 273
1 4424 251
1 225 1828
1 421 3550
2 4244 81
2 1391 75
1 1448 277
2 5842 23
2 4258 75
2 2760 43
1 5732 4876
2 1184 16
1 3968 4809
1 1179 5622
2 1583 22
2 3528 24
1 797 2577
1 1392 4731
2 3207 47
1 916 5910
2 4936 1
2 1349 29
2 2048 85
1 5797 5801
2 2758 30
2 365 59
1 4880 3398
2 1119 63
2 5953 43
2 4413 7
1 5827 1761
2 5434 25
1 5237 4734
2 1167 18
1 4694 2310
1 4193 1851
2 19 20
2 1682 80
1 2430 4584
2 2164 39
1 4512 3743
2 4582 6
2 2785 13
1 4024 4265
2 4421 93
2 3553 18
2 5418 74
2 4180 46
1 1967 2944
1 127 1743
2 1415 82
2 20 79
1 5119 2658
1 5867 2036
2 1884 14
2 5720 85
1 3688 5073
1 5274 3484
2 1343 84
2 2324 72
2 470 19
2 3215 42
1 1212 794
1 4911 2227
1 435 2257
1 4405 3780
1 5968 3482
1 374 784
2 1794 49
2 667 2
1 4608 4614
2 3689 35
2 2583 49
2 4657 2
2 898 7
1 2378 3226
2 1930 68
1 3582 3075
2 929 81
1 3875 3204
2 4762 6
2 2156 56
1 3675 5995
1 2735 2336
1 1926 2307
2 2456 8
2 3668 37
1 4686 1945
1 3907 443
2 5204 22
2 178 71
1 3683 5722
1 267 2216
2 3703 25
1 4209 4206
2 1752 77
2 3402 30
1 297 1851
2 2975 88
1 1334 1694
1 2017 3216
1 5882 824
1 2575 5710
2 4111 71
2 2630 54
2 5131 46
1 1431 1840
1 5719 900
2 5504 85
2 5297 40
2 2852 13
1 4916 1742
1 253 3762
2 3175 1
2 5859 38
2 84 34
2 4317 9
2 3930 36
2 5528 2
1 4662 4313
2 2166 14
2 1693 36
1 5114 933
2 5357 88
1 3345 2456
2 1845 36
1 5682 4203
1 5426 327
2 3961 21
1 3484 2798
1 769 5961
1 1104 2148
2 4177 90
1 3792 5222
2 4105 13
1 5464 4751
2 1981 9
2 5539 94
2 1713 55
1 2621 230
1 5894 2992
1 4618 3105
1 3284 3924
2 4552 52
1 5560 3285
1 3584 4230
1 304 2620
2 147 92
1 3333 4750
2 5235 85
1 5225 3510
1 4928 4105
2 4978 92
1 2644 195
2 3461 97
1 1169 3566
1 3991 4279
2 3385 55
2 1488 51
2 1774 89
2 3777 82
1 3532 4926
2 984 15
2 2821 38
1 3489 1177
2 4876 32
2 1552 69
2 5491 92
2 1100 58
1 5257 5150
1 5695 2136
1 2734 4704
2 572 29
2 3738 75
1 2191 961
2 5726 15
1 1595 3677
1 2776 1228
2 593 12
1 5949 5822
2 5517 25
2 3666 33
2 246 15
1 3404 3322
1 1797 5020
1 73 2061
2 2069 96
2 2463 20
1 845 2195
1 4644 4123
1 666 3446
2 621 28
1 688 2186
1 2731 2409
2 3203 32
1 1155 24
2 3793 79
2 4190 47
1 5747 3876
1 2529 5008
2 3140 41
2 3181 39
1 2753 1656
1 3050 1570
2 594 57
2 4287 84
2 5800 21
1 5397 4702
2 2887 44
2 510 38
2 838 62
2 4160 28
1 2197 2306
2 3111 98
1 3119 3843
1 3242 5611
1 2721 1615
1 5581 1396
1 3657 5881
2 999 94
2 5267 86
2 5652 43
2 2768 62
2 3038 7
2 408 48
2 2360 29
1 114 2208
2 1484 59
2 418 12
1 4086 4426
1 5634 2421
1 608 1042
1 5796 3682
1 2560 3388
2 5143 98
2 5263 81
1 664 5514
2 4587 74
2 2252 38
2 3856 53
2 5867 9
2 5762 56
1 671 1526
2 1038 87
1 4990 3769
1 3571 2531
2 3492 29
2 2075 40
2 3557 52
2 4542 3
1 5954 1860
2 1593 41
1 3721 2551
1 2091 4903
1 4723 3705
2 210 90
2 3016 92
1 5460 2421
1 70 305
1 5007 2877
2 2914 78
1 1573 233
2 222 100
2 1010 7
2 220 70
1 4769 4749
2 2354 98
1 5727 1583
2 5839 26
2 1373 85
1 4876 3510
1 1004 836
2 951 49
2 469 38
1 3261 793
2 1431 50
1 3095 4287
1 1156 3188
2 966 74
1 2878 5502
1 1697 5702
2 5326 22
1 1983 5425
2 4774 44
2 2032 10
2 4041 95
1 2497 490
2 5671 90
2 2689 27
2 4077 62
2 4525 81
1 5101 1260
2 1075 15
1 2410 205
2 5509 62
2 1766 76
1 5516 192
2 4112 75
1 816 5684
2 3368 99
1 4822 2857
1 4678 4639
1 3769 1308
1 5435 2192
2 2220 30
2 1669 5
2 5183 74
1 2361 601
1 4720 3507
2 1228 42
2 132 24
2 3747 99
2 2070 12
1 413 3794
2 2399 68
2 941 3
1 2071 3603
2 76 4
1 2076 5589
1 4143 346
1 2625 823
1 1141 5986
2 4297 55
1 5668 148
2 3812 86
1 1189 420
2 5273 77
1 1213 2150
2 2965 1
2 4845 20
1 5139 4861
2 3485 82
2 2381 97
2 4708 90
1 3490 3884
2 5804 48
2 89 62
1 3652 5487
2 2965 29
2 2326 57
2 2297 25
2 5083 44
2 3934 65
1 1019 2353
2 1779 59
2 3529 86
2 2885 82
1 2735 79
2 3023 27
2 3510 13
1 3011 5019
2 3337 58
1 5306 2562
1 3579 2107
1 3610 4595
1 3382 5219
1 1094 4923
1 2854 4608
2 458 59
1 5685 3496
2 3366 63
2 4569 78
2 5995 12
2 4827 77
2 5796 24
1 2905 1497
1 3256 263
2 1823 92
1 5758 4772
2 2577 6
1 5647 5086
1 1933 2216
1 802 853
1 1071 2562
2 4676 16
1 2373 1011
1 328 1257
1 692 5198
1 4862 5110
2 2394 30
2 3702 1
2 614 18
2 2055 22
1 437 866
2 5915 72
1 5263 3792
2 5278 34
1 1682 1115
1 5063 5499
2 2286 76
2 2534 84
2 5568 59
2 3119 12
1 4771 2653
1 2630 5573
2 692 9
2 1548 1
2 1364 88
2 1449 20
1 2564 1524
2 523 25
1 5133 906
2 1342 18
1 2910 4228
2 4844 84
1 5258 2692
1 2711 1410
2 3969 78
1 3765 5585
1 3501 2718
1 1644 300
1 4608 3382
2 3758 77
2 1004 23
2 1351 44
2 5748 39
1 3060 2107
1 4354 290
1 1351 4138
2 584 15
1 5513 4184
1 1547 4149
1 5983 1858
1 845 2189
2 3441 47
2 5003 31
2 4182 28
2 4599 21
2 5684 21
1 1638 2052
1 343 635
1 1916 3713
1 2224 99
2 1191 37
2 4273 88
1 2169 3368
1 1398 1713
1 2699 4475
2 5398 1
1 1023 4377
2 5130 35
1 564 3659
2 5902 96
2 1440 15
2 2006 32
1 185 2017
1 3939 2488
2 4277 91
2 4102 5
1 1011 4239
2 820 89
1 3529 3523
2 2939 68
2 1520 9
2 4100 83
2 77 36
2 3786 40
1 4625 5830
2 3146 25
2 1540 2
2 2380 46
1 5822 4807
2 1265 28
2 3126 62
1 3518 3860
1 2975 4325
1 2376 4680
1 1263 3333
2 720 88
1 1042 5573
1 449 2115
1 5567 2843
2 4936 7
1 3658 5108
2 2068 7
2 458 99
1 3742 3348
2 1772 99
2 27 79
2 3448 48
2 5232 69
2 1874 61
2 5317 23
2 4420 16
2 1726 19
1 3914 2634
1 3365 3870
1 2606 5507
1 5724 4352
2 3654 53
1 5251 841
1 1979 1130
1 3701 2778
1 411 4175
1 3720 4024
1 2786 4555
2 1012 99
1 3589 4021
1 1459 554
1 4031 4217
2 5195 41
2 2879 88
2 1401 75
1 3234 5535
1 4990 5662
1 3981 2217
1 3390 5484
2 2847 12
2 4903 15
1 4213 3681
2 1535 20
2 909 30
2 1282 71
1 927 4303
2 5131 42
2 985 69
1 2656 3495
1 3963 972
1 3251 3835
1 4994 2214
2 2710 10
1 345 944
1 975 3087
2 5501 95
2 397 48
1 2736 3740
1 5802 2998
2 4497 84
2 5714 13
1 841 433
1 1635 1519
2 5737 82
2 3846 89
1 627 3400
2 12 14
2 231 22
2 2861 95
2 1488 82
2 3245 31
2 3885 17
1 4784 2392
2 2004 43
1 1904 5987
2 3557 31
2 444 68
2 5451 30
2 1780 76
1 4664 3390
1 3651 4110
1 433 1457
1 1469 2371
1 1864 778
1 4905 4418
1 3658 2943
2 4880 80
1 1337 284
1 4534 3692
2 4650 16
2 1017 6
2 1793 22
2 5577 28
2 2076 62
1 2183 1078
1 3582 91
2 5233 87
2 3341 47
2 5596 39
1 3134 470
1 707 614
1 2432 5976
2 1952 29
2 2279 70
2 2201 24
2 2826 82
1 1053 3824
1 2110 2353
2 3615 6
2 197 49
1 3730 5836
1 1650 903
2 2438 63
1 270 3755
1 3491 5
1 3441 4078
2 227 48
1 3721 3147
2 629 90
1 1711 578
2 4160 87
1 2715 4481
2 5748 16
2 4100 16
1 1911 4054
2 5565 26
2 2927 71
2 5293 21
1 4380 3799
1 3725 443
2 216 89
1 5976 4298
2 1282 71
2 766 10
1 2407 2544
1 4490 1427
2 5746 26
2 1061 13
1 902 3415
2 4922 47
1 1098 2155
1 4445 2107
1 612 2870
1 3206 1993
2 4042 14
2 5298 17
1 213 4961
2 4459 86
2 4838 57
1 3319 1763
1 3998 5279
2 1503 27
2 4985 64
2 1602 10
1 4443 2429
2 2185 62
1 4254 2694
1 716 2815
1 3963 730
1 2421 2510
1 3671 73
1 4260 139
2 1393 91
2 564 78
2 1385 51
1 2923 3384
1 5570 4358
2 4215 41
1 2060 4202
2 1623 24
2 4428 25
1 5769 4413
1 5613 111
1 5539 5331
2 1067 27
2 1124 18
1 2317 4968
2 1515 51
1 691 2535
2 3960 62
2 82 7
2 4579 27
2 844 74
2 4058 73
2 243 23
1 287 2999
1 1487 2020
2 5297 72
2 2030 76
2 217 17
2 5228 68
2 5113 52
2 1363 34
1 529 1039
1 2085 4990
2 4930 30
2 712 17
1 2854 4554
1 4642 1630
1 1279 3311
1 5846 652
2 4720 71
1 2477 85
2 2489 24
2 1640 72
1 2632 982
1 438 1889
1 1068 1860
2 5169 96
1 2811 3265
2 5230 40
1 4983 4939
2 5461 16
2 877 16
1 3998 5903
1 847 819
2 45 84
2 34 12
2 1631 77
2 3738 11
2 1077 85
1 2997 5494
1 5713 5640
2 4742 3
1 5663 5769
1 1188 5160
1 4294 5724
2 4706 99
2 4480 53
1 639 3241
2 3814 37
2 4257 73
2 400 44
1 3086 4231
1 683 5323
2 5372 38
2 4844 56
2 3370 78
1 1477 4658
1 4063 303
2 805 10
1 4529 2844
1 3893 4082
1 857 5504
2 2609 64
1 3285 3924
1 5316 3235
1 1678 3338
2 3271 88
2 3116 10
1 955 736
1 1574 4382
1 5941 2236
1 687 3868
1 3114 5402
2 3214 53
1 5483 4870
1 2285 405
1 4787 5476
1 3044 5676
1 4256 392
1 5351 4659
2 2110 6
2 1501 44
2 4122 39
2 3107 63
1 3494 3884
2 5617 81
1 5704 5518
2 3499 18
1 2296 1574
1 3660 3617
1 5610 4514
2 4862 95
2 4264 75
2 3564 41
1 1685 1853
1 5644 2077
2 3038 21
2 4199 48
1 1217 3002
2 1852 36
2 1443 98
2 3701 73
1 1805 4181
1 3927 3294
2 5303 10
1 3728 4360
1 728 1793
2 300 2
2 4813 10
1 809 4561
2 5080 92
1 2301 1482
1 667 2533
2 4180 3
1 2437 2360
1 462 2955
2 5996 62
2 3817 13
1 1996 5722
1 3003 5546
2 3407 11
2 67 36
1 5598 5180
2 2384 26
2 4248 79
2 3202 90
2 5553 61
2 3793 51
2 3900 33
1 5579 2431
2 2524 46
2 1570 94
2 4072 38
1 5413 5372
1 5677 1204
1 4814 5068
1 4153 2677
1 1836 3127
1 4133 3371
2 5762 43
2 1602 78
2 3568 71
1 712 2919
2 2977 2
2 1739 62
2 933 30
2 4975 79
2 4591 19
2 4047 47
2 4914 4
1 1736 5020
2 2520 34
1 2107 2227
2 5652 59
1 1923 5557
2 4521 21
1 2948 5088
2 2810 92
1 2965 4707
2 3572 64
1 5567 5419
2 4393 14
1 4487 3664
1 3822 2681
2 3161 68
1 5432 4428
1 4933 5898
1 4866 1847
1 1359 2094
2 3859 30
1 546 1507
1 3614 5381
1 2868 4185
1 1001 4348
2 2944 56
1 5683 1437
2 3520 77
2 5696 17
1 1210 5869
2 4999 76
2 3566 87
1 2046 2600
1 5997 4533
2 2212 59
1 4555 1037
2 2912 34
1 1256 1836
2 328 57
1 4444 1860
2 1893 13
2 194 91
2 4053 70
1 294 264
2 2881 38
2 3570 45
2 4241 72
2 5222 44
1 1997 1308
1 4518 2438
1 4661 3982
1 3385 3625
1 5347 2541
1 2351 5801
1 3920 3027
1 5266 5274
2 4037 46
1 2593 4080
2 3091 89
1 5033 2239
1 4229 536
1 5494 4708
2 2533 61
2 473 72
2 332 64
2 5370 4
1 3182 4620
2 271 41
2 3749 82
2 5038 57
2 4158 13
2 3968 90
2 3489 83
2 1047 34
2 1845 44
2 514 78
1 5156 5621
2 126 15
1 4730 3339
2 879 11
1 5828 1980
2 1391 48
2 3127 97
2 3863 38
2 734 89
2 3804 9
2 1321 33
2 4269 5
2 5411 5
1 2106 5237
1 5506 81
1 4359 4327
2 1525 96
2 4353 46
2 4409 42
2 1152 8
1 2780 5784
1 287 2793
1 2359 5109
1 3544 3416
2 5430 26
1 1763 5109
1 4249 3893
2 3937 90
1 3520 3986
2 1924 43
2 5251 94
1 1889 2840
1 256 5997
2 2329 89
2 1673 74
2 3573 99
1 3165 3052
1 2976 5648
1 3894 3120
1 2554 70
2 403 85
1 2234 1056
2 2647 91
2 115 42
2 4227 19
1 1643 353
1 63 5702
1 4041 1713
1 702 760
1 4077 302
2 5299 75
1 4580 3894
2 4815 45
2 1996 57
2 3613 38
2 1125 92
1 4912 5630
2 1817 87
2 3307 22
1 1885 3469
2 5553 4
2 1625 22
1 4415 2116
2 1733 27
2 423 57
2 4709 16
1 1695 2957
1 518 1279
1 5369 973
2 810 79
2 5892 83
1 2033 472
2 5075 97
