1000 1000
2 892 37
1 168 59
2 47 5
2 750 20
1 114 261
1 235 899
2 891 14
1 390 513
1 85 110
2 460 97
2 152 43
1 826 152
2 427 82
1 691 571
1 176 193
2 676 41
1 431 632
2 341 1
2 767 33
1 641 270
2 642 73
2 817 6
2 792 13
1 182 520
1 766 409
2 166 98
1 383 248
2 504 2
2 731 85
1 665 427
1 334 281
1 241 194
2 364 13
2 993 18
1 755 441
1 416 485
1 505 713
1 414 17
2 526 80
1 623 994
1 156 598
1 963 377
2 862 2
2 205 84
1 590 216
1 666 151
2 259 88
1 916 675
1 865 864
2 950 77
1 955 619
1 210 721
1 630 818
2 337 71
2 831 38
1 905 871
1 815 502
1 326 849
1 740 946
2 833 75
1 28 424
1 237 206
2 885 23
2 371 86
1 536 42
1 732 545
2 318 6
1 399 642
1 842 479
1 266 390
1 257 627
2 349 70
2 87 83
2 484 67
2 771 31
1 525 411
1 132 240
1 306 826
1 221 221
2 513 8
2 863 6
1 873 263
1 453 363
2 831 75
1 501 856
2 937 84
1 781 211
1 570 777
1 315 396
1 863 587
2 65 29
2 264 32
1 360 65
1 554 889
2 211 46
2 379 89
2 990 44
2 567 63
2 624 85
1 715 553
1 383 718
1 991 58
2 979 91
1 960 486
2 500 82
1 246 477
2 679 100
1 258 438
1 926 546
1 908 420
2 351 82
1 779 848
2 71 33
1 366 152
1 159 536
2 810 1
1 855 880
2 947 4
2 722 90
2 448 78
1 530 219
2 417 32
2 157 1
2 612 36
2 655 23
1 80 131
1 656 614
2 752 87
2 849 76
1 940 916
1 682 672
2 516 36
2 895 10
1 918 110
2 132 89
2 440 77
2 949 10
1 121 914
2 386 23
2 797 32
2 427 12
1 655 293
1 400 941
1 835 900
1 491 49
2 555 57
1 833 706
2 481 5
2 533 68
2 214 19
1 855 943
2 347 59
2 253 11
1 917 13
1 576 847
2 757 76
1 249 78
1 823 700
2 445 100
2 675 44
1 286 72
1 90 592
1 259 429
2 586 79
1 986 511
1 909 937
1 260 292
1 590 871
1 409 211
1 565 6
1 637 783
1 388 821
2 27 84
1 899 222
1 600 710
2 48 79
2 946 82
1 58 257
1 961 145
1 151 365
2 310 23
2 843 74
2 75 8
2 539 95
1 219 701
1 58 333
2 602 25
2 875 87
1 719 194
2 728 68
1 273 903
2 386 61
1 830 402
2 457 24
1 539 143
2 894 16
2 673 66
1 46 579
2 212 24
1 217 193
1 25 105
1 395 570
2 287 9
1 546 169
1 358 933
1 640 862
2 63 83
1 74 885
2 196 69
1 353 401
1 17 726
1 849 824
1 850 262
1 88 648
2 886 7
1 832 562
1 516 608
2 296 8
2 620 77
2 135 81
2 984 36
1 34 155
2 260 99
1 375 953
2 482 90
1 818 967
1 771 438
1 639 737
1 498 830
1 488 68
1 602 449
1 833 605
2 291 13
1 658 300
1 80 623
2 388 9
2 117 27
2 950 17
1 126 302
2 865 99
1 305 693
2 171 47
1 8 72
2 488 15
1 521 339
2 55 5
1 473 219
1 443 300
1 880 388
1 208 738
1 317 250
2 64 86
2 212 59
2 797 6
2 390 84
2 649 100
1 177 402
1 788 833
1 249 595
1 381 89
1 63 323
2 908 33
2 977 80
1 535 445
1 889 330
2 986 50
2 641 31
2 971 56
2 222 63
2 526 35
1 84 294
1 902 459
1 210 926
2 525 49
1 886 575
1 853 464
1 804 336
1 591 857
2 50 4
2 523 45
2 871 66
1 432 456
2 77 29
1 62 218
2 267 7
1 969 240
2 655 59
1 337 90
1 868 24
2 607 43
1 863 412
2 849 4
1 376 50
2 521 85
1 590 268
1 833 928
2 26 4
1 131 248
2 889 32
2 288 54
1 955 700
2 791 49
2 217 75
1 728 495
1 974 985
2 497 58
2 948 99
1 263 821
2 658 35
2 256 20
2 35 95
1 768 202
1 394 129
2 842 13
2 644 61
1 842 762
1 606 864
2 551 98
2 56 95
2 37 60
2 305 95
2 539 95
1 388 579
2 945 43
1 699 873
1 766 988
2 882 17
2 1 3
2 79 27
2 150 8
2 448 86
2 746 47
2 364 18
1 105 910
2 637 42
1 823 383
2 589 28
1 158 638
2 377 9
2 983 81
1 155 720
2 267 43
1 931 15
2 331 94
2 424 25
2 6 41
1 59 22
2 746 89
1 92 643
1 606 370
2 160 28
2 823 45
1 906 848
2 537 23
1 593 848
2 527 49
1 506 730
2 326 38
1 574 76
1 318 65
2 254 12
1 666 664
2 654 38
1 466 872
1 15 953
1 165 186
1 577 421
2 548 13
2 472 85
1 412 986
1 357 260
2 35 1
2 71 41
1 767 421
1 691 424
1 371 190
2 225 78
1 978 685
1 177 868
1 128 883
2 125 31
2 486 82
1 735 262
1 638 873
1 86 233
2 271 95
2 484 53
1 27 602
2 468 17
2 118 20
1 929 691
2 649 49
1 465 698
1 263 951
2 827 63
2 374 83
2 134 49
2 218 98
2 844 54
2 974 15
1 742 111
1 507 101
2 312 36
2 677 39
1 71 196
2 148 62
1 994 558
2 40 36
1 822 172
2 448 39
2 446 51
1 211 405
1 986 892
1 255 481
2 62 98
2 498 56
2 958 56
2 463 21
1 127 240
1 643 2
1 57 712
1 344 613
2 556 28
1 968 846
2 799 45
2 109 69
1 600 309
2 592 47
1 880 987
2 208 44
2 670 89
1 876 528
2 742 11
1 116 943
2 299 69
1 468 57
1 290 240
2 378 23
2 328 78
1 210 430
1 14 704
2 119 49
1 82 800
2 468 25
2 657 51
1 858 619
1 548 275
2 828 67
2 400 16
2 537 63
2 770 68
1 113 829
1 770 173
2 867 33
2 645 42
2 261 81
2 521 9
1 773 187
2 708 32
2 991 13
2 293 18
2 191 46
1 575 476
1 89 316
2 187 44
1 78 712
1 860 632
1 905 230
2 208 14
1 82 314
2 301 62
2 90 15
1 241 957
1 319 922
1 174 86
1 481 297
2 708 66
1 950 861
2 121 93
1 931 741
1 950 733
2 283 24
1 707 965
2 636 96
1 789 499
1 655 348
2 990 66
1 743 960
1 125 275
1 70 471
1 839 441
1 691 898
1 718 355
1 415 667
2 848 69
1 978 28
1 954 577
2 881 13
2 469 100
2 770 75
1 249 124
1 642 437
1 993 585
2 198 75
2 175 47
2 928 3
2 417 13
2 188 44
2 426 31
1 347 390
1 365 916
1 927 938
2 367 68
2 951 92
1 948 844
2 356 26
2 900 58
2 452 51
1 318 94
2 751 58
2 525 98
2 400 55
2 386 31
2 389 39
1 370 276
1 577 700
2 8 15
2 73 14
1 285 293
1 477 233
1 134 157
1 921 459
2 198 60
1 445 1000
2 781 4
1 40 451
2 25 83
2 403 42
1 67 466
1 173 875
1 556 733
2 649 82
2 744 61
1 600 538
2 883 64
1 92 35
2 260 4
1 706 276
1 999 235
1 579 721
1 469 720
2 731 3
2 289 38
2 459 31
2 963 98
1 612 31
2 825 91
1 692 747
1 751 266
2 869 68
1 459 449
1 603 968
2 981 55
1 789 49
1 942 405
2 176 77
2 456 52
2 832 18
1 173 324
1 87 665
1 172 815
1 138 205
2 905 77
2 209 41
1 75 675
2 431 46
1 795 405
1 10 150
1 363 409
1 244 212
2 564 100
2 547 86
1 116 440
1 845 791
1 663 303
2 56 77
2 324 6
2 360 23
2 123 63
2 760 38
1 957 158
2 430 46
1 196 607
1 618 126
2 724 59
2 991 40
2 801 4
2 564 70
1 322 714
2 28 36
2 525 70
1 28 743
2 293 90
1 77 18
2 929 1
1 738 419
2 53 86
2 899 17
2 46 95
1 730 504
1 25 359
1 292 16
1 909 175
1 500 146
1 930 76
1 484 371
1 753 558
1 245 227
2 853 88
2 857 61
2 193 52
2 14 8
1 555 592
2 996 90
2 81 54
2 426 92
2 898 88
2 725 21
1 431 107
1 882 130
1 171 189
1 22 637
2 705 89
2 387 33
2 940 2
2 573 30
2 260 87
2 764 17
2 606 46
1 660 47
1 220 395
2 563 85
2 431 66
2 874 87
1 633 539
1 415 674
1 399 94
1 457 490
1 341 454
1 300 460
2 52 39
1 751 19
1 490 15
1 933 774
1 832 991
2 352 94
1 48 310
1 347 800
2 623 22
2 257 14
2 905 44
2 809 57
1 204 470
1 733 674
1 679 445
1 35 529
1 676 632
1 98 189
2 946 38
2 944 58
2 975 24
2 610 84
2 437 27
2 877 6
2 940 7
2 596 81
1 816 57
2 146 92
1 603 957
2 682 88
1 518 991
2 629 40
1 963 499
2 155 92
1 174 318
2 285 63
1 844 275
2 681 77
2 747 7
2 854 96
2 972 33
1 730 582
2 766 82
1 618 984
1 444 843
1 553 209
2 537 43
1 667 989
2 66 63
1 644 260
2 436 31
1 628 699
2 199 91
2 758 41
1 106 438
1 576 841
2 320 77
2 612 83
1 347 240
2 135 95
1 983 313
2 489 22
2 137 66
1 686 220
2 857 56
2 356 57
1 821 776
1 70 678
1 575 405
2 871 19
1 945 714
2 450 84
2 64 66
1 161 669
1 854 181
1 803 29
2 195 58
1 115 348
1 662 370
2 926 52
2 208 99
1 204 566
1 777 749
1 474 198
1 630 191
1 822 321
2 346 65
2 556 48
2 523 36
1 57 687
1 712 664
2 421 60
1 666 34
1 517 858
1 640 357
1 577 491
1 62 219
1 115 908
1 647 346
2 1000 2
1 434 52
2 883 21
1 107 150
1 855 210
2 83 96
1 404 175
2 825 54
1 694 242
1 786 750
1 689 371
2 782 38
1 201 123
1 20 640
1 73 707
1 601 991
1 297 865
1 964 20
1 44 528
1 741 261
1 602 934
2 142 5
1 195 188
2 105 89
1 565 360
2 860 13
2 503 18
1 994 426
2 469 97
2 619 38
1 254 579
1 285 637
1 900 172
1 180 480
1 723 569
1 176 139
1 198 308
2 805 23
1 133 197
1 288 528
2 450 67
1 879 795
1 317 20
2 938 40
2 310 48
2 120 82
2 11 52
1 772 596
2 466 71
2 602 55
1 88 130
1 235 487
2 913 48
2 248 67
2 931 7
1 69 91
1 302 564
2 109 45
2 669 33
1 407 328
2 827 10
2 678 31
1 711 565
2 430 98
2 833 38
2 917 69
1 281 937
2 568 34
1 325 805
1 647 388
1 195 222
2 962 27
1 911 970
1 676 454
1 807 881
2 793 95
1 828 861
2 556 86
2 778 39
2 459 77
2 443 84
1 302 414
2 840 24
2 357 90
1 146 873
2 489 86
2 239 1
2 29 91
1 15 543
1 318 910
1 345 704
2 199 92
2 329 34
2 273 78
1 5 866
1 3 384
1 39 959
2 701 7
2 333 85
1 867 145
2 78 58
1 495 401
2 207 94
1 623 207
1 830 85
2 841 50
1 197 161
2 851 27
2 571 5
1 710 367
1 135 630
2 637 24
1 774 573
1 354 444
2 318 96
2 698 83
2 379 80
2 401 18
2 601 95
2 704 36
1 747 506
2 221 100
1 635 749
2 227 52
1 393 646
2 275 25
2 432 43
1 50 879
1 47 863
2 461 75
1 69 563
1 185 50
2 712 69
2 887 60
1 775 297
2 167 85
1 406 511
1 396 107
2 937 77
2 912 28
1 876 21
1 504 673
2 73 53
1 826 392
2 330 49
2 926 90
1 641 869
2 546 12
1 694 832
1 993 211
1 57 812
1 518 890
1 287 139
2 188 72
1 217 38
2 986 50
1 290 617
2 469 30
1 49 639
2 317 100
2 216 62
1 900 836
1 323 269
1 411 516
1 948 140
1 655 452
2 989 68
1 851 364
1 975 48
2 719 61
2 946 19
1 880 838
2 205 99
2 497 5
2 240 54
2 131 61
2 888 48
2 8 2
2 650 16
1 605 891
1 634 930
1 744 342
1 37 208
1 319 954
1 373 420
1 299 721
2 21 67
1 156 485
2 661 19
1 846 120
1 663 758
2 443 86
1 722 845
1 298 362
2 694 74
1 192 352
2 40 30
1 981 578
1 224 170
1 970 444
1 561 208
1 945 500
2 512 33
2 964 98
2 776 69
1 26 861
1 693 879
2 406 11
1 214 26
2 530 62
1 767 55
1 236 731
2 159 52
1 838 214
1 743 552
1 459 474
1 748 676
2 400 43
2 437 26
1 409 474
1 904 485
2 318 72
1 226 480
1 348 237
2 101 43
2 183 58
1 838 882
1 344 637
2 62 71
2 987 100
1 153 555
2 612 97
2 789 92
1 514 785
1 604 642
2 779 47
1 292 742
1 361 351
2 126 83
1 245 847
1 606 343
1 611 637
1 354 100
1 781 916
1 934 597
2 276 28
2 318 55
2 731 24
1 500 420
2 981 83
1 804 245
