100 100
1 77 58
1 12 48
1 66 44
2 50 27
2 95 33
1 49 44
1 57 79
1 7 83
1 11 33
2 29 30
2 47 83
1 16 29
2 20 98
2 31 91
2 76 17
2 42 35
2 83 87
1 14 44
2 77 10
2 70 21
2 7 92
1 23 60
2 77 9
2 27 16
1 26 60
2 27 29
2 29 9
1 13 43
1 80 30
2 63 1
1 14 81
1 54 4
1 1 39
2 98 83
1 28 6
1 99 73
1 5 84
1 99 29
1 11 98
1 49 25
2 50 98
2 26 65
1 60 81
1 86 90
1 51 76
2 22 23
2 87 9
1 28 39
1 41 61
1 82 100
2 24 40
1 83 38
1 11 93
1 62 83
1 80 67
2 97 21
1 76 51
2 74 53
1 15 7
1 51 23
2 77 18
2 52 46
2 53 45
2 71 30
2 98 26
2 3 7
1 76 52
2 31 80
1 16 86
2 76 24
1 30 100
2 90 72
2 75 2
2 74 42
1 74 90
2 48 97
1 11 17
1 44 41
1 50 69
1 13 32
2 60 26
1 93 25
2 48 69
1 70 24
1 25 85
2 57 2
2 28 33
1 66 87
2 83 37
2 84 98
2 77 28
2 49 16
1 12 77
1 71 100
1 46 1
2 40 17
1 88 13
1 60 89
1 37 37
1 46 17
