1000 10000
1 9009 5032
11 222 142
26 209 223
33 54 215
53 90 5
55 15 139
92 59 92
94 22 46
97 53 87
98 87 86
99 21 46
100 3 30
101 98 6
107 22 68
109 23 66
116 50 14
122 12 12
150 18 39
163 10 4
167 50 52
174 3 33
194 10 11
198 8 30
226 9 1
231 31 12
236 26 11
246 32 23
254 8 25
256 9 1
259 6 4
263 13 1
272 10 20
275 11 19
281 21 36
289 6 7
290 8 14
293 4 33
294 14 22
299 6 1
312 3 9
330 27 21
334 24 5
336 29 12
343 12 15
364 5 3
365 23 6
375 19 24
384 19 25
390 24 6
422 16 5
430 14 5
441 8 18
452 18 16
459 6 0
461 1 14
471 8 13
472 9 9
473 8 13
493 15 7
516 9 15
520 4 5
543 7 8
560 9 1
564 11 4
565 6 3
567 5 1
570 4 3
571 2 11
574 16 15
582 14 10
599 11 5
608 6 2
624 3 1
627 3 2
651 4 2
652 3 4
670 8 2
680 11 12
685 4 2
686 4 4
689 6 2
690 3 2
702 14 6
720 2 3
725 2 7
727 5 13
743 2 0
750 4 11
770 6 4
771 7 11
784 10 7
794 8 12
798 1 8
800 7 9
823 7 2
825 0 1
831 1 0
868 5 2
881 2 4
888 10 10
893 7 3
954 4 8
960 3 7
973 6 9
992 5 0
993 2 3
1007 9 0
1009 4 9
1025 5 1
1035 8 7
1056 7 4
1060 0 7
1077 9 5
1082 2 9
1084 6 5
1093 5 2
1095 6 1
1098 5 5
1122 7 5
1127 6 5
1143 1 5
1147 0 3
1148 4 8
1150 8 6
1154 4 2
1175 7 6
1177 8 3
1178 8 1
1190 7 3
1211 8 7
1214 2 8
1228 8 4
1238 6 7
1243 3 7
1249 3 7
1251 6 5
1272 6 1
1290 6 7
1294 3 8
1299 5 6
1300 5 3
1309 0 3
1336 1 5
1348 5 1
1358 7 4
1365 6 2
1385 1 6
1393 6 1
1395 5 5
1397 3 3
1401 3 5
1415 6 6
1427 5 4
1428 1 5
1441 0 2
1445 7 3
1446 3 3
1449 3 5
1451 3 4
1453 6 5
1491 0 0
1527 1 4
1528 2 6
1538 2 2
1555 2 6
1567 1 4
1605 4 5
1611 4 6
1621 0 0
1638 2 4
1640 2 1
1658 1 2
1669 3 5
1673 2 2
1678 3 2
1685 2 1
1698 5 1
1699 0 4
1748 4 1
1749 5 2
1756 4 0
1765 2 2
1774 0 2
1789 1 3
1817 3 5
1845 5 4
1866 5 5
1872 2 1
1884 2 1
1885 4 5
1896 2 1
1899 2 2
1900 1 4
1915 0 1
1933 0 4
1938 4 1
1945 2 3
1969 1 4
1977 0 3
1978 1 0
1992 4 1
2004 4 3
2008 1 4
2009 2 5
2014 3 2
2032 0 0
2059 4 3
2067 1 3
2080 1 2
2083 1 1
2097 0 0
2113 2 4
2116 5 4
2121 5 1
2126 4 2
2149 1 3
2159 0 2
2179 4 3
2182 3 1
2190 3 1
2195 0 0
2210 1 3
2215 2 1
2222 4 1
2242 0 3
2245 2 1
2255 4 3
2298 2 2
2307 0 1
2323 2 3
2333 4 1
2335 2 4
2353 2 4
2355 1 3
2356 4 1
2373 2 4
2374 3 3
2384 4 1
2388 3 1
2408 3 1
2435 3 3
2459 2 1
2476 0 3
2481 1 1
2489 0 1
2528 1 0
2555 4 2
2557 3 0
2569 3 1
2574 1 0
2605 3 3
2617 3 2
2627 2 2
2631 2 3
2635 2 2
2636 0 3
2640 2 2
2646 4 0
2648 3 1
2652 2 1
2654 3 2
2662 3 0
2703 2 2
2709 0 2
2720 2 0
2731 3 1
2747 2 0
2755 3 3
2773 2 1
2779 1 3
2796 2 3
2797 3 3
2811 0 2
2830 2 2
2852 3 3
2854 2 2
2858 0 1
2903 0 1
2928 3 1
2950 2 3
2974 2 1
3011 3 1
3019 1 0
3027 3 1
3033 1 0
3040 2 1
3046 2 1
3062 2 2
3063 1 2
3067 1 1
3072 0 3
3083 2 3
3092 1 3
3099 1 1
3108 0 2
3114 1 2
3135 3 1
3152 0 2
3159 2 1
3164 2 0
3169 1 3
3183 3 0
3189 1 2
3192 0 2
3195 1 1
3201 2 2
3213 1 1
3221 1 0
3224 1 0
3228 3 1
3244 1 0
3248 3 2
3254 3 2
3257 2 1
3274 3 3
3303 3 1
3319 1 3
3322 3 2
3334 1 0
3343 2 1
3370 0 1
3383 1 2
3393 2 1
3406 2 1
3408 3 1
3409 2 1
3416 3 1
3425 1 0
3455 2 2
3457 1 0
3471 3 0
3477 2 2
3485 0 2
3497 1 2
3500 3 0
3545 2 0
3560 3 1
3569 2 0
3571 0 2
3587 2 0
3610 2 2
3612 2 1
3614 2 1
3640 0 2
3653 0 1
3667 0 2
3678 1 0
3680 3 2
3695 1 0
3698 0 2
3707 2 0
3715 2 2
3729 1 0
3733 2 2
3753 3 0
3758 3 1
3764 2 1
3780 0 2
3784 2 2
3795 0 2
3809 0 1
3814 1 3
3815 2 1
3834 2 1
3836 2 1
3857 0 2
3869 0 1
3873 1 1
3902 2 1
3911 2 0
3938 1 1
3943 0 2
3946 0 1
3964 0 0
3976 1 0
3978 2 1
3993 2 2
3994 1 2
4001 0 1
4032 2 1
4051 2 1
4053 0 0
4056 1 0
4080 2 2
4092 2 2
4093 0 0
4109 0 0
4128 0 2
4129 2 1
4140 2 2
4142 2 1
4145 1 0
4150 0 1
4156 2 1
4161 2 0
4167 2 1
4180 2 1
4184 1 1
4189 0 1
4190 1 1
4201 0 0
4209 1 0
4214 0 2
4245 0 2
4251 1 2
4253 2 1
4255 0 1
4282 1 2
4284 1 1
4302 1 2
4308 2 1
4312 1 2
4323 2 1
4353 1 1
4380 2 0
4388 2 2
4419 1 2
4441 1 1
4445 1 1
4451 1 1
4452 1 1
4467 0 1
4487 2 1
4492 1 2
4494 1 2
4514 0 2
4519 2 0
4520 1 1
4527 1 1
4531 1 1
4545 2 1
4546 2 1
4547 2 1
4569 0 1
4572 0 1
4589 1 2
4621 1 1
4627 2 1
4629 1 1
4633 0 1
4644 1 1
4650 2 2
4656 0 1
4674 0 1
4694 0 1
4734 0 2
4743 2 2
4744 2 0
4767 1 0
4771 0 0
4773 0 0
4775 1 1
4780 1 1
4818 0 0
4843 2 1
4855 1 2
4867 2 2
4892 1 1
4903 0 2
4915 1 0
4925 0 1
4934 0 2
4941 0 2
4969 1 0
4974 1 1
4993 2 0
4996 2 1
5002 2 1
5005 2 0
5016 0 1
5042 1 1
5062 1 2
5090 1 1
5092 1 2
5114 2 2
5116 0 1
5122 0 1
5126 0 2
5129 1 2
5130 0 0
5137 1 1
5146 1 1
5152 0 2
5167 2 0
5168 1 1
5189 2 0
5191 0 0
5196 2 1
5201 2 0
5202 2 2
5207 0 2
5208 0 2
5215 2 1
5230 1 1
5238 0 0
5244 0 2
5261 0 2
5268 1 1
5270 0 1
5294 0 2
5313 0 2
5317 1 0
5323 0 1
5331 2 0
5335 0 1
5336 1 1
5341 0 2
5356 1 2
5358 2 0
5372 0 0
5374 1 1
5383 0 1
5398 1 1
5412 1 0
5423 2 1
5437 1 1
5440 0 0
5445 1 2
5454 0 1
5470 1 1
5487 1 1
5495 2 0
5545 1 1
5551 1 0
5552 1 0
5555 1 1
5556 2 1
5561 0 0
5568 0 2
5590 1 0
5627 2 1
5641 2 1
5646 0 1
5652 1 1
5654 0 1
5655 0 1
5661 1 2
5675 1 1
5717 0 1
5720 1 1
5722 0 1
5727 1 1
5753 0 0
5755 0 1
5777 1 1
5790 1 1
5798 1 2
5801 1 2
5807 0 0
5822 1 1
5844 1 2
5848 0 0
5854 1 2
5856 1 0
5860 1 0
5881 1 0
5882 0 0
5885 1 0
5889 0 1
5899 1 1
5916 1 1
5917 2 1
5938 2 2
5942 1 0
5945 0 1
5970 0 1
5973 0 0
6017 1 2
6024 0 1
6039 0 1
6052 0 1
6066 1 1
6070 1 1
6073 0 1
6081 1 2
6083 1 0
6108 1 1
6115 0 1
6138 1 1
6143 2 1
6162 1 0
6167 2 1
6171 0 2
6172 1 1
6180 0 1
6181 0 0
6190 0 0
6192 0 1
6205 1 1
6207 0 0
6233 0 1
6241 0 1
6242 1 1
6244 0 1
6260 1 1
6277 1 1
6282 1 1
6286 0 1
6287 1 0
6315 0 1
6319 0 0
6330 1 1
6345 1 0
6356 0 1
6376 1 0
6382 1 0
6383 0 0
6393 0 1
6394 0 0
6406 0 1
6420 0 1
6421 0 1
6427 1 1
6434 0 1
6435 1 1
6446 2 1
6456 1 0
6459 1 0
6483 1 0
6506 1 1
6512 1 1
6527 1 0
6544 1 1
6549 0 1
6554 0 0
6556 1 2
6558 1 0
6559 1 0
6567 1 0
6575 1 0
6578 1 1
6629 1 1
6635 1 1
6638 1 1
6654 1 1
6655 0 1
6662 1 1
6686 1 1
6689 0 1
6697 1 0
6701 0 1
6706 0 0
6717 1 1
6718 1 1
6721 1 0
6726 1 1
6748 0 0
6751 1 0
6756 1 0
6764 1 1
6775 1 0
6797 1 1
6827 1 1
6836 0 0
6839 1 1
6840 1 0
6848 1 1
6861 1 0
6867 1 0
6875 0 1
6878 0 1
6893 0 1
6895 0 0
6904 1 0
6949 1 0
6959 1 1
6962 0 1
6977 1 1
6979 1 0
6986 0 1
7003 1 0
7013 0 1
7020 0 1
7022 1 0
7028 0 1
7072 1 0
7084 1 0
7118 0 1
7124 0 0
7136 1 0
7139 1 0
7153 0 1
7154 0 0
7170 1 1
7173 0 1
7183 1 0
7198 1 0
7224 0 0
7225 1 0
7226 0 1
7230 1 1
7258 1 1
7293 1 1
7297 1 1
7309 1 1
7316 1 1
7331 1 1
7347 1 1
7348 0 1
7362 1 0
7363 0 1
7365 1 0
7380 1 0
7395 1 1
7400 1 1
7402 1 1
7405 0 1
7407 1 0
7410 0 1
7429 1 1
7464 0 1
7467 1 1
7469 0 0
7471 1 0
7482 1 0
7497 0 1
7500 0 1
7511 0 1
7516 1 1
7553 1 0
7556 1 1
7561 1 0
7570 0 1
7583 0 1
7589 0 1
7591 1 0
7600 1 0
7607 0 0
7612 1 1
7614 0 1
7621 0 0
7623 1 0
7632 0 1
7637 0 0
7643 0 0
7645 1 1
7650 0 1
7661 0 1
7668 1 1
7682 1 1
7689 1 0
7716 1 1
7722 0 0
7723 0 1
7729 1 1
7744 1 1
7765 1 0
7787 0 1
7789 0 0
7792 1 0
7806 0 1
7815 1 1
7830 0 1
7834 1 0
7852 1 1
7857 0 1
7858 0 0
7859 1 1
7872 0 0
7875 1 1
7878 1 1
7879 0 0
7881 1 1
7890 0 0
7891 1 1
7896 0 0
7940 0 1
7942 0 1
7948 0 0
7965 1 1
7981 0 0
7994 1 1
7996 0 1
7998 0 1
8007 1 0
8025 1 1
8027 0 1
8062 1 1
8069 0 0
8089 0 1
8100 0 1
8113 0 1
8118 0 1
8160 1 0
8161 1 1
8162 1 1
8182 0 0
8188 1 1
8191 1 1
8200 1 1
8206 1 1
8217 1 1
8229 1 1
8233 0 0
8255 0 0
8259 1 0
8260 1 1
8264 0 0
8271 1 1
8274 1 1
8286 1 0
8288 1 0
8311 1 1
8312 1 1
8330 0 1
8347 0 1
8357 1 0
8362 1 1
8368 1 1
8376 1 1
8383 1 1
8392 0 1
8397 1 1
8404 1 0
8419 0 0
8423 1 1
8445 1 0
8452 0 0
8462 0 0
8464 0 0
8465 0 1
8472 0 1
8487 0 1
8491 0 0
8498 1 1
8507 0 0
8542 0 0
8571 1 0
8582 1 0
8589 1 1
8593 1 0
8595 0 1
8601 1 1
8606 0 1
8630 1 0
8634 1 1
8638 0 0
8641 1 0
8643 1 1
8651 0 0
8653 1 0
8658 0 1
8708 0 1
8710 0 1
8734 1 0
8743 0 0
8749 0 1
8757 1 1
8761 1 1
8768 1 0
8779 1 1
8794 0 1
8795 1 1
8808 0 1
8815 0 1
8823 1 1
8826 1 1
8834 0 0
8854 0 1
8860 0 1
8862 1 1
8865 0 1
8868 1 0
8894 0 1
8896 1 1
8909 0 1
8923 1 0
8928 0 0
8930 1 1
8935 1 1
8937 1 1
8943 1 0
8954 0 0
8971 0 1
8983 0 1
8987 0 0
8994 1 0
9020 1 1
9033 0 1
9036 0 0
9038 0 1
9039 1 0
9045 1 0
9050 1 1
9062 0 0
9072 1 1
9078 0 1
9079 1 1
9089 0 0
9098 0 1
9101 1 0
9123 1 1
9175 1 1
9185 0 1
9209 1 1
9212 0 0
9217 0 0
9234 1 0
9245 1 1
9248 0 1
9255 0 0
9279 1 0
9287 0 0
9295 0 1
9298 0 1
9325 1 1
9331 0 0
9336 0 0
9341 0 0
9342 1 0
9349 0 1
9365 1 1
9370 0 1
9373 0 1
9377 0 1
9379 1 1
9381 1 0
9382 0 1
9386 1 0
9390 1 1
9411 0 0
9421 0 1
9432 0 1
9436 0 1
9437 0 0
9438 1 1
9445 1 0
9453 0 1
9454 0 1
9479 0 1
9488 0 1
9492 1 0
9497 0 1
9505 1 0
9508 1 1
9510 0 0
9512 0 0
9517 1 0
9523 0 0
9524 1 0
9528 0 0
9540 0 0
9551 1 0
9553 0 0
9554 1 1
9560 1 1
9575 0 0
9587 1 1
9610 0 1
9613 0 1
9617 1 1
9642 1 0
9643 1 0
9653 1 1
9660 0 0
9669 0 0
9672 0 0
9690 0 0
9696 1 0
9700 0 0
9703 1 1
9712 1 1
9720 1 1
9735 0 0
9738 0 1
9748 1 1
9764 0 0
9782 0 0
9784 0 1
9786 1 0
9792 1 1
9795 1 1
9800 1 0
9819 0 1
9825 1 1
9833 0 0
9841 1 0
9849 0 1
9853 0 1
9855 0 1
9866 1 0
9870 0 1
9872 1 0
9875 0 0
9885 0 0
9899 1 1
9903 0 0
9915 0 1
9917 1 0
9924 0 0
9926 1 0
9938 0 1
9944 0 0
9954 1 0
9972 1 0
9977 0 0
9986 1 0
9990 0 1
9996 0 1
9998 1 1
