666 8888
3 1508 2917
24 87 1
49 114 171
50 78 198
58 132 14
73 106 100
150 51 16
190 19 50
196 18 25
197 15 35
225 14 34
228 7 40
267 31 2
269 35 26
273 7 18
280 17 6
291 27 10
360 26 5
370 4 22
373 23 26
405 14 5
417 6 2
423 17 12
424 22 8
455 20 14
457 3 4
476 18 19
498 4 18
499 19 1
503 5 2
525 12 4
551 8 11
558 2 15
589 5 16
591 4 4
592 10 13
616 2 1
643 4 1
652 1 5
663 7 11
675 0 9
688 10 7
699 10 14
715 8 3
719 13 3
738 11 1
785 0 0
814 2 5
879 6 6
884 4 8
886 2 2
900 0 0
901 10 11
925 2 3
930 10 9
967 6 9
1007 0 3
1033 0 5
1045 6 4
1052 2 2
1122 3 1
1126 6 8
1140 5 4
1147 2 8
1190 7 7
1204 2 5
1222 3 0
1243 3 0
1251 4 6
1277 5 3
1284 4 0
1285 5 8
1297 3 4
1322 4 1
1329 2 1
1337 2 7
1349 5 0
1365 7 6
1399 6 2
1426 1 6
1428 1 6
1440 3 2
1467 6 1
1494 1 4
1527 6 6
1554 2 3
1555 4 1
1568 1 6
1591 2 3
1608 6 2
1628 4 2
1648 6 1
1654 3 1
1683 1 1
1694 0 0
1745 4 2
1749 2 4
1766 1 4
1778 4 1
1791 0 1
1802 1 5
1812 0 2
1837 5 4
1838 3 4
1855 4 5
1880 2 5
1881 3 2
1925 2 5
1938 3 1
1997 2 3
2002 5 2
2006 0 2
2008 2 3
2010 2 1
2022 0 4
2030 1 2
2039 0 2
2070 2 4
2076 4 1
2079 2 1
2105 4 3
2116 4 4
2121 5 4
2131 3 0
2132 0 2
2151 2 5
2154 1 0
2161 2 2
2229 1 2
2237 1 3
2239 4 4
2257 3 1
2272 4 1
2309 1 2
2311 1 1
2315 2 2
2333 4 1
2339 4 4
2355 1 0
2357 3 0
2361 4 1
2416 1 1
2438 3 2
2458 1 3
2482 2 2
2487 4 2
2500 2 1
2541 1 4
2560 2 2
2563 2 2
2564 3 2
2603 0 3
2607 4 4
2610 3 4
2614 3 1
2626 2 3
2627 0 0
2640 0 3
2647 2 3
2656 1 3
2659 3 1
2711 3 0
2719 4 1
2722 1 1
2787 3 1
2807 0 3
2819 1 0
2822 1 3
2845 3 3
2849 1 2
2870 3 0
2884 0 0
2889 3 3
2907 0 2
2927 3 2
2939 1 0
2945 1 0
2946 2 2
2948 3 1
2950 1 1
2969 2 3
2971 3 0
2976 3 3
2980 3 3
2994 1 1
3040 0 0
3045 2 2
3082 0 3
3098 1 0
3100 1 3
3111 0 0
3113 2 1
3153 2 0
3169 0 3
3180 1 2
3204 2 1
3220 2 0
3272 2 3
3299 2 2
3301 1 1
3311 3 2
3312 2 1
3321 1 0
3330 3 3
3341 3 0
3365 3 2
3385 1 2
3396 3 2
3397 1 1
3404 0 2
3437 1 0
3450 2 2
3451 1 1
3456 0 2
3461 1 0
3465 3 2
3468 2 2
3482 3 3
3494 2 0
3505 1 2
3569 2 0
3575 0 1
3585 2 1
3609 3 2
3618 2 1
3620 2 1
3640 0 1
3672 1 1
3678 2 2
3681 1 2
3682 0 2
3686 1 1
3720 3 2
3724 1 1
3733 2 1
3738 1 1
3767 1 1
3769 1 1
3773 1 1
3781 0 0
3799 1 1
3805 2 2
3816 2 2
3833 2 0
3839 0 1
3846 1 1
3863 1 0
3876 2 1
3887 2 0
3890 0 2
3900 2 2
3913 2 2
3936 1 1
3940 0 2
3991 0 0
3996 1 2
3998 2 2
4055 1 2
4093 1 2
4099 1 0
4111 2 0
4139 2 2
4154 1 0
4161 1 1
4166 0 2
4168 2 0
4180 0 1
4182 2 2
4195 1 0
4215 2 0
4230 0 0
4262 1 1
4269 0 0
4279 1 2
4298 0 1
4312 2 2
4314 2 0
4316 1 1
4325 1 1
4331 0 0
4346 2 1
4348 0 1
4365 2 1
4382 1 1
4406 2 0
4429 1 0
4439 2 1
4448 0 0
4467 1 1
4480 1 1
4498 1 1
4508 0 2
4537 1 1
4551 1 2
4554 2 1
4557 1 0
4561 1 0
4583 2 1
4590 2 2
4595 2 2
4615 1 2
4619 0 2
4627 1 2
4647 1 0
4654 2 1
4668 0 1
4678 1 2
4686 2 1
4698 0 0
4771 1 0
4773 2 2
4775 1 1
4796 2 2
4822 1 1
4849 2 2
4863 1 2
4867 0 1
4888 0 1
4947 0 1
4959 0 1
4972 1 1
4974 1 2
4981 0 0
4982 1 2
4995 1 2
5008 2 0
5018 1 2
5028 0 1
5072 2 2
5073 1 1
5092 1 1
5158 1 0
5200 2 0
5202 2 0
5203 1 2
5223 2 1
5225 1 2
5227 1 1
5273 2 1
5284 1 1
5314 1 0
5326 1 1
5345 2 0
5367 2 1
5371 1 1
5376 0 2
5413 0 0
5422 2 0
5455 0 0
5458 1 1
5493 0 1
5503 1 0
5514 1 0
5561 1 0
5619 1 1
5626 0 2
5642 0 1
5653 0 0
5658 0 1
5665 1 1
5673 1 1
5681 0 2
5685 0 1
5698 1 1
5709 1 0
5716 0 0
5727 0 0
5756 2 0
5762 0 2
5776 0 2
5798 2 2
5814 2 1
5826 1 2
5863 1 0
5904 0 0
5907 1 0
5917 0 1
5957 1 0
5987 1 0
5988 0 1
5992 1 2
5993 0 0
6001 1 1
6007 1 1
6037 0 0
6052 0 0
6070 1 0
6087 2 1
6110 1 2
6132 1 1
6141 0 1
6152 1 2
6171 0 1
6181 2 0
6215 2 1
6250 0 0
6271 1 1
6302 1 0
6307 0 1
6347 0 0
6349 1 0
6381 0 1
6389 0 0
6390 1 1
6393 1 1
6394 1 1
6404 0 1
6410 0 1
6412 1 0
6414 1 0
6418 1 1
6422 1 1
6433 1 1
6445 0 0
6451 1 1
6485 1 1
6486 0 1
6497 1 1
6498 1 1
6517 1 1
6527 0 1
6577 1 0
6586 1 1
6588 1 0
6596 1 1
6599 0 1
6617 1 1
6642 0 1
6649 0 0
6650 1 1
6698 1 1
6716 1 1
6726 1 1
6800 1 0
6801 0 0
6839 0 1
6863 1 0
6875 1 1
6884 1 1
6890 0 1
6902 1 1
6915 0 1
6919 0 1
6921 1 0
6928 0 1
6946 1 1
6962 1 1
7032 1 0
7033 0 1
7040 0 0
7068 0 0
7076 0 1
7107 0 1
7172 1 1
7184 0 1
7186 1 1
7200 1 1
7211 1 0
7214 1 1
7223 0 1
7243 1 0
7256 1 1
7282 1 0
7302 1 0
7304 1 1
7320 1 1
7322 0 1
7335 1 0
7337 1 0
7338 1 1
7361 0 1
7384 0 0
7396 0 0
7398 0 0
7411 1 0
7427 0 1
7455 1 0
7457 0 0
7464 0 1
7500 1 1
7523 1 0
7525 1 0
7528 1 1
7533 0 0
7551 1 0
7563 1 1
7564 0 1
7571 0 1
7589 1 1
7610 0 0
7613 0 0
7665 1 0
7703 0 1
7717 0 0
7724 1 0
7729 0 1
7742 1 0
7753 1 1
7760 0 0
7761 1 1
7787 1 0
7793 0 0
7809 1 0
7820 1 0
7824 1 1
7833 0 0
7838 0 0
7847 0 1
7866 1 1
7879 0 0
7886 1 1
7896 0 0
7897 1 0
7910 1 0
7935 0 1
7958 0 1
7972 0 0
7974 0 1
7995 0 1
8001 0 1
8014 1 0
8026 0 0
8053 0 0
8054 1 1
8066 1 1
8067 1 0
8093 1 0
8106 1 0
8124 1 1
8126 0 1
8171 1 1
8179 1 1
8189 0 1
8196 1 1
8218 0 1
8242 0 0
8244 1 1
8255 0 1
8283 1 1
8292 0 0
8309 1 0
8310 0 0
8314 1 1
8327 1 1
8378 1 0
8383 0 1
8404 0 0
8416 0 0
8417 0 1
8418 0 1
8420 1 0
8421 1 1
8435 0 0
8459 0 1
8482 1 1
8491 0 0
8496 1 1
8513 1 0
8540 0 1
8573 1 0
8617 1 0
8634 0 1
8645 0 0
8653 0 1
8683 1 0
8689 0 0
8697 1 1
8717 1 0
8721 1 0
8741 0 0
8743 1 0
8751 1 0
8768 0 0
8776 0 1
8777 1 0
8800 0 1
8830 1 0
8839 1 0
8841 1 1
8848 0 0
8858 1 1
8860 1 0
8865 0 0
8949 1 0
8980 0 1
8982 1 0
8985 0 0
8997 1 1
9005 0 0
9018 1 0
9021 1 1
9027 1 1
9037 0 0
9043 1 0
9053 0 0
9062 0 1
9077 1 1
9082 1 1
9091 0 1
9115 0 1
9128 1 0
9166 0 1
9188 1 1
9190 0 1
9204 1 0
9208 0 0
9215 0 1
9237 0 1
9247 1 1
9263 0 0
9264 0 0
9314 1 1
9338 1 0
9342 1 1
9344 1 1
9347 1 1
9363 1 1
9364 1 1
9372 0 1
9388 0 0
9390 0 1
9392 1 1
9395 1 1
9407 0 0
9419 1 0
9421 1 0
9428 0 1
9436 1 1
9439 1 0
9442 0 0
9447 1 0
9481 1 1
9490 0 1
9493 0 0
9506 0 0
9538 1 1
9588 0 1
9601 0 1
9608 0 0
9650 1 1
9671 1 0
9685 0 1
9716 0 0
9724 0 0
9737 1 1
9740 0 0
9741 1 1
9766 1 0
9773 1 0
9779 0 0
9786 0 0
9798 0 1
9800 1 0
9806 1 1
9821 0 0
9825 1 0
9829 0 1
9832 1 0
9857 1 1
9862 1 1
9871 0 0
9920 1 0
9939 1 1
9970 0 0
9979 1 0
9980 0 1
