100 100
1 69 57
2 32 16
3 28 2
4 9 3
5 10 13
6 6 13
7 6 3
8 1 7
9 8 5
10 3 6
11 6 2
12 3 2
13 6 0
14 7 4
15 0 5
16 2 6
17 2 2
18 5 3
19 0 4
20 2 3
21 0 4
22 2 1
23 2 2
24 3 2
25 3 0
26 3 1
27 2 2
28 3 3
29 0 1
30 2 3
31 0 1
32 1 1
33 3 0
34 1 2
35 3 1
36 3 2
37 2 3
38 1 2
39 0 1
40 1 1
41 1 1
42 1 1
43 0 2
44 2 1
45 1 0
46 0 2
47 2 2
48 1 1
49 1 1
50 1 1
51 1 1
52 1 0
53 1 0
54 2 0
55 2 0
56 0 0
57 1 2
58 0 1
59 1 0
60 1 1
61 1 2
62 1 1
63 0 0
64 1 0
65 1 0
66 1 0
67 1 1
68 1 1
69 0 0
70 0 1
71 0 0
72 0 1
73 1 1
74 0 0
75 1 1
76 1 1
77 1 1
78 1 0
79 0 1
80 1 1
81 1 1
82 1 0
83 1 1
84 0 1
85 0 1
86 1 0
87 0 0
88 1 0
89 1 1
90 1 1
91 0 0
92 0 0
93 1 0
94 1 0
95 0 0
96 1 0
97 0 0
98 1 0
99 1 0
100 0 1
