888 9999
9 620 180
11 770 876
19 56 57
30 64 63
41 52 244
67 29 77
76 51 75
84 64 87
92 18 22
94 10 66
105 64 84
114 33 26
117 66 79
122 31 51
141 12 54
175 52 1
182 3 22
190 13 44
198 4 6
216 20 28
236 7 29
256 15 38
265 5 10
304 2 5
324 30 28
326 14 8
329 27 12
359 5 11
365 18 22
382 0 15
404 7 12
410 9 17
448 2 1
462 17 2
470 21 2
471 17 4
483 11 18
498 4 14
518 2 11
525 13 7
531 16 16
540 16 15
542 7 4
555 4 1
557 15 16
569 12 5
580 5 4
586 15 16
600 5 9
601 11 3
644 5 13
659 9 8
665 9 2
666 11 2
667 8 10
686 7 12
733 11 11
742 2 1
759 3 2
763 3 12
771 5 5
776 1 6
786 10 7
790 2 2
794 5 3
797 1 3
830 2 4
833 6 12
835 11 12
837 3 2
856 4 0
887 5 2
894 9 7
897 6 0
914 0 3
926 3 8
931 7 9
938 1 5
943 2 5
962 8 2
963 5 8
993 9 6
1000 7 5
1005 6 5
1008 0 2
1011 2 3
1019 3 2
1047 7 3
1052 3 5
1056 6 1
1064 3 0
1079 1 7
1097 3 8
1098 5 5
1116 3 1
1119 5 6
1126 4 4
1141 8 1
1145 2 2
1168 2 7
1173 6 7
1222 4 0
1233 7 0
1236 4 2
1238 5 7
1246 0 6
1250 0 1
1252 0 3
1259 3 5
1263 7 0
1273 6 2
1282 6 6
1283 1 3
1288 3 6
1289 1 0
1295 3 1
1296 0 4
1300 1 0
1305 5 5
1306 7 2
1313 6 3
1322 1 3
1350 1 6
1353 1 1
1368 1 6
1376 0 7
1393 2 4
1420 5 6
1433 2 0
1444 6 4
1456 4 5
1524 3 4
1531 0 1
1542 2 5
1568 3 3
1573 3 5
1578 3 3
1591 2 6
1593 6 4
1611 0 4
1627 0 2
1636 2 0
1644 1 4
1657 1 0
1678 1 0
1688 0 4
1695 0 2
1701 1 4
1714 2 5
1727 5 2
1736 4 5
1748 5 1
1757 5 3
1768 1 4
1774 4 3
1782 5 1
1797 2 1
1817 4 1
1842 4 1
1929 2 1
1937 1 1
1949 3 0
1950 2 0
1960 3 0
1979 1 4
1992 3 2
2001 2 3
2005 2 2
2035 2 3
2036 3 5
2043 4 1
2062 3 3
2107 0 3
2119 3 2
2120 4 4
2126 1 3
2128 0 4
2134 0 2
2136 2 5
2137 2 0
2159 1 2
2165 1 3
2202 1 0
2210 4 1
2214 2 2
2222 0 4
2228 2 3
2230 4 4
2232 3 2
2242 4 1
2244 0 3
2249 4 1
2272 0 1
2275 1 2
2289 1 1
2294 3 2
2301 3 0
2303 2 4
2307 1 2
2308 1 3
2310 1 2
2321 4 0
2322 1 2
2338 4 4
2342 1 0
2345 2 3
2354 1 2
2364 4 2
2384 2 3
2393 4 4
2399 0 1
2402 1 3
2404 1 1
2416 0 2
2434 4 1
2485 3 0
2517 1 2
2521 1 3
2522 0 2
2527 3 0
2550 4 2
2575 2 2
2583 3 3
2591 2 0
2595 1 1
2613 4 3
2616 1 1
2647 0 3
2656 0 2
2658 1 3
2662 2 2
2708 0 4
2715 3 3
2723 1 3
2748 3 3
2763 0 3
2797 0 0
2803 2 1
2805 0 2
2809 0 2
2840 1 3
2860 2 0
2882 2 3
2883 1 0
2893 1 2
2895 3 3
2906 3 1
2926 1 1
2939 2 2
2945 1 1
2952 0 1
2954 3 3
2957 3 0
2966 2 2
2972 0 3
3006 3 3
3013 2 2
3016 1 2
3027 2 2
3049 2 2
3089 1 3
3095 0 3
3105 0 1
3108 3 1
3119 3 3
3123 0 1
3127 1 1
3136 0 1
3171 2 0
3183 1 3
3191 3 1
3196 0 3
3199 1 2
3209 1 1
3221 2 3
3231 2 2
3254 0 3
3267 1 1
3292 1 1
3294 1 1
3297 3 3
3299 2 1
3306 3 3
3312 2 2
3319 2 0
3334 0 1
3335 1 2
3346 1 2
3374 1 0
3384 1 0
3399 1 1
3408 1 1
3411 3 0
3418 2 2
3441 2 1
3467 1 1
3468 1 2
3475 2 2
3476 2 1
3504 1 2
3528 3 1
3576 2 2
3594 1 1
3603 2 1
3607 3 1
3609 2 2
3627 1 1
3632 0 2
3651 3 2
3672 2 1
3696 2 2
3698 0 1
3702 1 2
3713 3 1
3732 2 1
3751 1 0
3753 2 1
3762 2 2
3763 2 2
3788 1 1
3801 1 1
3807 1 0
3816 1 1
3832 2 1
3840 1 1
3863 0 0
3868 1 2
3878 0 1
3909 2 1
3915 1 1
3929 1 0
3935 1 0
3939 2 0
3980 1 2
3984 0 2
4019 0 0
4041 2 0
4044 0 0
4048 1 2
4049 2 0
4059 0 0
4061 2 2
4062 1 2
4068 2 1
4073 1 1
4108 2 0
4109 2 0
4111 2 1
4116 1 0
4124 0 0
4125 0 0
4132 1 1
4154 1 1
4184 1 0
4193 2 0
4199 2 0
4201 1 2
4202 1 1
4209 0 0
4210 1 1
4219 2 1
4222 1 1
4261 0 1
4269 2 0
4273 2 1
4278 2 1
4303 0 2
4319 2 1
4326 1 2
4372 1 0
4402 1 1
4409 0 0
4414 0 1
4427 1 1
4482 1 2
4487 0 1
4499 1 0
4500 2 1
4502 1 1
4504 2 2
4510 1 1
4521 0 1
4522 0 2
4537 2 2
4538 0 2
4539 0 0
4553 0 1
4571 1 1
4575 1 1
4576 0 0
4585 1 0
4599 0 2
4604 1 2
4629 0 0
4664 0 0
4676 0 1
4691 0 1
4696 2 0
4698 1 1
4734 2 0
4801 0 2
4827 1 0
4838 2 0
4843 2 1
4854 0 1
4855 0 0
4864 1 1
4869 1 0
4880 1 1
4885 1 0
4886 0 2
4888 1 1
4893 2 1
4903 0 1
4905 1 2
4913 0 1
4930 0 0
4950 1 2
4964 0 2
4970 0 1
4977 2 1
4986 1 2
4989 2 1
4996 1 1
4997 2 1
5013 0 0
5022 1 1
5033 1 0
5045 0 2
5062 1 1
5077 1 0
5093 1 1
5106 1 2
5123 1 1
5141 0 1
5155 2 2
5161 1 1
5163 1 1
5191 1 1
5194 0 2
5223 2 1
5236 0 0
5258 0 2
5266 1 2
5276 1 1
5295 1 1
5296 0 1
5301 1 1
5304 2 1
5321 1 2
5322 1 1
5329 1 2
5331 0 0
5342 2 0
5372 1 1
5375 0 1
5376 1 0
5388 1 1
5390 0 1
5409 2 2
5415 1 1
5418 1 0
5433 1 0
5438 1 1
5441 1 1
5445 2 1
5446 1 1
5451 2 1
5452 2 2
5460 1 1
5468 1 1
5475 1 1
5484 0 1
5491 1 1
5496 0 1
5499 1 0
5517 2 0
5520 0 0
5523 0 1
5525 2 0
5533 0 1
5534 1 0
5539 0 1
5541 0 1
5547 0 1
5557 1 2
5567 1 0
5587 1 0
5642 0 0
5643 0 1
5650 1 1
5695 2 0
5701 2 1
5706 1 1
5710 0 2
5711 0 1
5717 1 1
5749 0 1
5762 0 1
5765 1 0
5781 0 2
5787 1 0
5828 1 1
5836 1 2
5849 0 2
5868 0 2
5876 0 2
5883 1 1
5898 1 1
5907 2 1
5908 0 1
5927 1 0
5932 1 1
5939 1 0
5953 0 1
5973 0 0
5983 1 0
6004 0 2
6030 0 1
6033 2 0
6045 1 1
6046 1 1
6064 1 0
6083 1 1
6090 0 0
6112 0 1
6120 1 1
6131 0 1
6141 1 0
6151 1 0
6161 1 1
6167 0 1
6188 1 1
6191 1 1
6200 1 1
6205 1 0
6208 1 0
6210 1 1
6214 0 1
6219 0 0
6235 0 0
6265 1 1
6297 1 1
6337 1 0
6342 0 1
6348 0 1
6350 1 0
6362 1 1
6397 0 0
6405 0 1
6407 1 2
6410 1 1
6413 1 0
6417 1 0
6425 2 1
6429 0 1
6439 1 0
6440 0 0
6454 0 1
6476 1 1
6493 0 0
6504 1 1
6551 1 1
6560 0 1
6565 0 2
6600 1 1
6614 1 1
6618 0 0
6627 1 1
6629 0 1
6659 1 1
6704 0 1
6708 0 0
6735 1 0
6748 0 1
6763 1 1
6764 1 0
6779 1 1
6783 1 1
6792 0 1
6803 0 0
6806 1 1
6808 1 0
6814 1 0
6817 0 0
6826 1 1
6845 0 0
6853 1 1
6856 1 0
6858 1 0
6861 1 0
6877 0 1
6890 1 1
6891 0 0
6896 0 0
6911 1 0
6913 0 0
6919 0 1
6926 1 1
6927 1 0
6938 1 0
6972 1 0
6989 1 0
7011 1 1
7014 1 1
7053 1 1
7054 1 1
7074 0 1
7076 0 0
7085 0 1
7092 1 0
7101 1 1
7141 1 0
7154 1 1
7161 1 1
7177 0 1
7193 1 1
7212 1 1
7213 0 1
7224 0 1
7240 1 0
7246 0 1
7249 1 1
7274 0 1
7276 0 1
7279 1 1
7303 1 0
7316 1 1
7327 1 1
7330 1 0
7340 1 1
7342 0 0
7344 1 1
7351 0 1
7354 0 1
7361 0 1
7377 0 0
7390 1 0
7398 1 1
7403 1 0
7421 0 1
7438 0 1
7459 0 0
7461 1 0
7463 1 1
7464 0 1
7469 1 0
7473 1 1
7476 1 1
7495 1 1
7509 1 1
7549 0 0
7554 0 1
7571 1 0
7591 0 0
7596 0 0
7597 0 1
7609 1 1
7621 1 1
7637 1 1
7639 0 0
7643 1 1
7644 1 1
7655 0 0
7659 1 1
7662 1 1
7683 1 0
7695 1 1
7706 1 1
7709 1 0
7714 0 1
7719 0 0
7755 1 1
7757 1 1
7769 0 0
7773 1 1
7775 1 1
7776 0 0
7782 0 1
7785 0 1
7788 0 0
7795 1 0
7806 0 1
7809 1 1
7810 1 0
7824 0 0
7828 0 0
7834 1 0
7842 0 0
7844 1 0
7855 1 0
7862 1 0
7869 0 0
7882 1 1
7886 0 0
7891 1 1
7905 0 1
7915 0 0
7925 0 1
7927 1 1
7932 1 1
7935 0 0
7949 0 0
7957 1 1
7969 0 1
7978 0 1
7992 1 1
7996 0 1
8013 0 1
8027 1 1
8041 1 1
8060 1 1
8064 0 1
8082 1 0
8084 1 1
8085 1 0
8094 1 0
8099 1 1
8100 0 0
8107 1 0
8122 0 1
8128 1 1
8145 0 1
8152 0 1
8167 1 0
8174 1 0
8181 1 1
8198 0 1
8205 1 1
8222 1 1
8227 0 0
8233 1 1
8234 1 1
8236 0 0
8237 0 1
8249 1 0
8275 1 0
8276 1 1
8280 1 0
8285 0 0
8288 0 1
8292 0 1
8300 0 1
8309 0 1
8322 1 1
8324 1 1
8335 0 0
8337 0 0
8342 0 0
8349 1 0
8363 1 1
8379 0 1
8383 1 0
8410 0 1
8421 1 1
8422 1 0
8423 0 0
8441 1 1
8450 0 1
8478 1 0
8492 1 0
8495 0 1
8515 0 0
8526 1 0
8546 0 1
8548 1 0
8557 1 1
8564 0 1
8585 1 0
8586 0 1
8600 1 0
8605 0 0
8658 0 0
8661 0 1
8673 0 0
8725 0 1
8738 1 0
8755 0 0
8783 1 0
8807 1 0
8808 0 0
8820 0 1
8826 0 1
8857 0 0
8863 0 1
8871 0 0
8874 0 0
8883 1 1
8884 0 1
8897 1 0
8952 1 1
8967 0 1
8972 1 1
8985 1 0
9008 1 0
9021 0 1
9025 0 1
9031 0 0
9048 1 1
9053 1 0
9056 0 0
9058 1 1
9059 0 0
9064 1 0
9094 1 1
9105 1 1
9106 0 0
9108 1 1
9116 0 0
9129 0 0
9150 0 1
9156 0 1
9166 1 1
9173 0 1
9176 1 0
9190 1 1
9197 0 1
9206 1 0
9212 0 1
9213 1 1
9234 1 0
9250 0 1
9251 0 0
9258 1 1
9269 1 1
9304 1 0
9307 0 1
9321 0 1
9335 1 1
9350 1 1
9354 1 1
9355 1 0
9359 0 1
9368 1 0
9375 0 1
9388 1 0
9396 1 1
9407 0 1
9417 1 0
9418 1 1
9434 1 0
9438 1 0
9457 1 0
9458 1 1
9480 1 1
9506 1 0
9529 1 1
9530 1 1
9536 0 0
9541 0 1
9554 1 0
9583 0 1
9598 1 1
9608 1 0
9622 0 1
9631 1 0
9635 1 1
9654 1 1
9663 1 1
9673 0 1
9676 0 1
9683 1 0
9694 1 1
9697 1 1
9699 0 0
9703 0 1
9705 1 1
9717 0 0
9742 0 0
9768 0 0
9781 0 1
9787 0 1
9788 1 0
9804 0 1
9823 1 1
9840 1 0
9841 1 0
9843 0 0
9847 0 0
9878 1 0
9892 1 1
9895 0 1
9899 1 0
9912 1 1
9937 1 1
9966 0 0
9974 1 1
9980 1 1
