1000 10000
1 4703 9945
3 370 3305
11 462 689
23 76 191
42 152 23
57 142 42
58 72 79
61 80 85
63 134 69
67 98 72
79 70 11
84 100 31
99 89 45
102 67 15
109 37 35
140 67 53
160 4 3
178 43 15
182 45 43
184 34 1
198 5 50
207 28 34
225 25 6
228 38 11
238 9 29
246 14 7
254 3 13
262 13 11
270 9 22
302 31 8
347 15 7
352 5 10
361 24 4
364 25 19
371 23 25
372 3 4
373 9 23
374 19 2
380 24 26
387 4 23
389 21 10
397 4 3
404 2 25
410 22 22
418 3 3
439 19 4
454 2 14
456 14 21
465 12 1
469 13 6
483 17 8
496 20 2
508 18 10
517 4 11
521 11 5
556 6 17
561 8 5
576 0 5
578 5 2
588 8 4
595 4 13
621 11 2
626 11 10
638 4 8
645 9 5
647 12 1
658 4 2
678 11 4
708 4 10
743 11 1
766 12 4
792 12 10
806 4 1
810 7 3
844 7 1
850 2 5
873 1 9
890 4 1
918 0 6
929 4 10
946 3 7
947 9 3
949 2 9
952 3 5
956 0 4
960 7 1
969 0 5
973 7 3
1012 7 3
1027 1 8
1034 1 6
1038 2 2
1067 1 2
1071 8 1
1075 2 3
1081 1 6
1086 8 7
1139 7 5
1140 4 6
1153 3 6
1165 5 3
1172 3 1
1179 0 7
1186 3 8
1189 1 7
1191 1 0
1201 8 1
1203 5 3
1215 5 6
1222 5 0
1226 1 2
1251 5 7
1254 2 1
1261 5 3
1287 5 1
1299 2 0
1302 7 1
1303 5 2
1312 1 5
1315 4 7
1317 4 1
1364 2 3
1373 2 6
1395 6 2
1414 3 0
1418 1 2
1432 5 6
1439 0 1
1445 7 3
1465 6 1
1471 1 1
1480 1 0
1485 6 5
1501 4 1
1511 1 7
1534 1 6
1537 1 6
1540 2 1
1542 6 2
1546 4 5
1548 1 4
1566 5 3
1577 5 5
1597 1 2
1606 3 1
1629 3 6
1631 2 3
1649 2 0
1651 5 4
1659 5 3
1664 5 3
1695 4 2
1704 1 1
1706 4 4
1707 2 1
1737 3 2
1759 2 3
1779 6 1
1787 3 3
1818 2 4
1835 3 1
1836 1 5
1859 4 1
1861 3 2
1869 2 2
1874 1 1
1887 3 5
1912 0 5
1916 4 1
1928 5 5
1938 4 3
1943 4 5
1967 3 1
1984 0 3
1985 3 3
1999 0 3
2025 0 3
2031 1 5
2035 3 1
2043 4 4
2068 4 3
2077 4 2
2082 2 2
2092 4 2
2093 1 4
2094 3 0
2100 4 0
2106 2 4
2107 1 0
2114 4 2
2122 2 1
2125 0 1
2134 2 3
2173 4 4
2178 2 4
2182 3 3
2184 2 1
2226 2 4
2228 2 4
2247 1 3
2250 4 0
2255 2 4
2275 4 1
2285 4 2
2306 4 4
2307 1 4
2310 4 1
2338 4 1
2339 1 2
2346 2 3
2372 3 1
2382 2 1
2393 1 0
2394 1 4
2396 1 2
2398 3 1
2408 3 2
2423 1 2
2430 3 1
2431 4 2
2438 0 0
2447 0 2
2470 3 1
2485 0 0
2487 2 3
2508 2 2
2515 0 3
2518 3 3
2519 3 1
2528 1 2
2531 1 1
2546 3 3
2554 3 2
2557 2 2
2558 4 3
2559 1 1
2564 2 1
2575 2 1
2577 3 2
2580 3 1
2591 4 1
2594 1 1
2607 0 1
2625 3 2
2642 3 0
2643 2 2
2645 3 3
2687 0 1
2688 3 3
2695 1 0
2706 1 2
2711 1 1
2715 1 3
2717 1 3
2724 3 1
2761 3 0
2764 0 1
2766 1 2
2776 2 3
2777 0 2
2795 0 1
2831 2 1
2861 3 2
2871 1 2
2883 0 2
2891 1 3
2913 3 2
2940 3 3
2943 1 1
2946 1 0
2951 1 0
2960 0 1
2975 1 0
2987 3 0
3005 2 2
3011 1 2
3024 1 2
3047 3 1
3055 3 2
3069 0 1
3072 1 2
3083 2 1
3094 2 2
3096 2 1
3116 1 3
3119 0 3
3122 0 0
3139 0 3
3143 0 3
3163 2 1
3176 2 0
3194 1 1
3195 2 3
3200 2 2
3220 2 1
3222 1 1
3226 3 2
3229 2 1
3242 1 0
3251 2 1
3259 2 2
3263 2 2
3267 3 0
3271 0 0
3280 2 3
3288 2 1
3301 1 3
3304 3 1
3306 3 2
3336 1 3
3342 1 1
3345 1 2
3370 3 1
3384 2 1
3389 0 3
3401 0 2
3410 0 2
3416 2 0
3426 2 2
3439 3 3
3445 0 1
3446 2 2
3475 1 1
3479 2 0
3502 0 2
3505 1 1
3536 3 1
3574 0 2
3576 3 2
3578 0 1
3594 3 1
3600 1 0
3601 3 0
3625 2 1
3630 1 3
3633 2 1
3637 0 1
3647 0 2
3648 1 2
3650 3 2
3654 2 2
3670 1 0
3684 1 2
3703 2 0
3710 0 2
3716 2 1
3751 0 2
3756 1 1
3759 1 2
3773 2 2
3785 1 1
3791 0 3
3798 2 1
3799 1 0
3805 0 0
3820 1 2
3836 1 1
3840 1 1
3853 2 2
3861 2 2
3864 1 0
3872 1 3
3881 2 0
3908 1 1
3919 2 1
3929 1 0
3935 1 2
3938 2 2
3953 2 0
3966 1 0
3976 2 1
3977 1 1
3986 0 2
4016 0 1
4035 2 2
4039 1 2
4043 2 1
4047 1 2
4050 2 0
4062 1 2
4063 1 2
4069 2 1
4071 1 2
4084 1 2
4088 2 0
4114 2 2
4133 1 1
4158 1 1
4164 2 2
4193 1 0
4203 1 2
4208 2 2
4231 2 2
4239 2 1
4259 0 1
4265 0 2
4268 1 1
4269 1 2
4279 0 1
4294 1 0
4301 1 2
4310 1 0
4315 2 1
4316 2 1
4338 2 1
4350 2 0
4352 1 2
4369 1 0
4371 1 0
4392 0 1
4407 1 2
4418 0 0
4420 1 0
4432 0 1
4434 2 0
4440 1 2
4448 0 1
4457 1 1
4478 2 0
4480 1 0
4502 0 0
4517 1 0
4523 0 0
4526 1 1
4530 0 2
4542 1 2
4574 2 2
4576 0 2
4581 1 1
4585 2 2
4600 1 1
4603 0 0
4615 2 1
4619 0 1
4626 2 1
4666 2 0
4667 0 0
4672 0 0
4689 1 2
4695 1 2
4706 0 2
4708 1 2
4709 1 1
4711 1 1
4720 0 1
4738 1 0
4740 0 2
4745 1 1
4750 0 1
4769 1 0
4778 0 1
4781 0 0
4798 2 1
4808 2 1
4812 0 0
4823 0 2
4834 2 2
4835 2 1
4852 0 1
4863 0 1
4880 1 1
4885 1 1
4889 0 1
4890 0 1
4893 1 1
4895 0 1
4901 1 2
4908 1 2
4909 1 0
4930 1 1
4941 2 1
4943 2 1
4955 1 1
4961 1 1
4969 0 0
4970 1 2
4971 0 1
4974 1 2
4991 1 1
4995 1 1
4996 2 1
4998 2 2
5025 0 1
5049 2 2
5074 1 0
5075 2 2
5082 1 1
5086 1 0
5106 0 1
5110 1 1
5115 1 0
5126 1 0
5131 1 1
5137 2 1
5140 0 0
5144 1 2
5146 0 2
5165 0 2
5166 0 0
5169 0 0
5175 1 0
5177 0 1
5186 1 0
5215 1 1
5217 0 0
5237 1 0
5253 0 1
5275 2 0
5277 1 1
5281 0 1
5282 1 1
5292 1 0
5294 1 1
5305 0 0
5315 0 0
5320 2 1
5331 1 0
5342 0 2
5351 2 2
5365 0 1
5380 2 2
5394 0 1
5405 0 0
5410 1 1
5433 1 1
5451 2 1
5452 2 1
5466 1 0
5483 1 2
5489 1 1
5494 1 0
5497 1 1
5520 1 2
5539 0 2
5544 1 1
5545 1 1
5557 1 0
5560 1 0
5567 0 0
5568 0 1
5582 0 2
5584 2 1
5593 1 0
5603 0 1
5612 2 2
5633 1 0
5634 0 2
5643 1 2
5662 1 1
5685 2 1
5687 2 1
5689 0 0
5692 1 1
5697 0 1
5701 1 0
5713 0 0
5722 0 2
5727 2 1
5746 1 0
5756 0 2
5765 1 1
5773 0 2
5774 2 1
5800 0 1
5804 1 1
5810 0 1
5812 1 1
5816 0 1
5829 1 2
5841 1 1
5846 1 0
5859 0 0
5870 1 0
5875 1 1
5879 2 1
5880 1 0
5882 1 0
5891 1 0
5925 0 1
5938 1 0
5951 1 1
5959 1 0
5960 0 1
5968 1 0
5973 1 1
5978 0 1
5980 0 1
5987 0 1
5991 1 0
5993 2 1
6002 0 1
6020 1 1
6033 0 1
6044 1 0
6045 1 0
6050 1 1
6053 2 1
6054 0 2
6056 0 1
6060 2 1
6061 0 0
6084 0 2
6087 1 2
6097 1 1
6101 1 0
6114 0 2
6117 1 0
6118 1 0
6120 0 0
6133 1 1
6147 0 1
6154 0 1
6170 0 1
6198 0 0
6200 2 0
6203 0 1
6204 1 1
6207 1 1
6219 0 1
6234 1 1
6238 1 0
6257 1 1
6260 1 0
6261 0 1
6263 1 2
6265 1 0
6298 1 1
6304 0 0
6307 1 1
6309 0 2
6311 1 1
6314 1 1
6320 0 1
6325 1 1
6326 1 0
6327 1 1
6339 0 1
6360 1 2
6364 1 1
6367 1 0
6387 1 1
6388 1 1
6393 0 2
6406 1 1
6412 1 0
6415 1 0
6420 1 1
6428 0 2
6462 1 1
6466 1 0
6482 0 1
6489 0 0
6490 0 1
6500 0 1
6507 1 1
6523 1 1
6524 1 0
6541 0 0
6546 1 1
6548 1 0
6552 0 1
6555 0 0
6558 0 1
6559 0 0
6577 1 1
6583 0 0
6602 1 0
6603 1 1
6640 1 1
6643 1 1
6646 1 1
6666 1 1
6678 0 1
6693 1 1
6698 0 0
6711 1 1
6719 0 1
6720 1 0
6765 0 0
6768 1 1
6772 1 0
6779 1 1
6799 1 1
6825 1 1
6832 0 1
6843 0 1
6848 1 1
6849 0 1
6850 1 0
6858 1 0
6859 1 0
6866 1 1
6901 1 1
6905 1 1
6906 1 0
6910 1 1
6913 1 1
6917 0 1
6924 1 1
6934 1 0
6965 0 1
6973 0 1
7005 0 1
7029 1 0
7030 1 0
7039 1 1
7042 0 1
7048 1 1
7057 1 0
7059 0 0
7074 1 1
7076 0 1
7103 1 0
7105 1 1
7120 1 0
7125 1 0
7146 1 1
7150 1 1
7166 1 1
7183 0 0
7199 1 1
7204 1 1
7216 0 0
7230 1 1
7232 1 1
7238 0 0
7243 0 0
7245 1 0
7246 0 0
7260 1 1
7272 1 1
7281 1 1
7292 1 0
7297 1 1
7303 0 1
7326 1 1
7340 1 0
7341 0 0
7343 0 0
7347 1 0
7363 1 1
7364 0 1
7366 0 0
7390 1 0
7397 1 1
7404 1 1
7414 1 1
7417 0 1
7418 1 1
7432 1 0
7434 1 1
7441 0 0
7465 1 1
7491 1 0
7492 1 1
7498 0 1
7503 0 1
7504 1 1
7510 0 1
7511 1 1
7535 1 1
7550 1 1
7567 0 1
7570 1 1
7579 1 0
7581 0 0
7586 1 1
7587 0 1
7612 1 0
7616 0 1
7624 1 1
7625 1 1
7637 0 1
7643 0 0
7655 1 0
7663 1 0
7666 0 1
7667 0 1
7669 1 0
7671 1 1
7675 1 1
7679 0 0
7687 0 1
7711 1 0
7715 0 0
7736 1 0
7764 1 0
7771 1 1
7779 1 1
7802 1 0
7834 1 0
7837 0 0
7869 1 0
7883 0 1
7884 1 1
7906 0 0
7912 1 1
7929 1 0
7931 1 0
7938 1 1
7946 0 0
7948 0 1
7951 0 1
7956 0 1
7968 1 0
7969 1 0
7978 1 1
7988 1 1
7990 1 0
7996 0 1
7998 1 1
8034 1 1
8038 0 1
8041 0 1
8058 0 0
8070 0 0
8084 0 1
8097 0 0
8113 0 0
8119 1 0
8122 0 1
8129 0 0
8133 0 0
8156 0 0
8165 0 1
8179 0 0
8180 1 1
8192 0 1
8212 1 1
8220 1 0
8231 0 1
8252 1 0
8254 0 1
8273 0 1
8280 0 0
8293 1 1
8295 0 1
8342 1 0
8346 1 1
8363 1 1
8371 1 0
8380 1 0
8391 0 0
8403 0 0
8409 1 0
8432 0 0
8435 0 0
8457 1 0
8467 1 0
8469 0 0
8473 1 0
8480 1 1
8482 1 1
8486 1 1
8488 1 1
8489 0 0
8492 1 0
8494 1 0
8496 0 1
8509 0 0
8511 0 0
8529 0 1
8574 0 1
8588 1 1
8596 1 0
8611 0 0
8618 0 1
8622 1 1
8646 0 0
8649 1 1
8652 0 1
8653 1 0
8654 1 1
8660 1 1
8673 0 1
8681 0 0
8704 1 1
8705 0 1
8719 1 0
8721 1 0
8722 1 1
8733 1 1
8738 0 0
8764 0 1
8765 0 0
8769 0 1
8779 0 1
8782 0 0
8787 1 1
8795 0 0
8812 1 1
8814 1 0
8827 0 1
8833 0 1
8849 0 1
8878 0 0
8888 1 0
8904 0 0
8914 1 0
8933 1 1
8938 1 1
8952 0 0
8971 0 1
8979 0 0
8984 1 1
9033 1 1
9036 1 0
9089 1 0
9094 0 1
9124 0 0
9132 0 1
9146 1 1
9149 1 0
9159 1 0
9161 0 1
9178 0 1
9179 1 1
9201 0 1
9206 1 1
9212 0 0
9218 0 1
9221 0 0
9223 1 1
9230 0 0
9235 0 1
9246 0 1
9260 0 0
9278 0 1
9290 1 0
9294 0 1
9296 1 1
9302 0 0
9303 1 0
9306 1 1
9312 1 0
9343 0 0
9349 0 0
9355 1 0
9359 1 0
9361 0 1
9399 0 1
9412 0 0
9416 1 0
9449 1 0
9485 0 0
9499 1 0
9526 0 0
9538 0 1
9540 0 1
9544 1 0
9562 1 0
9590 0 0
9591 1 0
9592 1 0
9594 1 0
9604 0 0
9613 0 0
9615 1 0
9618 1 0
9627 1 0
9637 1 0
9642 0 0
9649 1 1
9653 0 1
9671 0 1
9674 0 1
9696 0 0
9702 0 1
9709 0 1
9729 1 1
9740 0 1
9741 0 0
9744 1 1
9750 0 1
9753 1 1
9762 1 0
9773 0 0
9784 1 0
9787 1 0
9793 0 0
9800 1 0
9806 0 0
9807 1 0
9816 1 1
9818 1 0
9830 0 1
9839 1 1
9847 0 1
9852 0 0
9870 1 0
9893 1 1
9898 0 0
9902 1 0
9923 1 0
9932 0 1
9941 0 1
9959 1 0
9970 0 1
9983 0 1
9998 0 1
