5
500
1 1 0
4 0 2
6 0 4
8 0 6
9 0 5
10 1 5
13 4 5
15 4 5
18 4 2
19 4 1
20 3 1
21 3 2
25 1 2
26 0 2
27 0 1
28 0 0
32 0 0
33 1 0
35 1 0
37 1 0
41 1 0
42 0 0
43 1 0
44 2 0
45 3 0
46 4 0
47 3 0
49 3 0
52 2 2
55 1 4
56 0 4
58 0 4
59 0 5
60 1 5
64 0 2
66 0 2
67 0 3
68 1 3
70 0 2
72 1 3
73 0 3
74 0 2
76 0 4
77 0 3
81 0 5
82 0 4
85 0 1
86 0 2
87 0 1
89 2 1
94 7 1
96 5 1
98 4 0
99 5 0
100 4 0
102 4 0
103 3 0
107 1 0
108 0 0
109 1 0
113 1 0
117 1 0
118 2 0
121 1 0
122 2 0
125 2 3
126 2 4
131 1 4
133 1 2
137 5 2
141 3 0
143 3 2
146 2 2
150 0 0
152 0 0
153 1 0
155 1 2
156 2 2
160 1 5
161 0 5
163 0 3
164 0 4
166 0 2
167 0 1
170 0 2
172 0 2
173 1 2
174 2 2
175 3 2
177 5 2
179 7 2
184 4 2
186 2 2
187 2 3
188 3 3
189 2 3
190 3 3
193 3 0
195 5 0
196 6 0
197 5 0
198 6 0
200 6 0
201 6 1
204 5 3
205 5 4
209 5 0
210 4 0
211 5 0
212 4 0
213 5 0
215 3 0
217 1 0
218 0 0
221 0 1
224 1 3
225 1 2
226 2 2
231 0 1
234 0 0
235 0 1
238 0 0
241 1 0
246 1 1
247 0 1
249 0 3
251 0 3
252 0 2
253 1 2
254 2 2
255 2 1
257 4 1
258 3 1
260 4 2
261 4 1
263 4 1
268 0 0
269 1 0
270 2 0
272 0 0
274 2 0
275 1 0
276 0 0
280 0 0
281 0 1
282 0 2
285 2 3
286 2 4
291 3 2
295 7 2
298 8 0
301 11 0
302 12 0
304 12 0
305 11 0
306 12 0
308 12 0
309 11 0
314 16 0
315 17 0
316 17 1
319 17 0
321 18 1
322 17 1
323 16 1
325 17 0
326 18 0
327 18 1
328 17 1
332 17 3
336 19 3
345 25 6
346 24 6
349 25 4
351 25 2
353 23 2
355 21 2
356 21 1
357 20 1
359 21 2
360 21 3
363 21 0
364 20 0
366 20 0
367 19 0
368 20 0
373 19 0
375 19 0
376 18 0
377 19 0
378 18 0
382 14 0
384 12 0
386 12 0
389 12 1
390 11 1
391 12 1
392 13 1
396 13 1
404 13 9
405 12 9
408 9 9
409 10 9
411 10 7
415 8 7
417 6 7
418 5 7
419 5 8
422 7 9
426 5 9
428 5 9
432 9 9
433 10 9
435 10 7
436 11 7
438 11 9
441 9 8
443 7 8
446 5 9
447 4 9
450 4 10
451 3 10
453 3 10
454 3 11
455 3 12
459 3 16
460 3 17
461 4 17
462 3 17
464 3 19
465 4 19
467 2 19
468 1 19
469 0 19
470 1 19
474 1 23
475 2 23
476 2 24
477 1 24
478 1 23
481 0 21
483 0 21
484 0 22
485 0 21
486 0 22
487 0 21
492 4 22
495 2 23
499 1 20
505 1 18
508 0 16
511 2 15
512 2 16
516 2 18
518 2 20
519 2 21
523 0 23
525 0 21
527 0 21
529 0 19
530 0 18
531 0 19
533 0 17
534 1 17
535 1 16
537 1 16
538 0 16
540 0 18
542 0 20
544 0 20
546 0 20
547 0 19
549 1 18
550 1 17
552 3 17
555 3 20
556 3 19
560 5 19
561 4 19
562 3 19
563 4 19
564 4 18
565 4 17
567 4 17
569 6 17
570 6 16
572 8 16
573 7 16
574 7 17
575 6 17
576 6 18
578 7 17
579 6 17
580 5 17
582 3 17
584 3 19
586 3 19
587 2 19
592 1 21
594 1 23
597 3 24
599 1 24
600 2 24
604 2 24
605 2 25
607 1 24
608 1 23
610 0 24
614 0 20
615 0 21
618 1 19
619 1 18
623 1 22
624 2 22
625 3 22
628 3 25
629 4 25
631 5 24
632 5 25
633 5 24
635 7 24
637 6 23
639 4 23
640 4 24
641 4 23
642 4 22
646 0 22
651 0 27
652 1 27
654 2 28
655 2 27
657 0 27
658 0 26
659 0 25
661 1 24
664 2 24
665 3 24
668 4 22
670 3 21
671 4 21
673 5 20
674 6 20
675 6 21
678 7 23
679 8 23
680 7 23
682 7 21
683 8 21
684 8 20
685 8 19
687 8 21
688 8 22
690 8 22
692 6 22
694 6 22
696 5 23
697 6 23
701 6 27
703 6 27
704 5 27
712 9 29
713 9 30
714 10 30
716 10 32
719 10 29
721 10 27
722 9 27
725 9 30
727 10 29
729 10 31
730 10 32
731 10 31
734 10 34
740 10 32
741 10 31
744 8 32
745 8 31
746 7 31
750 6 28
753 6 25
754 7 25
759 6 23
761 6 21
762 6 22
763 7 22
764 6 22
765 6 21
768 6 18
771 7 18
772 7 17
774 7 17
777 6 19
779 5 20
783 5 16
786 5 17
789 5 14
790 5 15
792 6 16
793 5 16
798 2 14
799 2 13
801 0 13
802 0 14
804 0 12
806 0 12
807 0 11
809 0 13
810 1 13
812 0 14
813 0 13
816 0 10
818 0 10
820 0 10
821 0 11
823 0 11
824 1 11
826 2 10
827 1 10
829 3 10
834 5 7
835 5 8
837 5 10
840 5 9
845 2 7
848 2 8
850 2 8
851 2 9
857 0 9
859 0 9
861 0 7
863 0 9
867 3 10
868 4 10
869 4 9
872 4 12
873 4 13
874 5 13
875 5 12
878 6 10
879 5 10
881 6 11
882 6 10
884 6 10
885 6 9
889 4 9
892 4 10
896 4 10
897 4 11
899 4 13
900 5 13
901 5 14
902 5 15
903 5 16
905 7 16
906 7 15
908 7 13
910 7 15
913 8 15
915 8 15
916 8 14
917 7 14
918 7 15
919 8 15
924 8 12
925 8 13
926 7 13
927 7 14
928 7 15
929 7 14
933 7 10
934 8 10
937 7 10
938 6 10
940 6 10
944 4 10
946 4 8
948 4 8
955 11 8
958 8 8
963 8 3
966 9 3
967 10 3
969 10 3
970 10 4
974 10 6
975 11 6
976 10 6
978 10 4
979 11 4
983 11 2
985 11 4
986 11 3
987 10 3
988 11 3
990 11 2
992 11 4
994 13 3
997 14 5
998 13 5
999 12 5
500
1 0 1
2 1 1
5 1 0
8 0 2
9 0 3
11 0 1
12 0 2
18 0 2
19 0 3
27 5 0
28 4 0
29 3 0
30 4 0
32 2 0
35 1 0
40 2 0
41 2 1
42 1 1
43 2 1
45 3 2
47 5 2
49 7 2
50 7 1
55 5 0
59 7 0
60 6 0
61 5 0
62 4 0
64 3 1
66 2 0
71 1 2
73 3 2
75 1 2
78 2 4
79 1 4
83 0 3
84 1 3
86 0 4
87 0 5
89 0 3
90 0 4
91 1 4
92 1 3
93 1 2
94 1 3
95 1 2
96 2 2
98 2 4
99 3 4
100 3 5
101 4 5
105 4 1
107 4 1
108 4 0
109 5 0
110 6 0
112 5 1
113 4 1
114 3 1
118 1 1
122 0 0
123 1 0
127 0 1
128 0 0
132 0 0
133 1 0
136 0 0
142 6 0
143 5 0
148 8 0
152 11 1
153 11 2
154 11 1
155 10 1
157 10 1
158 10 2
160 10 2
162 10 4
163 11 4
164 11 3
165 10 3
166 9 3
168 9 3
169 10 3
170 11 3
171 11 2
173 13 2
178 10 0
182 7 1
184 8 2
185 7 2
186 7 3
188 9 3
190 7 3
192 8 2
193 8 3
195 8 5
197 8 5
198 9 5
199 10 5
200 10 4
201 10 5
203 9 4
204 9 3
205 9 2
208 8 4
212 11 5
214 12 4
215 12 3
218 11 3
219 11 2
220 11 3
221 11 4
225 10 7
226 9 7
227 10 7
232 10 8
233 10 9
237 10 9
238 10 8
240 10 6
241 11 6
242 11 5
244 12 6
245 12 5
247 12 5
249 12 5
251 12 5
253 14 5
254 14 6
258 13 5
259 14 5
260 13 5
261 12 5
264 12 8
265 12 7
266 12 6
267 11 6
268 12 6
271 9 6
272 8 6
274 6 6
278 9 5
279 9 4
284 10 0
289 9 0
291 11 0
292 11 1
293 10 1
294 10 2
295 11 2
297 11 4
298 10 4
299 11 4
300 12 4
304 10 6
307 7 6
308 6 6
309 7 6
310 8 6
311 8 5
313 8 5
316 9 5
317 8 5
318 8 6
319 8 5
322 11 5
327 13 8
328 12 8
331 15 8
333 15 8
334 14 8
337 13 8
338 12 8
340 12 8
343 12 5
345 10 5
346 10 6
347 10 7
350 11 5
351 11 6
352 10 6
353 10 5
356 7 5
357 7 6
358 7 5
361 7 2
367 7 0
369 8 1
370 9 1
371 10 1
373 9 0
374 8 0
376 8 0
377 7 0
382 9 3
385 11 2
386 12 2
387 12 1
392 11 1
394 9 1
395 9 2
396 8 2
398 7 1
402 11 1
403 10 1
405 11 0
406 11 1
407 10 1
411 9 2
413 9 2
414 9 1
415 8 1
417 6 1
418 6 2
419 5 2
420 6 2
424 5 3
425 6 3
426 6 2
432 10 0
435 9 0
436 9 1
438 10 2
443 13 0
444 14 0
445 15 0
447 15 0
448 15 1
449 16 1
450 17 1
457 14 1
465 8 1
466 8 0
467 9 0
468 9 1
469 9 0
470 10 0
471 9 0
475 5 0
476 4 0
479 6 1
481 6 1
496 0 0
497 1 0
498 2 0
499 2 1
500 1 1
504 2 2
505 1 2
507 2 1
509 4 1
510 4 2
511 3 2
513 2 1
515 0 1
516 0 2
517 0 1
520 1 1
521 1 0
523 1 0
524 0 0
528 2 0
529 3 0
530 2 0
531 1 0
532 1 1
536 2 2
539 0 3
543 0 1
547 0 5
549 1 4
551 0 5
552 0 6
553 0 7
555 0 7
558 0 8
563 0 13
564 0 14
565 1 14
567 0 15
568 0 16
574 0 16
575 0 17
576 1 17
577 2 17
578 3 17
582 0 18
583 0 17
585 0 17
586 0 16
589 3 16
591 2 15
594 2 18
595 1 18
596 1 19
597 0 19
598 0 18
600 0 18
602 0 20
603 1 20
606 4 23
607 4 22
608 4 21
610 3 22
618 0 19
621 0 22
623 0 24
624 0 23
625 0 22
626 0 21
628 0 21
630 0 21
634 0 23
635 1 23
636 1 24
640 0 25
643 1 23
644 0 23
648 4 23
651 4 24
652 5 24
654 3 24
657 5 25
660 6 25
661 6 26
668 9 28
669 9 27
673 9 31
674 9 30
677 8 30
679 7 29
680 7 28
683 7 29
685 7 31
686 8 31
687 9 31
688 9 30
689 9 29
691 8 28
692 9 28
693 9 29
694 9 28
695 9 29
698 7 28
701 10 28
702 11 28
704 9 28
705 10 28
708 13 28
709 14 28
710 13 28
711 14 28
712 13 28
714 13 26
716 13 26
719 14 26
721 16 26
724 15 24
725 14 24
726 14 25
727 14 24
728 15 24
729 15 25
731 14 26
735 14 28
739 10 28
742 9 28
746 9 26
747 9 25
748 9 26
749 9 25
750 9 26
755 9 29
757 10 28
758 10 29
760 8 29
761 8 30
762 7 30
765 6 28
769 10 28
770 11 28
771 11 28
774 10 28
776 12 28
777 13 28
781 13 28
782 14 28
783 15 28
787 15 26
788 15 27
790 14 28
791 14 29
792 14 30
794 14 30
795 13 30
796 14 30
798 15 29
799 15 30
801 16 31
802 16 32
804 16 30
806 14 30
808 14 32
811 13 32
812 14 32
814 15 31
815 15 30
818 15 31
819 16 31
820 15 31
821 16 31
823 15 30
824 14 30
830 9 29
832 8 28
835 9 30
836 9 29
837 10 29
838 11 29
840 11 31
842 12 32
844 14 32
845 14 31
846 15 31
849 16 33
852 13 33
856 13 31
860 11 31
861 12 31
863 12 31
864 11 31
865 10 31
867 8 31
872 6 28
873 7 28
875 7 28
880 7 27
887 1 26
888 1 27
889 0 27
893 0 31
894 0 32
895 0 31
896 0 32
901 0 35
905 1 38
906 1 37
907 1 38
908 1 39
910 3 39
911 2 39
912 2 38
914 4 38
915 4 37
917 4 37
918 3 37
922 7 37
923 7 38
924 8 38
926 9 39
928 11 39
929 12 39
930 11 39
932 9 39
933 9 40
936 6 40
939 7 40
940 7 39
942 9 39
943 9 38
944 9 39
946 10 40
948 10 38
951 10 39
954 11 39
957 11 42
959 10 43
961 10 43
963 10 43
964 9 43
965 8 43
966 9 43
967 10 43
968 10 44
969 10 45
970 10 46
972 8 46
973 7 46
974 8 46
976 6 46
977 7 46
980 7 47
982 7 45
984 7 47
985 6 47
986 7 47
988 5 47
993 10 47
1000 7 45
500
2 0 2
4 1 3
7 0 3
9 2 3
10 2 4
12 4 4
13 4 3
14 4 4
16 6 4
17 7 4
19 6 5
20 7 5
21 6 5
22 7 5
23 8 5
24 8 6
25 8 5
29 8 3
30 8 4
32 9 3
37 8 3
41 6 1
42 6 0
48 10 2
49 11 2
52 11 1
53 11 0
55 13 0
61 13 0
63 15 0
65 15 0
66 14 0
67 15 0
68 16 0
69 16 1
70 17 1
72 17 1
74 17 3
76 17 5
78 17 5
87 15 0
88 15 1
90 15 1
91 14 1
92 15 1
93 15 0
97 15 0
98 14 0
99 15 0
103 11 0
104 12 0
105 13 0
107 15 0
108 15 1
110 14 0
111 13 0
113 13 0
116 13 3
120 11 5
121 10 5
123 10 3
124 11 3
130 14 6
133 17 6
134 17 5
136 17 7
139 17 8
141 16 9
143 18 9
145 16 9
146 15 9
151 15 4
152 14 4
155 14 3
158 12 4
162 8 4
164 6 4
167 9 4
169 9 4
170 8 4
171 9 4
172 10 4
173 10 5
174 11 5
175 12 5
176 13 5
178 13 5
186 14 10
187 14 9
188 14 10
189 14 9
191 14 7
192 13 7
193 12 7
195 12 9
197 11 10
199 11 8
200 12 8
203 9 8
204 8 8
205 7 8
211 12 9
212 12 10
215 13 10
217 13 10
218 12 10
222 12 8
223 12 7
226 12 4
227 11 4
228 10 4
229 10 5
233 11 6
239 11 2
243 9 2
244 9 1
250 8 0
251 7 0
254 4 0
255 4 1
256 3 1
257 3 2
258 3 1
261 3 2
262 3 1
264 1 1
266 0 2
269 2 3
271 0 3
275 0 7
278 0 6
281 0 5
282 0 6
284 0 8
285 0 7
287 0 9
290 0 6
291 0 5
292 1 5
293 2 5
302 2 14
303 3 14
304 4 14
305 4 15
307 6 15
308 6 16
309 7 16
310 6 16
311 5 16
315 5 20
316 4 20
317 4 21
319 6 21
321 6 23
324 6 20
328 10 20
330 8 20
333 5 20
334 5 19
337 4 17
342 2 20
343 2 21
344 2 20
346 4 20
351 4 25
353 2 25
355 2 25
356 2 24
358 1 25
359 1 24
360 0 24
363 0 23
365 0 23
367 0 23
369 0 23
370 0 22
371 0 21
372 0 20
373 0 21
374 0 22
376 0 24
379 0 25
383 1 26
384 1 25
385 2 25
386 1 25
387 1 24
391 1 24
393 0 25
395 0 23
396 0 24
398 0 26
399 0 25
400 1 25
401 0 25
402 0 26
410 4 26
412 6 26
413 6 25
414 5 25
415 5 24
416 6 24
419 6 27
422 3 27
423 3 28
424 4 28
425 5 28
429 7 28
431 8 29
432 9 29
436 5 29
437 4 29
438 4 28
439 3 28
442 3 29
444 1 29
445 2 29
449 5 30
450 6 30
451 6 29
455 10 29
457 8 29
460 8 28
462 8 26
466 8 28
467 8 27
469 9 26
470 9 27
471 9 26
475 9 24
477 8 25
479 8 27
480 9 27
481 10 27
489 11 30
490 11 29
491 11 30
492 11 31
493 11 30
494 12 30
497 11 32
499 12 31
502 11 29
503 11 28
506 8 28
507 9 28
509 11 28
511 13 28
513 13 30
514 14 30
515 13 30
517 14 29
521 11 28
522 11 29
523 11 30
525 11 30
526 10 30
528 12 30
532 11 29
536 10 28
539 13 28
540 12 28
542 12 28
543 13 28
548 13 25
549 13 26
550 12 26
551 12 25
552 13 25
554 13 25
557 13 22
558 12 22
559 12 21
560 12 22
562 12 20
563 12 19
564 11 19
566 11 19
569 13 18
571 14 17
574 11 17
576 10 18
577 11 18
579 13 18
580 13 19
583 12 19
588 15 19
591 15 18
592 15 17
593 15 16
595 15 16
597 15 16
598 16 16
599 15 16
600 16 16
601 15 16
602 14 16
603 14 17
604 14 18
605 15 18
606 14 18
607 14 17
608 15 17
609 15 18
610 16 18
611 15 18
612 16 18
615 13 18
616 14 18
620 14 18
621 15 18
622 16 18
625 17 18
626 16 18
629 16 21
633 17 22
635 16 23
637 16 25
639 16 23
640 16 22
641 17 22
644 17 21
646 19 21
647 19 20
648 18 20
651 18 23
652 17 23
656 13 23
658 12 22
663 13 24
665 13 22
668 11 23
671 11 26
672 11 27
674 11 27
675 10 27
678 11 29
679 11 30
681 12 29
682 11 29
683 10 29
686 8 30
687 9 30
690 10 28
692 8 28
694 10 28
695 10 27
696 9 27
699 12 27
701 12 27
707 15 24
708 16 24
710 18 24
711 18 23
713 18 23
720 18 28
722 16 28
723 16 29
724 16 30
726 16 30
728 15 31
730 13 31
731 13 30
733 11 30
734 11 29
736 11 27
739 11 24
741 11 26
744 12 24
746 12 24
747 13 24
749 14 23
752 13 23
753 12 23
759 14 27
760 13 27
763 16 27
765 16 25
767 15 24
769 15 26
771 16 25
772 17 25
774 17 27
775 18 27
777 16 27
779 16 27
780 17 27
782 17 27
784 17 27
785 17 28
787 15 28
792 15 31
794 15 29
797 16 29
800 17 27
801 16 27
804 16 30
805 17 30
806 18 30
807 19 30
808 19 31
809 20 31
813 20 33
815 19 32
816 19 31
822 20 30
823 19 30
824 18 30
825 17 30
826 18 30
827 19 30
829 19 28
830 18 28
831 18 29
832 18 30
833 18 31
839 18 27
840 19 27
842 19 29
843 18 29
844 19 29
845 18 29
848 18 30
850 19 31
852 19 33
854 18 32
857 17 30
860 17 27
862 17 27
864 18 26
866 16 26
867 16 25
868 16 24
870 17 23
871 17 24
874 14 24
876 14 24
877 14 25
878 14 24
881 11 24
883 13 24
886 13 27
890 9 27
892 8 28
899 13 30
901 13 30
903 15 30
906 15 27
907 15 28
908 15 29
909 14 29
910 14 30
914 13 31
915 13 30
916 13 29
918 13 27
922 16 26
923 16 25
926 19 25
927 18 25
928 17 25
930 17 25
932 16 24
936 16 26
937 17 26
939 17 28
941 17 26
942 18 26
949 13 26
950 13 27
951 13 28
952 13 29
957 17 28
958 16 28
959 16 27
960 15 27
964 14 30
965 14 31
966 14 30
967 14 31
968 14 32
971 16 31
972 16 30
973 17 30
974 17 31
975 16 31
977 16 31
978 15 31
980 13 31
981 14 31
984 14 32
986 16 32
987 16 31
988 17 31
989 17 30
990 17 31
991 16 31
992 16 30
995 16 29
999 19 28
500
6 0 0
7 0 1
8 0 0
10 0 2
14 0 0
15 0 1
24 8 0
25 8 1
27 7 0
28 7 1
31 7 4
34 10 4
36 9 5
38 11 5
43 14 5
44 14 4
45 13 4
48 13 3
51 15 4
52 16 4
54 14 4
56 15 5
57 15 6
58 14 6
61 13 6
62 12 6
63 11 6
64 11 5
65 12 5
66 11 5
69 9 6
71 10 7
72 9 7
74 9 7
76 11 7
77 11 8
80 12 8
83 13 8
85 11 8
87 11 10
92 15 11
93 16 11
94 16 10
95 17 10
96 17 11
98 17 11
100 16 10
102 14 10
104 14 12
106 15 13
108 15 15
111 14 15
116 9 15
120 5 15
124 5 15
125 5 14
126 4 14
129 7 14
130 8 14
136 7 11
137 6 11
142 7 11
144 8 10
145 8 11
147 8 9
149 10 9
150 10 8
151 10 9
153 10 7
154 11 7
156 11 5
158 11 7
160 9 7
161 8 7
163 8 7
164 7 7
165 7 6
166 7 7
168 5 7
171 5 6
172 5 7
175 4 7
177 5 8
178 6 8
184 10 10
185 10 9
190 10 6
192 11 7
193 10 7
195 8 7
197 8 5
199 6 5
200 6 4
205 7 8
206 7 9
208 9 9
209 9 8
211 7 8
212 7 7
213 6 7
217 5 4
218 4 4
220 4 2
221 4 3
223 5 2
224 4 2
226 5 3
227 5 4
231 6 7
232 5 7
233 5 6
235 5 8
236 5 7
238 5 5
241 5 2
242 5 3
243 5 2
244 6 2
245 6 3
246 7 3
247 6 3
250 6 4
251 7 4
253 8 5
254 9 5
261 9 2
263 11 2
264 10 2
265 11 2
270 8 2
271 9 2
273 8 3
274 9 3
276 9 5
277 10 5
278 9 5
281 10 5
282 10 4
283 10 3
285 10 3
286 9 3
287 9 4
288 9 3
291 7 2
292 6 2
294 6 2
295 5 2
299 3 0
302 2 2
303 1 2
310 4 0
313 6 1
314 6 2
316 6 0
318 4 0
319 3 0
322 5 1
324 7 1
326 7 3
327 7 4
328 7 5
330 7 5
331 7 6
333 7 4
334 8 4
335 8 5
336 8 6
337 9 6
338 10 6
343 12 5
350 10 0
353 10 3
355 10 3
356 11 3
359 10 1
361 9 2
365 8 3
367 8 5
368 8 4
369 8 3
371 8 5
373 10 5
374 10 6
376 11 7
378 13 7
379 13 8
380 13 9
381 12 9
385 11 6
386 11 7
387 11 8
389 11 8
390 12 8
393 11 8
394 11 9
396 9 9
398 9 9
399 9 8
400 9 7
402 9 7
403 9 6
404 9 5
407 7 6
409 9 6
412 6 6
414 6 6
415 7 6
417 7 6
418 7 7
424 13 7
427 13 10
428 14 10
431 17 10
433 19 10
441 19 2
442 18 2
447 19 4
448 20 4
449 19 4
450 18 4
452 18 6
453 17 6
455 17 4
456 17 5
457 18 5
459 18 7
460 18 6
462 20 6
463 20 7
465 18 7
467 18 5
469 16 5
472 15 3
475 14 1
476 15 1
478 16 2
479 15 2
482 18 2
483 18 1
484 18 0
485 17 0
489 13 0
490 13 1
491 12 1
493 13 0
495 15 0
497 17 0
499 18 1
501 17 1
502 17 0
507 18 0
510 19 0
511 19 1
512 19 2
513 20 2
517 19 3
520 18 1
524 15 0
526 17 0
530 15 0
531 14 0
535 14 0
538 11 0
540 9 0
542 7 0
543 8 0
545 7 1
549 5 1
550 5 2
551 5 1
554 3 0
557 6 0
558 5 0
561 8 0
563 6 0
564 7 0
567 4 0
568 3 0
570 3 0
571 2 0
572 3 0
573 4 0
574 5 0
575 4 0
578 2 1
582 1 0
583 1 1
585 1 1
589 0 2
590 0 1
592 1 0
595 4 0
596 3 0
597 2 0
599 2 0
601 2 0
604 1 0
605 1 1
611 0 0
613 0 0
614 0 1
615 0 0
616 0 1
617 0 0
621 2 0
623 4 0
624 4 1
625 3 1
626 3 0
628 2 1
629 3 1
631 1 1
633 1 1
636 0 1
637 1 1
643 0 2
646 0 1
647 1 1
649 2 0
652 1 2
653 1 1
654 0 1
655 1 1
658 1 2
660 2 1
665 6 2
670 10 3
673 10 6
674 10 7
675 10 8
676 10 7
679 10 8
680 10 9
681 11 9
683 13 9
684 14 9
687 16 8
688 17 8
689 17 9
690 17 8
692 18 9
693 18 10
694 19 10
695 19 11
698 22 11
699 23 11
701 22 10
702 22 9
705 21 9
706 20 9
707 20 10
708 19 10
710 19 10
711 18 10
713 16 10
714 16 9
715 17 9
716 16 9
721 14 10
723 12 10
725 10 10
726 10 11
728 8 11
731 8 14
733 7 13
734 6 13
735 7 13
737 6 12
738 6 13
740 7 14
745 7 13
747 8 12
751 6 14
752 6 13
758 2 13
762 2 17
763 2 18
764 2 17
765 3 17
767 4 16
769 2 16
771 4 16
772 3 16
774 5 16
775 5 17
776 5 18
777 4 18
779 5 17
780 5 16
781 5 15
782 4 15
783 5 15
784 5 14
786 3 14
789 0 14
790 0 13
791 0 12
793 0 10
794 0 9
796 0 9
799 1 9
801 3 9
804 1 8
805 1 7
806 0 7
810 0 5
811 0 4
812 1 4
813 2 4
816 2 3
818 1 4
823 4 6
824 5 6
825 4 6
826 5 6
828 5 6
829 5 7
833 7 7
837 11 7
841 11 7
842 11 6
844 11 4
847 11 3
850 9 2
852 8 3
853 9 3
854 8 3
856 7 2
858 7 4
861 7 5
864 5 4
865 4 4
868 6 3
870 5 4
871 6 4
875 3 3
878 0 3
880 0 3
883 2 2
887 1 1
888 1 2
889 1 1
892 0 3
893 0 4
896 0 1
898 0 1
900 1 0
902 1 2
903 2 2
904 2 3
907 3 3
910 6 3
911 6 4
912 5 4
913 4 4
914 4 5
915 5 5
916 4 5
917 5 5
918 5 4
922 9 4
925 7 5
926 6 5
928 6 5
931 6 2
933 6 2
935 4 2
936 4 3
941 1 1
945 0 0
948 0 3
950 0 5
951 0 6
952 0 7
953 0 6
954 0 7
956 0 5
958 1 6
959 2 6
960 2 7
961 2 8
964 2 9
965 2 8
966 2 8
969 2 11
970 2 10
972 4 10
974 5 11
978 1 13
979 1 12
980 1 13
983 2 15
984 1 15
985 2 15
987 2 15
989 1 16
990 2 16
991 2 15
992 2 14
994 2 14
500
1 1 0
2 2 0
6 4 0
7 5 0
8 5 1
11 4 1
14 1 1
15 1 0
17 1 2
19 3 2
21 3 2
23 3 2
24 2 2
27 1 0
28 0 0
39 7 0
40 8 0
41 7 0
44 10 0
45 9 0
46 10 0
49 9 0
50 10 0
51 11 0
52 11 1
53 10 1
54 11 1
55 11 0
56 10 0
58 10 0
59 11 0
60 12 0
62 12 0
70 10 0
72 10 0
74 10 0
75 9 0
76 8 0
78 8 0
79 9 0
80 10 0
82 10 0
83 10 1
84 11 1
85 11 0
88 12 0
89 13 0
90 12 0
94 12 2
95 11 2
96 12 2
99 12 1
101 11 0
102 12 0
105 11 0
106 12 0
108 14 0
112 14 0
114 15 1
115 15 2
116 15 3
117 16 3
120 16 4
121 17 4
123 17 2
127 18 5
128 18 4
129 17 4
132 20 4
135 21 4
136 21 5
140 21 7
142 22 8
145 22 7
151 20 5
154 18 4
156 16 4
157 16 3
159 16 3
160 16 2
163 15 0
164 14 0
166 14 0
168 14 2
179 21 2
182 21 3
183 20 3
184 19 3
187 19 4
188 19 5
190 19 5
191 19 6
194 19 3
199 17 0
202 16 0
205 13 0
210 10 0
212 10 0
216 10 0
217 9 0
218 10 0
219 11 0
220 11 1
225 7 2
226 7 1
227 7 2
228 8 2
230 7 1
233 5 2
234 5 1
239 5 4
241 3 4
242 2 4
245 2 3
246 2 4
247 2 3
250 0 2
252 0 0
256 0 4
261 3 2
262 2 2
265 0 3
267 0 3
273 3 2
276 6 2
277 6 3
278 6 4
280 8 4
281 8 5
282 7 5
283 7 6
286 8 4
287 8 3
290 8 4
293 10 5
294 10 6
295 9 6
296 9 5
298 8 4
302 4 4
304 3 3
305 3 4
306 4 4
307 5 4
312 6 4
313 6 3
314 6 4
315 7 4
316 7 3
317 7 4
318 7 3
320 6 4
321 5 4
326 2 4
327 2 5
328 2 4
331 5 4
332 4 4
333 4 3
335 4 1
339 3 0
340 3 1
342 4 0
343 4 1
344 5 1
346 6 0
347 5 0
348 5 1
350 3 1
352 3 3
353 3 4
359 0 3
360 0 2
362 0 2
363 0 3
365 2 3
366 1 3
367 1 4
368 2 4
369 3 4
370 3 5
371 4 5
372 4 4
374 4 4
377 4 5
380 6 6
384 6 4
386 6 4
387 5 4
388 4 4
391 5 2
392 5 3
393 5 4
394 6 4
396 8 4
411 15 0
412 14 0
416 13 3
418 13 3
421 13 4
423 11 4
426 11 3
427 10 3
430 11 3
433 8 3
435 8 1
436 8 2
437 8 1
439 8 1
441 8 1
442 8 2
443 8 3
444 7 3
445 6 3
451 3 2
452 4 2
453 3 2
454 3 3
455 3 2
457 3 2
458 3 3
461 0 3
463 0 3
465 0 3
469 0 3
470 0 4
474 0 8
475 0 7
477 2 7
485 0 11
488 0 10
490 0 8
491 0 7
494 0 4
496 0 2
499 0 1
501 2 1
502 2 0
504 4 0
505 3 0
507 5 0
509 5 0
519 5 4
521 4 3
526 6 0
527 6 1
529 6 3
534 6 4
536 6 4
537 6 5
538 6 4
539 7 4
542 7 1
543 7 0
544 6 0
547 3 0
549 1 0
550 1 1
552 2 0
553 3 0
556 6 0
557 7 0
559 5 0
561 4 1
563 6 1
564 6 0
566 7 1
569 7 0
570 6 0
571 7 0
574 8 0
576 8 2
577 7 2
578 8 2
579 8 1
580 8 0
581 8 1
582 8 2
583 8 3
586 8 6
587 7 6
594 5 9
595 6 9
596 6 8
597 6 9
599 8 9
601 8 9
602 8 8
607 8 5
609 8 5
611 8 5
612 9 5
614 9 7
616 9 9
619 11 10
620 10 10
622 12 10
624 13 11
626 13 13
627 13 14
628 13 13
630 13 13
633 15 14
634 15 15
635 15 14
636 15 15
639 18 15
640 18 16
641 18 15
642 17 15
643 18 15
644 19 15
646 19 13
647 19 14
651 19 16
652 20 16
653 20 15
654 19 15
656 20 14
659 18 13
660 18 14
661 18 13
665 17 14
666 18 14
667 17 14
670 16 12
671 15 12
674 15 11
678 18 12
680 20 12
683 20 15
684 20 16
685 20 17
686 21 17
688 22 16
689 22 15
691 24 15
692 25 15
695 25 12
698 27 11
702 27 11
703 27 12
707 27 8
708 27 7
710 29 7
711 29 6
712 28 6
714 28 8
715 28 7
717 28 7
718 28 8
719 29 8
721 31 8
723 31 10
724 31 11
725 32 11
727 32 13
731 32 13
733 31 14
738 30 10
739 30 9
740 29 9
742 28 10
745 26 9
751 31 10
752 32 10
753 33 10
754 33 9
755 33 8
756 34 8
757 34 9
758 34 8
760 34 10
761 34 11
763 34 9
766 35 7
768 34 8
769 33 8
773 31 8
774 31 9
775 31 8
778 30 8
780 31 7
782 30 8
783 29 8
784 28 8
786 29 9
787 29 10
791 33 10
794 33 13
795 33 12
796 33 13
797 32 13
800 35 13
802 33 13
805 30 13
811 31 8
815 31 8
817 31 6
818 30 6
820 30 5
821 30 4
822 30 3
823 30 2
824 31 2
825 32 2
826 31 2
827 31 1
828 32 1
829 32 2
831 32 0
836 35 2
837 34 2
838 34 1
839 35 1
840 36 1
841 35 1
844 35 2
845 35 3
846 36 3
848 36 1
849 36 2
854 33 0
855 33 1
857 32 0
859 32 0
860 31 0
861 32 0
863 32 0
864 33 0
865 34 0
867 36 0
869 36 0
873 34 0
874 35 0
878 37 0
880 37 2
883 38 2
886 39 2
887 40 2
889 41 3
890 41 2
891 40 2
894 42 3
896 43 4
897 42 4
898 42 5
899 43 5
901 43 3
903 43 3
905 44 2
907 44 2
908 45 2
910 47 2
912 47 4
913 47 3
917 47 3
919 47 3
920 48 3
922 47 2
923 47 1
924 47 2
928 49 0
931 47 1
933 49 1
938 49 4
941 48 4
943 49 3
944 50 3
946 50 5
948 51 4
949 50 4
950 49 4
951 50 4
952 51 4
953 51 5
955 53 5
957 53 7
959 53 5
960 53 4
961 54 4
963 55 3
967 55 3
969 57 3
970 58 3
971 58 2
976 57 2
977 57 1
979 59 1
980 58 1
981 59 1
987 56 0
989 58 0
990 59 0
994 57 0
995 56 0
996 57 0
997 58 0
999 56 0
1000 57 0
