5
800
1 1 0
2 1 1
3 1 2
4 1 1
5 0 1
6 0 2
8 2 2
9 1 2
10 2 2
11 2 3
12 2 4
13 3 4
14 4 4
16 5 3
17 5 4
18 6 4
19 6 5
21 4 5
22 4 6
23 4 7
24 5 7
25 6 7
26 6 6
27 6 5
28 6 4
29 6 5
30 6 6
31 6 5
32 5 5
34 5 3
35 5 4
36 4 4
37 4 3
38 4 4
39 5 4
40 5 5
41 5 6
43 3 6
46 3 7
47 4 7
48 5 7
50 5 7
51 6 7
53 8 7
55 8 7
56 8 8
57 9 8
58 8 8
59 8 9
62 5 9
63 5 10
64 5 9
69 5 12
71 3 12
72 3 13
73 3 12
74 3 13
75 3 12
77 2 13
79 1 14
81 0 13
82 1 13
83 1 12
84 0 12
85 1 12
87 1 10
88 2 10
89 2 11
90 2 10
92 3 11
93 4 11
94 5 11
95 6 11
98 6 8
99 5 8
101 7 8
102 8 8
103 7 8
104 7 9
105 7 10
106 7 9
107 7 8
108 7 7
109 7 8
110 6 8
111 7 8
112 7 9
113 8 9
114 9 9
115 10 9
116 9 9
117 9 8
118 9 9
119 8 9
120 9 9
121 8 9
122 9 9
124 9 9
125 10 9
126 10 10
128 10 8
129 11 8
131 11 8
132 12 8
133 12 9
137 10 9
138 11 9
139 11 10
140 10 10
141 10 9
142 9 9
143 10 9
144 11 9
145 11 10
147 11 8
149 11 8
150 12 8
151 12 9
153 12 11
155 11 12
156 11 11
158 11 9
160 11 9
161 11 10
164 10 10
165 10 9
167 9 10
168 8 10
169 7 10
171 8 11
172 7 11
174 5 11
175 5 12
176 5 13
177 5 12
178 5 11
179 5 12
180 5 13
181 6 13
182 6 12
183 7 12
184 8 12
186 8 10
189 8 11
190 7 11
191 7 12
192 8 12
194 10 12
195 11 12
196 10 12
197 9 12
198 8 12
199 8 13
200 9 13
201 9 14
202 10 14
203 10 15
204 11 15
206 13 15
207 14 15
209 14 15
211 14 17
212 15 17
213 15 16
214 16 16
215 16 15
216 16 14
218 14 14
221 11 14
223 11 16
224 12 16
227 12 15
228 12 16
229 12 15
230 12 14
231 11 14
233 11 14
237 13 14
238 13 13
239 13 12
241 13 10
242 13 11
245 10 11
246 10 12
247 9 12
248 8 12
249 8 13
250 9 13
252 9 15
253 9 16
254 8 16
255 8 17
256 9 17
257 9 18
258 8 18
259 9 18
260 8 18
261 9 18
262 10 18
263 11 18
264 12 18
265 13 18
267 11 18
269 12 19
271 11 20
272 12 20
273 12 21
274 12 22
275 11 22
276 11 23
277 12 23
278 12 24
280 12 24
281 13 24
282 13 23
283 13 22
284 13 23
285 13 24
287 13 22
290 11 23
291 11 22
292 11 23
293 11 22
294 11 23
295 12 23
296 13 23
297 13 22
298 14 22
299 15 22
300 14 22
301 13 22
302 12 22
304 12 20
305 11 20
306 11 21
307 10 21
308 9 21
309 9 22
310 9 21
311 10 21
312 11 21
314 13 21
315 13 22
316 13 23
317 12 23
318 13 23
319 14 23
321 14 25
323 14 27
324 15 27
325 16 27
326 15 27
328 16 28
329 16 27
330 16 26
332 17 25
333 18 25
334 18 26
335 19 26
336 19 25
337 19 26
338 18 26
339 18 27
340 18 26
341 19 26
342 19 27
343 19 26
344 20 26
346 22 26
347 22 25
349 22 23
350 23 23
351 24 23
352 24 22
353 24 21
354 24 20
355 24 21
356 23 21
357 23 20
358 23 21
359 23 20
362 23 23
363 24 23
364 23 23
365 22 23
366 22 24
367 21 24
368 20 24
369 20 25
370 21 25
371 21 26
372 22 26
373 23 26
374 23 27
375 23 28
376 24 28
378 24 26
379 25 26
380 24 26
382 25 27
383 24 27
384 25 27
385 25 28
387 26 27
389 26 27
390 26 26
391 25 26
392 25 25
393 26 25
394 25 25
395 26 25
397 26 23
400 27 21
401 26 21
404 26 18
407 26 15
408 26 14
409 25 14
410 26 14
411 27 14
412 26 14
413 26 15
414 26 14
416 26 12
417 27 12
418 27 13
420 25 13
422 26 14
423 25 14
424 24 14
425 24 13
426 24 12
428 24 12
429 24 11
430 24 10
431 24 9
433 24 11
434 24 10
435 24 9
436 24 8
437 23 8
439 25 8
440 26 8
441 26 9
443 26 9
445 25 8
446 25 7
447 25 8
448 26 8
449 27 8
450 26 8
451 26 7
452 26 8
455 25 6
456 25 7
457 25 8
459 25 8
460 25 9
461 25 10
462 24 10
463 23 10
464 23 9
465 23 8
466 22 8
467 22 7
468 23 7
470 23 9
472 21 9
473 21 8
476 21 5
478 20 6
479 19 6
480 19 7
481 18 7
482 18 8
483 17 8
484 17 9
486 17 9
487 18 9
489 17 10
490 16 10
491 16 11
492 15 11
493 15 10
494 14 10
495 14 9
496 14 10
497 13 10
498 13 11
499 13 10
500 13 9
502 13 9
503 13 10
505 13 8
506 13 7
507 12 7
508 11 7
509 11 7
511 9 7
512 8 7
513 8 6
515 8 6
516 8 7
517 8 6
519 7 7
520 7 6
522 7 4
523 8 4
524 8 3
526 8 1
528 10 1
531 12 0
532 11 0
533 12 0
534 13 0
535 12 0
536 12 1
537 12 0
538 11 0
539 10 0
540 10 1
541 11 1
542 11 2
543 10 2
544 11 2
546 13 2
547 14 2
549 15 1
550 16 1
551 16 2
552 16 1
553 15 1
555 15 1
556 15 0
558 15 2
560 15 0
561 14 0
562 15 0
563 15 1
564 15 0
565 14 0
566 14 1
567 13 1
568 14 1
569 14 0
570 15 0
571 15 1
572 14 1
573 13 1
574 14 1
575 14 2
576 14 3
577 15 3
578 15 2
579 15 1
580 14 1
581 15 1
582 14 1
584 14 1
585 14 0
586 15 0
588 17 0
590 15 0
592 15 0
593 15 1
596 15 0
598 16 1
599 17 1
600 16 1
602 16 1
603 16 0
604 16 1
605 17 1
606 17 2
607 17 3
608 16 3
609 16 2
610 16 1
612 18 1
613 17 1
615 16 0
616 17 0
617 16 0
618 16 1
619 16 2
620 17 2
621 17 3
622 17 4
623 16 4
625 16 4
626 17 4
627 18 4
628 18 5
629 17 5
630 17 4
631 17 3
632 16 3
633 15 3
634 16 3
635 16 2
636 17 2
638 17 4
639 18 4
640 17 4
641 17 3
642 16 3
643 15 3
645 16 2
646 17 2
647 17 3
648 17 2
649 16 2
650 15 2
651 15 3
653 17 3
655 15 3
656 16 3
657 15 3
658 16 3
659 17 3
660 17 4
661 18 4
662 17 4
663 18 4
664 19 4
667 19 7
668 20 7
669 21 7
670 21 6
671 22 6
672 22 7
673 21 7
674 20 7
676 18 7
677 18 8
680 16 9
681 16 10
683 15 11
684 15 10
685 15 11
686 15 10
687 14 10
688 14 11
689 14 10
691 16 10
692 17 10
693 17 9
695 17 9
697 17 9
698 17 8
699 16 8
700 16 9
701 17 9
702 17 10
703 17 9
704 16 9
705 17 9
706 18 9
707 17 9
709 19 9
710 19 8
711 18 8
712 19 8
713 20 8
714 20 7
715 19 7
716 19 6
717 19 5
718 19 4
719 20 4
721 20 4
723 20 4
724 21 4
725 22 4
726 22 3
727 23 3
729 24 4
730 24 5
731 24 6
732 24 5
733 23 5
734 23 4
735 24 4
736 24 3
737 25 3
739 27 3
740 26 3
741 26 4
742 26 5
744 28 5
745 28 6
748 28 5
749 29 5
750 29 4
751 28 4
754 30 3
755 31 3
757 31 3
758 31 2
760 32 1
761 31 1
762 31 2
763 31 3
764 31 2
765 31 3
766 31 2
767 31 1
769 33 1
770 33 0
771 34 0
772 35 0
773 34 0
774 33 0
775 33 1
776 32 1
777 32 2
778 33 2
779 33 1
780 33 2
782 33 0
784 35 0
786 35 0
787 35 1
788 35 0
790 37 0
793 40 0
794 39 0
795 40 0
796 41 0
797 40 0
798 41 0
799 42 0
800 42 1
801 41 1
802 41 0
803 40 0
806 41 0
807 42 0
808 43 0
809 43 1
811 43 1
812 43 2
813 43 3
814 43 2
815 42 2
816 42 3
818 43 4
819 43 3
820 42 3
821 43 3
822 43 2
823 43 1
824 43 0
825 43 1
827 43 1
828 43 0
829 42 0
830 42 1
833 42 0
834 41 0
835 41 1
836 41 2
838 41 2
839 42 2
840 42 1
841 42 2
842 42 1
844 43 2
845 43 1
848 43 0
849 44 0
850 44 1
851 44 0
852 44 1
853 45 1
855 47 1
856 46 1
857 45 1
858 44 1
859 44 2
860 43 2
861 43 1
862 42 1
863 42 0
864 41 0
865 42 0
867 44 0
868 45 0
869 46 0
870 47 0
872 45 0
873 46 0
874 47 0
875 48 0
876 47 0
877 47 1
878 46 1
879 45 1
880 44 1
881 44 2
882 44 3
883 43 3
884 42 3
885 41 3
886 40 3
887 39 3
889 39 1
891 41 1
894 38 1
895 37 1
897 39 1
898 39 0
899 38 0
900 37 0
901 36 0
902 37 0
903 37 1
904 37 0
905 36 0
906 35 0
907 34 0
908 35 0
909 34 0
910 33 0
911 33 1
912 33 2
913 33 1
915 33 1
916 33 2
917 33 1
918 33 0
919 33 1
920 33 2
921 34 2
922 35 2
923 36 2
924 35 2
925 36 2
927 34 2
929 34 2
930 34 1
931 33 1
932 32 1
933 32 2
935 33 3
936 32 3
938 34 3
940 32 3
941 32 2
942 32 3
943 33 3
944 34 3
945 34 4
946 34 5
948 34 5
949 34 4
950 34 3
951 33 3
952 33 4
953 34 4
954 34 5
955 35 5
956 35 6
957 35 7
958 35 6
961 37 7
962 36 7
963 36 6
964 36 5
965 36 4
966 37 4
968 37 6
969 36 6
971 38 6
972 38 7
973 39 7
974 39 8
975 38 8
976 37 8
977 38 8
978 38 7
979 37 7
980 37 8
981 37 7
982 37 6
984 38 5
985 37 5
986 37 6
988 37 8
989 37 9
990 38 9
992 38 9
993 37 9
994 37 8
995 38 8
996 37 8
997 37 9
998 37 10
999 38 10
1000 39 10
800
1 0 1
2 0 0
3 0 1
4 1 1
5 1 2
6 0 2
7 1 2
8 0 2
9 0 1
10 1 1
12 0 0
13 1 0
14 2 0
16 2 0
17 3 0
18 2 0
19 1 0
20 0 0
21 1 0
22 2 0
23 1 0
24 2 0
25 3 0
26 2 0
27 3 0
28 4 0
29 3 0
30 2 0
31 1 0
32 0 0
33 1 0
34 0 0
35 1 0
36 0 0
37 1 0
38 2 0
40 2 2
41 1 2
42 1 1
43 1 0
45 3 0
46 2 0
47 1 0
48 2 0
49 2 1
50 2 2
51 1 2
52 2 2
54 4 2
55 4 1
56 5 1
57 5 0
58 4 0
59 5 0
60 6 0
61 6 1
63 8 1
64 7 1
65 7 2
66 7 1
67 7 0
68 8 0
70 8 0
71 7 0
74 8 0
75 7 0
77 7 0
78 8 0
79 7 0
80 6 0
81 6 1
83 4 1
84 3 1
85 3 0
86 3 1
87 3 2
88 2 2
90 2 0
91 3 0
92 3 1
93 4 1
94 4 0
95 4 1
96 5 1
97 4 1
98 3 1
100 1 1
102 2 2
103 3 2
104 3 3
105 2 3
106 3 3
109 3 0
111 1 0
112 1 1
114 0 0
115 1 0
117 3 0
118 3 1
120 4 0
121 4 1
122 4 0
123 5 0
124 4 0
125 3 0
127 5 0
128 5 1
129 5 0
130 4 0
131 3 0
132 4 0
133 3 0
134 2 0
135 1 0
136 2 0
138 2 2
140 3 3
141 2 3
142 2 2
143 3 2
145 3 0
146 3 1
147 3 2
148 3 3
149 2 3
150 3 3
151 3 2
154 3 3
155 3 4
157 3 4
164 0 0
165 0 1
166 1 1
168 0 0
169 1 0
170 0 0
172 1 1
173 0 1
176 0 0
177 1 0
178 2 0
181 1 0
183 1 0
185 1 0
188 0 0
189 0 1
190 1 1
191 0 1
192 1 1
193 1 0
194 1 1
195 2 1
196 2 0
197 3 0
198 4 0
199 5 0
200 4 0
201 5 0
203 4 1
204 4 0
205 5 0
206 4 0
207 4 1
208 3 1
209 2 1
210 1 1
211 1 0
212 0 0
215 1 0
216 1 1
217 1 2
218 1 3
219 0 3
220 1 3
221 0 3
222 1 3
223 2 3
224 2 4
226 0 4
227 0 5
228 0 4
229 0 5
230 1 5
231 1 4
232 1 5
233 1 4
234 2 4
237 4 5
238 4 6
239 3 6
240 3 7
241 2 7
243 2 7
244 2 8
245 2 9
247 2 11
248 1 11
249 2 11
250 2 10
252 3 11
253 3 10
254 2 10
256 3 11
257 3 10
258 3 11
259 2 11
260 1 11
261 1 10
263 0 11
264 1 11
266 0 10
269 1 10
270 1 11
272 1 11
273 2 11
274 2 10
275 3 10
276 4 10
278 4 8
279 5 8
282 8 8
283 7 8
284 6 8
286 7 9
287 8 9
288 9 9
289 8 9
291 6 9
292 7 9
293 7 8
295 8 7
297 6 7
298 6 8
299 6 7
300 7 7
303 10 7
305 9 8
306 9 7
307 8 7
310 11 7
311 10 7
312 9 7
314 9 9
316 11 9
317 10 9
322 10 14
324 10 16
326 11 17
327 11 16
329 13 16
331 13 16
333 11 16
334 11 15
335 12 15
337 12 15
338 12 14
339 13 14
340 13 15
341 13 14
343 13 16
344 14 16
345 15 16
347 15 16
349 17 16
350 17 15
351 16 15
353 15 14
354 16 14
355 15 14
356 15 15
357 15 16
358 14 16
359 14 15
360 14 14
361 15 14
362 14 14
365 16 13
366 16 12
369 16 11
370 16 12
371 16 13
373 16 11
374 17 11
375 16 11
376 15 11
377 16 11
379 16 9
380 17 9
381 17 8
382 18 8
383 17 8
385 17 10
386 18 10
387 17 10
388 17 9
389 16 9
391 16 9
392 16 8
393 17 8
394 17 9
396 16 8
397 17 8
398 17 9
399 16 9
400 15 9
401 15 10
402 15 9
403 16 9
404 16 8
405 16 7
406 16 8
407 16 9
408 15 9
409 15 10
410 14 10
411 15 10
412 14 10
414 14 10
415 15 10
416 16 10
417 15 10
418 16 10
419 16 11
420 15 11
421 15 10
422 15 11
423 16 11
424 16 10
425 16 11
426 17 11
427 16 11
428 16 12
430 16 14
432 14 14
434 14 12
435 14 11
436 13 11
438 11 11
439 11 10
440 12 10
442 10 10
443 11 10
444 12 10
445 12 11
446 13 11
447 12 11
448 12 12
449 12 13
451 11 12
452 11 11
453 12 11
454 12 12
455 13 12
456 13 11
458 13 11
459 13 10
460 13 9
461 13 10
462 14 10
463 15 10
465 13 10
466 14 10
467 13 10
469 13 10
470 13 9
471 13 10
472 14 10
473 13 10
474 12 10
475 13 10
476 14 10
479 14 11
480 14 12
481 14 13
482 13 13
483 13 14
484 13 13
486 15 13
488 16 12
489 15 12
490 14 12
491 14 11
493 14 11
494 14 12
495 15 12
496 16 12
497 16 13
498 17 13
499 18 13
500 18 12
501 17 12
502 16 12
503 16 13
504 16 12
505 16 13
507 16 13
509 15 12
513 15 12
514 15 11
515 15 10
517 15 8
518 16 8
519 15 8
520 15 9
521 16 9
522 15 9
523 16 9
525 18 9
527 17 8
528 17 7
529 17 6
530 16 6
531 17 6
532 17 7
533 18 7
535 18 9
536 17 9
537 17 8
538 17 7
539 17 6
540 17 5
541 16 5
542 15 5
543 15 6
545 14 7
547 14 7
548 15 7
550 13 7
551 13 6
552 14 6
553 14 5
554 14 4
556 15 5
560 15 7
561 15 6
564 15 5
565 15 4
566 16 4
567 15 4
568 15 3
569 14 3
570 13 3
571 13 2
572 13 1
573 12 1
574 11 1
575 12 1
576 11 1
577 10 1
578 10 2
579 10 1
580 10 2
581 10 3
582 11 3
583 10 3
584 9 3
585 10 3
586 9 3
587 9 4
588 10 4
589 10 3
590 9 3
591 9 2
592 8 2
593 8 1
594 9 1
595 9 2
596 9 3
597 10 3
598 10 4
599 9 4
600 8 4
601 7 4
602 7 3
603 6 3
604 6 4
606 8 4
608 10 4
609 9 4
610 9 3
611 8 3
612 8 4
613 9 4
614 9 3
615 10 3
616 9 3
617 9 4
618 8 4
619 7 4
620 7 3
621 7 4
622 8 4
623 8 5
624 8 4
625 8 5
626 8 6
627 9 6
628 9 5
629 9 4
630 9 3
631 9 2
633 7 2
634 7 1
635 8 1
636 7 1
637 8 1
638 8 0
639 7 0
640 6 0
641 7 0
642 8 0
643 7 0
644 6 0
645 5 0
646 6 0
647 5 0
648 6 0
649 6 1
650 6 0
652 6 2
653 6 3
654 6 2
655 6 1
656 5 1
657 4 1
658 4 2
659 3 2
661 3 2
663 3 2
665 3 2
666 2 2
668 2 4
669 3 4
670 3 5
672 1 5
673 0 5
675 0 5
676 1 5
677 2 5
680 2 4
681 2 3
682 2 2
683 3 2
684 4 2
685 4 3
686 5 3
687 5 4
689 7 4
690 7 5
691 7 6
693 7 8
694 6 8
695 6 9
696 5 9
697 6 9
698 6 10
699 6 11
700 5 11
701 6 11
702 6 10
703 6 11
704 6 10
706 6 12
709 5 12
710 6 12
711 7 12
712 7 11
714 5 11
715 5 10
716 5 11
717 5 12
718 4 12
719 3 12
721 4 13
722 4 12
723 4 13
724 3 13
725 3 12
728 6 12
729 7 12
730 8 12
731 9 12
732 10 12
733 9 12
734 8 12
735 7 12
736 7 13
737 8 13
739 8 11
741 10 11
742 11 11
743 10 11
744 10 12
745 10 11
746 9 11
748 8 10
749 8 11
750 8 12
751 7 12
752 8 12
753 8 13
754 7 13
755 7 14
757 9 14
758 10 14
759 9 14
760 10 14
761 10 13
763 10 13
765 8 13
767 9 12
768 8 12
769 7 12
770 7 13
771 7 12
772 8 12
774 8 12
775 7 12
776 8 12
777 9 12
778 8 12
779 7 12
780 7 13
781 6 13
782 7 13
783 7 14
784 8 14
785 9 14
786 9 15
787 10 15
788 11 15
789 11 16
790 12 16
791 11 16
792 11 17
793 11 16
794 11 17
795 10 18
796 10 19
797 10 18
798 11 18
800 12 19
801 13 19
802 12 19
804 12 17
805 11 17
806 11 16
808 10 17
810 9 18
814 9 18
815 9 19
817 8 20
819 7 19
821 5 19
822 4 19
823 3 19
824 2 19
825 2 18
826 1 18
827 0 18
829 2 18
830 3 18
832 3 16
833 3 17
834 3 16
836 5 16
837 6 16
838 6 17
839 6 18
840 7 18
841 7 17
842 7 18
843 7 17
844 6 17
845 6 18
846 6 19
850 8 19
851 8 20
852 8 21
854 8 23
855 7 23
856 8 23
857 8 24
859 8 24
860 8 25
861 7 25
863 8 26
864 7 26
866 7 26
867 8 26
868 9 26
869 8 26
870 8 27
871 9 27
872 10 27
873 9 27
874 9 26
875 9 27
876 9 26
877 8 26
878 8 27
879 8 28
883 8 24
884 8 25
885 7 25
886 8 25
888 8 23
889 8 22
890 8 21
892 9 20
893 9 19
894 8 19
895 7 19
896 8 19
897 7 19
898 7 20
899 8 20
900 7 20
901 7 19
902 6 19
903 7 19
904 8 19
905 8 20
906 9 20
907 10 20
908 11 20
909 11 19
910 10 19
911 10 18
912 10 17
913 10 16
914 11 16
915 11 15
916 11 14
917 10 14
918 11 14
919 10 14
920 10 15
921 10 14
922 11 14
923 10 14
924 10 15
926 10 17
928 12 17
929 12 18
930 13 18
931 13 19
932 14 19
933 15 19
934 14 19
935 14 18
937 14 18
939 14 18
941 14 18
942 13 18
943 13 17
945 14 18
947 14 16
948 14 15
950 15 14
951 16 14
952 16 15
953 16 16
954 16 15
955 15 15
956 16 15
957 16 16
958 17 16
959 18 16
961 18 16
962 19 16
963 20 16
964 20 16
965 19 16
966 19 17
967 19 18
968 19 17
969 19 18
970 19 17
973 18 17
975 19 18
976 18 18
977 18 19
978 19 19
980 19 21
982 20 22
983 20 21
984 19 21
985 19 20
986 19 21
988 19 21
989 18 20
990 18 21
991 19 21
993 19 21
996 19 24
997 18 24
998 19 24
999 19 23
1000 18 23
800
1 0 1
2 0 0
3 0 1
4 0 2
5 1 2
6 1 1
7 1 0
8 2 0
9 3 0
11 5 0
12 6 0
13 6 1
14 6 2
15 5 2
17 6 3
18 6 4
19 5 4
20 6 4
22 4 4
23 3 4
24 2 4
25 2 3
26 3 3
27 4 3
29 5 4
30 5 3
31 4 3
32 4 4
33 4 3
34 4 2
35 4 3
36 4 4
37 5 4
39 4 5
42 4 2
43 5 2
45 5 0
46 6 0
47 6 1
48 7 1
49 7 0
50 7 1
51 6 1
52 5 1
53 6 1
54 6 0
56 4 0
57 3 0
58 4 0
59 4 1
60 4 0
61 5 0
63 3 0
64 4 0
65 4 1
66 4 0
68 4 0
69 3 0
71 5 0
72 6 0
73 5 0
74 5 1
75 5 2
76 6 2
77 7 2
78 6 2
80 7 1
81 7 0
82 7 1
83 7 0
84 7 1
85 7 0
86 7 1
87 7 0
88 6 0
89 5 0
90 6 0
91 7 0
93 8 1
97 8 1
98 8 2
100 8 2
101 8 1
103 8 3
104 8 2
105 9 2
107 9 2
108 9 1
109 9 2
110 9 3
111 10 3
112 11 3
113 11 4
114 12 4
115 13 4
116 13 5
117 13 4
118 12 4
120 10 4
121 10 5
122 10 6
123 11 6
124 11 7
125 10 7
126 10 8
127 9 8
128 9 7
129 10 7
130 10 6
131 10 7
132 9 7
133 10 7
134 10 8
135 10 9
136 9 9
137 9 10
139 11 10
140 10 10
141 10 11
142 10 12
143 9 12
145 9 14
147 11 14
148 11 13
149 12 13
150 12 14
151 12 13
152 12 14
154 13 13
155 14 13
159 12 13
160 12 14
161 11 14
162 11 13
163 11 14
165 11 16
166 12 16
167 11 16
168 11 15
169 11 16
171 13 16
172 13 15
173 14 15
174 14 14
175 13 14
176 13 13
177 13 12
179 13 10
180 13 9
182 13 11
183 13 12
186 13 13
189 13 12
190 13 11
191 12 11
192 11 11
193 12 11
196 10 10
197 10 11
198 10 10
199 10 11
200 10 12
202 10 12
203 10 11
204 11 11
205 11 10
206 11 9
207 12 9
208 13 9
209 13 8
211 14 7
212 13 7
213 13 8
214 14 8
215 14 9
216 13 9
217 13 8
218 13 9
219 13 8
221 13 10
222 13 9
223 12 9
224 12 10
225 12 11
226 12 10
230 12 10
231 11 10
232 11 9
233 10 9
234 11 9
235 11 8
237 11 10
238 11 11
239 12 11
240 11 11
242 11 13
243 11 14
244 10 14
246 9 15
247 9 14
248 8 14
249 9 14
250 9 15
251 10 15
254 11 17
255 10 17
256 10 18
258 12 18
259 13 18
260 13 19
263 14 19
265 13 20
266 14 20
268 12 20
269 11 20
270 11 19
271 10 19
272 10 20
273 11 20
274 12 20
275 12 21
276 12 20
277 12 19
278 12 20
279 13 20
280 12 20
281 11 20
283 11 20
284 12 20
285 12 21
287 12 19
288 12 20
290 10 20
291 10 19
292 10 20
293 10 21
294 10 22
295 10 21
296 10 22
297 9 22
299 10 23
300 10 22
302 8 22
303 8 23
304 9 23
305 8 23
307 8 25
309 8 25
310 7 25
312 9 25
313 9 26
314 9 27
315 9 26
316 8 26
317 9 26
318 10 26
319 10 27
321 9 28
322 8 28
323 8 27
324 8 26
325 9 26
326 9 27
327 9 26
328 9 27
329 9 28
330 10 28
331 9 28
332 8 28
333 9 28
334 8 28
335 9 28
336 9 27
337 9 26
338 10 26
340 10 24
341 11 24
342 11 25
343 11 24
344 11 23
345 11 22
346 12 22
347 11 22
348 12 22
349 11 22
350 11 23
351 11 24
353 9 24
354 8 24
355 7 24
356 7 23
357 7 24
358 7 23
360 8 22
361 8 21
362 7 21
363 8 21
364 8 20
366 8 18
367 7 18
368 8 18
369 8 19
370 9 19
371 8 19
372 8 18
373 8 19
374 7 19
375 7 20
376 6 20
377 6 21
378 6 22
379 6 23
380 5 23
381 5 24
383 5 24
385 5 24
386 4 24
388 3 25
389 3 24
390 4 24
391 4 25
392 4 24
393 4 25
394 5 25
395 5 24
396 6 24
398 5 25
399 5 26
400 4 26
401 5 26
402 4 26
403 4 25
404 4 24
405 5 24
406 4 24
407 5 24
408 4 24
410 5 25
411 5 24
412 5 23
413 4 23
415 4 23
416 4 24
417 3 24
418 4 24
419 4 25
421 6 25
422 6 24
423 7 24
425 9 24
426 8 24
427 7 24
428 7 23
429 6 23
430 6 22
432 6 22
433 7 22
435 9 22
436 8 22
438 8 24
439 8 25
440 8 24
441 9 24
442 8 24
443 8 25
444 9 25
446 9 25
450 11 25
452 13 25
455 13 26
456 13 27
457 14 27
460 15 27
461 15 26
462 14 26
463 13 26
464 13 27
466 13 29
467 13 29
468 13 30
469 12 30
471 12 28
472 12 27
474 12 27
476 13 28
477 14 28
478 14 29
479 14 30
480 13 30
482 11 30
483 12 30
484 12 29
486 14 29
488 14 29
489 14 28
490 14 29
491 14 28
492 15 28
493 14 28
494 14 29
496 14 27
497 14 28
498 13 28
499 12 28
500 13 28
501 12 28
502 12 29
503 12 30
505 13 31
507 13 31
508 14 31
510 13 32
511 14 32
513 13 33
514 12 33
515 11 33
517 12 34
518 12 35
521 11 33
522 11 34
523 11 33
524 12 33
525 13 33
527 15 33
528 14 33
529 14 32
532 16 33
533 16 32
534 16 33
535 16 32
536 16 31
537 17 31
538 18 31
540 19 32
541 18 32
542 18 33
543 18 34
544 17 34
545 17 35
546 18 35
547 18 36
548 17 36
549 16 36
552 15 36
553 14 36
555 15 35
557 13 35
558 12 35
559 13 35
560 13 34
561 13 33
562 14 33
563 13 33
564 13 34
566 11 34
567 11 35
568 10 35
569 11 35
571 13 35
572 12 35
573 13 35
575 12 36
576 12 35
577 12 36
578 12 35
579 12 36
580 12 35
581 12 34
582 13 34
584 15 34
585 16 34
586 16 33
588 18 33
589 18 32
590 18 33
591 17 33
592 17 32
593 18 32
594 19 32
595 19 33
596 18 33
597 18 32
599 18 32
600 19 32
601 19 33
602 20 33
603 19 33
604 18 33
605 18 32
606 19 32
607 19 31
608 20 31
609 20 30
610 21 30
611 22 30
612 21 30
613 21 29
614 21 28
615 22 28
616 22 29
617 22 28
618 21 28
620 21 28
622 21 30
624 20 31
625 20 32
626 21 32
627 22 32
629 22 34
630 21 34
632 21 34
633 22 34
634 21 34
635 21 35
637 21 35
640 21 34
641 22 34
642 23 34
643 24 34
644 24 33
645 24 34
646 24 35
647 25 35
648 25 36
649 25 35
650 25 34
652 26 35
653 26 36
654 26 35
655 26 36
656 27 36
657 26 36
658 27 36
659 27 37
660 27 38
661 28 38
664 29 40
665 29 41
666 30 41
667 31 41
668 31 42
669 32 42
670 31 42
671 30 42
672 30 41
673 29 41
674 29 42
676 28 41
677 28 42
678 27 42
679 28 42
680 27 42
681 27 43
682 27 42
683 27 41
684 26 41
685 25 41
686 24 41
687 25 41
688 26 41
689 27 41
690 28 41
691 27 41
692 27 40
693 28 40
694 29 40
695 29 41
698 26 41
699 26 42
700 27 42
701 27 41
702 26 41
703 26 40
704 25 40
705 24 40
706 24 39
707 23 39
708 24 39
709 23 39
710 23 40
711 23 41
712 23 42
713 24 42
714 24 43
719 25 39
720 24 39
722 26 39
723 26 38
724 27 38
725 27 39
726 26 39
729 23 39
731 22 38
733 22 38
734 23 38
735 24 38
736 23 38
737 23 37
739 22 36
740 21 36
741 21 35
742 22 35
743 22 34
744 21 34
745 20 34
746 20 35
747 20 34
748 20 35
751 22 34
752 23 34
753 22 34
754 23 34
755 23 33
756 22 33
757 23 33
758 23 34
759 23 34
760 23 33
761 22 33
762 21 33
763 22 33
764 22 32
765 22 33
766 22 32
767 22 33
768 21 33
769 22 33
770 22 32
772 20 32
773 20 31
774 20 32
775 19 32
776 19 33
777 18 33
778 18 32
779 18 33
781 16 33
782 16 34
783 15 34
785 15 34
786 15 33
787 15 34
788 15 35
789 15 34
790 14 34
791 14 33
792 14 32
793 15 32
795 15 30
796 15 31
797 15 32
798 15 33
799 16 33
800 17 33
801 16 33
803 15 34
804 15 35
805 14 35
806 14 34
808 14 34
809 14 33
810 15 33
811 15 32
813 15 34
814 14 34
815 13 34
817 14 33
819 16 33
820 16 34
821 16 35
822 15 35
823 14 35
825 15 36
826 14 36
827 14 37
828 15 37
829 15 36
831 15 36
833 13 36
834 14 36
835 14 37
838 13 37
839 13 36
840 13 37
841 12 37
842 12 36
843 12 35
844 13 35
845 14 35
846 14 34
848 13 35
850 15 35
851 15 34
852 14 34
856 16 36
859 15 36
860 16 36
862 18 36
863 18 35
864 18 34
865 18 33
867 18 33
868 17 33
869 18 33
870 17 33
871 17 34
872 17 35
873 17 34
874 17 33
875 18 33
877 16 33
878 16 34
879 15 34
880 15 35
881 14 35
883 15 34
887 16 31
890 16 34
891 17 34
892 17 35
893 17 36
894 18 36
895 18 37
896 18 36
898 18 34
899 18 33
901 17 34
903 17 32
904 16 32
905 17 32
907 19 32
908 18 32
909 19 32
912 16 32
915 17 32
916 17 33
920 21 33
921 21 34
922 21 33
923 22 33
924 22 32
925 23 32
926 24 32
928 24 32
930 24 32
931 25 32
932 24 32
933 24 31
934 25 31
935 26 31
937 26 33
939 26 31
941 25 32
943 24 31
944 23 31
945 23 32
947 23 30
948 23 31
949 22 31
950 21 31
951 20 31
952 20 32
953 19 32
954 19 33
955 20 33
956 21 33
957 20 33
960 20 32
961 20 33
962 20 34
963 21 34
964 21 35
965 22 35
966 22 34
969 22 37
970 22 36
972 22 36
973 21 36
975 21 38
976 21 37
977 21 36
978 20 36
979 20 35
980 19 35
981 18 35
982 18 36
983 19 36
985 21 36
987 19 36
988 18 36
989 18 37
990 18 38
992 16 38
993 17 38
995 16 37
996 15 37
997 15 36
998 16 36
999 16 35
1000 15 35
800
1 0 1
2 1 1
3 1 0
4 0 0
5 0 1
6 1 1
7 1 0
8 0 0
9 1 0
10 0 0
11 1 0
12 0 0
13 0 1
14 0 2
16 0 0
17 0 1
18 0 0
19 0 1
20 0 0
21 0 1
22 0 2
23 0 3
25 0 1
26 0 0
27 0 1
28 1 1
29 1 0
30 1 1
31 1 0
34 3 1
35 4 1
37 5 0
38 6 0
39 7 0
40 6 0
41 6 1
42 5 1
43 6 1
45 5 2
46 6 2
47 6 3
48 6 2
49 5 2
50 5 3
51 6 3
53 6 3
54 6 4
56 6 4
57 7 4
58 7 5
60 7 5
62 6 4
64 8 4
65 8 3
66 7 3
67 6 3
68 6 2
70 6 2
71 7 2
72 6 2
73 5 2
74 6 2
75 6 3
77 6 1
78 7 1
79 6 1
80 6 2
82 6 2
83 6 3
84 7 3
85 7 4
86 8 4
87 7 4
88 7 5
89 6 5
91 5 4
92 5 3
93 4 3
95 3 2
96 2 2
97 2 1
98 2 2
100 2 0
101 3 0
102 4 0
104 4 2
105 5 2
106 5 3
107 5 4
108 6 4
109 6 3
110 7 3
111 7 2
112 8 2
113 8 3
115 10 3
118 10 0
119 9 0
120 8 0
121 8 1
122 8 2
124 8 2
125 9 2
126 10 2
127 9 2
129 9 4
130 10 4
132 10 4
133 10 5
134 11 5
135 11 6
137 11 4
139 11 4
140 11 5
141 11 4
142 12 4
143 13 4
144 13 5
145 12 5
146 13 5
147 13 4
148 14 4
149 15 4
150 14 4
151 15 4
152 14 4
153 13 4
156 11 3
157 12 3
158 12 4
159 12 5
161 12 3
162 11 3
163 11 2
164 11 1
165 11 0
166 10 0
167 11 0
168 10 0
170 9 1
171 10 1
172 9 1
173 8 1
174 8 2
175 8 3
176 8 4
178 10 4
179 10 3
181 10 1
182 9 1
183 9 2
184 9 3
186 8 4
187 9 4
189 10 3
190 9 3
191 9 4
192 9 5
194 11 5
195 11 4
196 11 3
197 12 3
198 12 2
199 13 2
200 12 2
202 11 3
203 11 2
204 10 2
205 9 2
206 10 2
207 11 2
208 10 2
211 11 0
212 12 0
213 11 0
215 11 2
216 12 2
217 12 1
219 12 1
220 13 1
221 13 0
222 14 0
224 12 0
225 13 0
226 12 0
227 11 0
228 11 1
229 10 1
231 10 1
232 9 1
233 9 2
234 8 2
235 7 2
237 7 0
239 7 0
240 6 0
241 6 1
242 5 1
243 4 1
244 4 0
246 3 1
250 3 1
251 4 1
252 4 0
254 3 1
256 2 0
257 3 0
258 4 0
259 3 0
260 4 0
261 3 0
262 4 0
264 2 0
265 2 1
266 2 0
268 0 0
269 1 0
270 1 1
271 2 1
274 2 4
276 2 2
277 2 3
278 1 3
280 1 1
285 5 0
287 5 0
288 6 0
289 6 1
290 7 1
291 7 2
292 8 2
293 8 3
295 10 3
296 10 2
297 10 1
298 9 1
300 10 0
301 11 0
302 10 0
303 9 0
304 10 0
305 9 0
306 10 0
307 11 0
308 10 0
309 11 0
312 11 0
314 11 0
315 12 0
316 11 0
317 12 0
318 12 1
319 12 0
320 12 1
321 12 2
322 11 2
324 11 2
326 9 2
327 9 3
328 9 4
329 9 3
331 8 4
332 7 4
333 7 5
334 7 4
335 8 4
336 9 4
337 8 4
338 8 3
339 8 2
340 7 2
341 7 3
342 6 3
343 5 3
344 4 3
345 5 3
346 5 2
347 4 2
348 4 3
349 3 3
350 4 3
351 3 3
352 3 4
353 3 5
354 3 4
356 3 2
357 3 1
358 3 0
359 4 0
361 4 2
362 4 1
363 3 1
365 2 0
366 3 0
367 2 0
368 3 0
369 3 1
370 3 0
371 2 0
372 1 0
373 1 1
374 1 0
375 0 0
376 1 0
377 1 1
378 1 0
379 0 0
380 0 1
381 0 2
382 0 1
385 0 0
388 0 1
389 0 0
390 0 1
391 1 1
392 1 0
395 2 2
396 1 2
397 1 1
398 1 2
400 3 2
401 2 2
402 2 3
404 4 3
406 3 2
407 2 2
408 2 1
409 3 1
410 4 1
413 4 0
414 3 0
415 2 0
416 1 0
417 1 1
418 2 1
419 1 1
420 1 2
421 1 1
422 1 2
423 1 1
424 0 1
425 0 0
427 0 0
428 1 0
429 2 0
430 2 1
432 3 0
433 3 1
434 4 1
435 4 0
436 4 1
437 4 0
438 3 0
439 2 0
440 3 0
441 4 0
442 5 0
443 4 0
444 3 0
445 2 0
446 3 0
447 3 1
448 4 1
451 1 1
452 0 1
453 0 2
454 0 3
455 0 4
456 0 5
457 0 6
458 0 7
459 0 8
461 0 10
462 0 11
463 0 12
464 0 13
465 0 12
466 0 11
467 0 10
468 0 9
469 1 9
470 0 9
474 0 7
475 0 6
476 1 6
477 1 7
478 1 6
479 1 7
480 1 8
481 2 8
482 3 8
484 3 8
485 4 8
486 4 7
487 3 7
488 3 6
490 3 8
491 2 8
492 3 8
493 4 8
494 4 7
496 4 5
497 4 6
500 7 6
501 6 6
502 6 5
503 7 5
504 7 4
505 7 3
506 6 3
508 8 3
509 7 3
511 7 3
512 7 4
513 8 4
515 6 4
516 7 4
517 6 4
518 5 4
519 5 3
520 4 3
521 4 4
522 5 4
523 4 4
524 4 5
527 1 5
528 2 5
529 2 4
530 1 4
531 1 5
532 0 5
533 1 5
534 0 5
535 0 6
536 0 5
537 0 4
538 1 4
539 1 3
540 0 3
541 0 4
542 0 3
544 2 3
545 1 3
546 1 2
547 1 3
548 2 3
550 1 2
551 2 2
552 2 1
553 2 2
554 2 1
555 3 1
556 3 2
557 4 2
558 4 3
559 4 4
561 4 6
562 4 7
564 4 7
566 4 7
567 5 7
569 4 8
571 2 8
573 2 8
575 2 8
576 2 7
577 3 7
578 3 6
580 3 6
581 2 6
584 2 7
586 2 7
587 2 6
588 2 7
590 2 9
591 1 9
592 2 9
593 1 9
595 3 9
596 3 10
597 4 10
599 2 10
600 2 11
601 3 11
602 4 11
603 4 12
604 4 11
605 3 11
606 4 11
607 4 10
608 5 10
609 5 11
610 4 11
611 4 10
612 4 11
613 3 11
614 3 12
615 4 12
616 5 12
617 5 11
618 4 11
620 2 11
622 2 11
623 1 11
624 1 12
625 2 12
626 3 12
628 5 12
629 5 11
631 5 11
634 7 10
636 8 11
637 9 11
638 10 11
639 10 12
640 10 13
641 10 12
642 10 13
643 10 12
644 11 12
645 11 11
646 11 10
648 11 10
649 12 10
650 13 10
652 13 10
654 13 10
655 12 10
656 13 10
657 13 11
658 13 12
661 11 11
662 10 11
663 10 10
665 10 12
666 10 11
668 12 11
670 12 9
671 13 9
672 13 10
675 15 9
676 16 9
677 16 8
678 17 8
679 17 7
680 17 8
681 16 8
682 15 8
683 16 8
684 17 8
685 17 7
686 16 7
687 16 8
688 17 8
691 20 8
692 20 7
693 20 8
694 19 8
696 19 8
698 18 7
699 18 6
700 18 7
702 18 5
703 18 6
704 19 6
705 20 6
706 20 7
708 19 6
709 19 7
710 19 6
711 20 6
712 20 5
714 21 4
715 21 3
716 20 3
718 18 3
719 18 4
720 18 5
721 17 5
722 17 6
723 17 5
724 18 5
726 19 4
727 19 5
729 19 7
730 18 7
731 18 8
732 18 9
733 19 9
734 18 9
736 18 9
737 18 8
738 18 7
741 17 9
742 17 8
744 17 8
745 17 7
746 16 7
748 16 5
751 16 2
752 16 3
753 16 4
754 16 3
755 16 2
756 15 2
757 15 1
758 15 0
759 16 0
760 15 0
762 15 0
763 14 0
764 14 1
765 15 1
766 15 2
767 16 2
769 18 2
770 17 2
773 16 0
774 15 0
775 14 0
776 15 0
777 15 1
779 17 1
781 17 1
782 16 1
783 17 1
784 18 1
785 17 1
786 17 0
788 16 1
789 16 2
790 17 2
792 18 1
793 18 2
794 17 2
795 18 2
796 19 2
797 18 2
798 17 2
799 17 3
800 17 4
801 17 5
802 18 5
804 17 6
805 16 6
806 16 5
807 17 5
808 17 6
809 16 6
810 15 6
812 15 8
814 17 8
815 17 7
816 16 7
817 16 8
818 17 8
820 15 8
821 15 7
822 15 6
823 15 5
824 14 5
825 14 4
826 14 3
827 14 2
828 14 1
830 14 1
831 13 1
832 13 0
833 12 0
835 14 0
836 13 0
837 12 0
839 12 0
840 13 0
841 14 0
842 13 0
843 12 0
844 12 1
845 13 1
846 14 1
847 15 1
849 16 0
850 17 0
851 18 0
853 18 0
854 18 1
855 19 1
856 19 0
857 20 0
859 22 0
861 23 1
862 23 0
863 23 1
864 24 1
865 24 2
867 24 4
871 24 8
872 24 9
874 23 10
875 22 10
876 23 10
877 23 9
878 23 10
879 24 10
880 24 9
882 24 11
883 24 10
884 23 10
886 22 11
887 23 11
889 24 10
890 23 10
891 23 9
893 25 9
894 25 10
895 26 10
896 26 11
897 26 10
898 26 11
899 27 11
900 28 11
902 30 11
903 31 11
904 31 12
905 32 12
906 32 13
907 32 12
908 32 13
909 32 14
910 31 14
911 31 13
912 31 14
913 30 14
914 30 15
915 29 15
916 28 15
917 28 16
918 27 16
919 27 17
920 27 18
921 27 17
922 27 18
923 28 18
924 27 18
928 29 18
929 29 19
930 28 19
932 26 19
933 26 20
934 26 21
936 26 19
938 28 19
940 29 20
943 28 18
944 28 17
946 28 15
947 28 14
948 29 14
949 29 13
950 29 14
953 29 11
954 30 11
957 30 14
958 29 14
959 29 15
960 29 14
961 28 14
962 28 13
964 28 15
965 27 15
966 26 15
967 27 15
968 26 15
969 26 16
970 27 16
971 26 16
972 26 17
973 26 16
974 26 15
976 25 14
977 25 15
978 26 15
979 27 15
980 26 15
981 26 14
982 25 14
983 26 14
984 26 13
986 26 11
987 26 10
988 27 10
989 26 10
991 26 12
992 26 13
993 25 12
994 24 12
996 24 12
997 24 11
999 24 11
1000 24 11
800
2 0 0
3 1 0
5 1 0
6 2 0
7 2 1
8 3 1
9 3 2
11 4 3
12 5 3
13 5 2
14 6 2
16 7 1
17 8 1
18 8 2
19 7 2
20 8 2
21 8 1
22 8 2
24 8 0
25 8 1
26 7 1
27 6 1
28 7 1
30 8 2
31 7 2
32 7 1
34 7 1
36 6 2
37 6 3
38 5 3
40 5 1
42 4 0
43 4 1
45 3 0
46 4 0
47 5 0
49 5 0
50 6 0
51 7 0
52 6 0
53 7 0
54 7 1
55 7 0
56 8 0
57 7 0
59 7 0
60 6 0
61 5 0
62 4 0
63 4 1
64 4 0
65 4 1
66 5 1
67 5 2
68 4 2
69 4 1
70 5 1
71 4 1
72 3 1
74 2 0
75 3 0
76 3 1
77 3 2
78 2 2
79 2 1
80 3 1
81 4 1
82 3 1
83 2 1
85 2 1
86 1 1
88 0 2
89 1 2
91 3 2
92 3 1
93 4 1
96 2 0
97 1 0
98 2 0
99 1 0
101 0 1
102 0 0
103 1 0
104 0 0
106 0 2
107 0 1
108 0 2
109 0 1
110 0 2
113 3 2
114 3 3
115 2 3
116 2 2
117 3 2
118 2 2
119 3 2
120 3 3
122 2 2
123 2 3
124 2 4
125 3 4
127 1 4
128 1 5
129 2 5
130 3 5
131 4 5
132 3 5
133 4 5
134 4 6
135 4 7
137 5 8
138 6 8
139 6 9
140 7 9
141 8 9
143 6 9
144 5 9
145 5 10
147 7 10
148 8 10
149 8 11
150 9 11
153 9 14
154 9 13
156 10 12
157 10 11
159 9 10
161 9 12
163 9 14
164 10 14
165 10 13
166 11 13
167 10 13
168 10 12
169 11 12
170 11 13
171 10 13
172 10 14
173 11 14
174 12 14
175 12 13
177 12 13
179 14 13
180 13 13
181 13 14
182 14 14
183 14 15
185 13 16
186 13 17
187 13 16
189 15 16
192 16 18
193 16 17
194 16 16
196 18 16
197 18 17
198 19 17
199 19 16
201 19 16
202 18 16
203 18 17
204 18 18
205 18 19
206 19 19
207 20 19
208 21 19
209 22 19
210 21 19
211 22 19
212 22 18
213 22 17
214 21 17
215 21 18
216 21 17
219 24 17
220 24 18
221 24 19
222 24 18
223 24 17
225 23 18
226 22 18
227 23 18
228 24 18
230 23 17
231 23 18
232 23 17
233 24 17
234 24 16
235 24 17
236 24 16
237 24 17
238 24 16
239 25 16
240 26 16
241 26 15
245 23 16
248 26 16
249 27 16
250 27 15
252 26 16
255 29 16
256 29 15
257 28 15
258 27 15
260 27 15
262 27 15
263 26 15
265 24 15
267 23 14
268 24 14
269 24 13
270 25 13
271 26 13
272 25 13
273 26 13
275 27 12
276 27 13
277 26 13
278 25 13
279 25 14
280 25 15
281 26 15
282 26 14
283 26 15
284 26 14
285 27 14
286 28 14
289 29 14
291 31 14
294 31 13
295 31 14
296 32 14
297 32 13
298 32 12
299 31 12
302 32 12
303 32 13
305 30 13
306 30 12
307 31 12
308 32 12
309 31 12
310 31 11
312 29 11
313 28 11
314 28 10
316 28 10
317 27 10
318 26 10
319 26 9
321 26 7
323 26 9
324 27 9
325 26 9
326 26 8
328 25 9
329 25 10
331 25 10
332 25 11
333 26 11
334 25 11
336 24 12
337 24 11
338 24 12
339 25 12
340 24 12
341 25 12
342 25 13
344 24 12
345 24 11
346 24 10
348 25 9
350 26 10
351 26 11
352 26 10
354 24 10
355 23 10
356 23 9
357 23 10
358 23 9
361 23 8
362 24 8
363 25 8
364 26 8
365 26 7
366 25 7
367 26 7
368 26 8
369 26 9
370 25 9
371 25 10
372 25 11
373 25 10
374 24 10
375 24 9
376 25 9
377 24 9
378 23 9
379 23 8
381 23 8
382 22 8
383 23 8
384 24 8
385 24 9
386 23 9
388 23 9
389 24 9
390 23 9
392 23 9
393 23 10
394 24 10
395 24 9
397 26 9
398 26 10
399 25 10
401 27 10
402 27 11
404 29 11
405 30 11
406 30 12
407 29 12
408 30 12
409 31 12
410 31 13
413 30 11
414 31 11
415 31 10
416 30 10
418 29 11
419 30 11
420 30 12
421 30 13
422 30 14
423 29 14
424 29 15
425 30 15
426 30 14
427 30 15
429 28 15
430 29 15
431 29 14
432 29 15
433 29 14
434 29 13
435 30 13
436 30 14
437 29 14
438 30 14
439 29 14
440 29 13
441 30 13
442 29 13
443 29 12
444 29 13
445 28 13
446 28 14
447 28 13
449 28 13
450 27 13
451 27 12
452 27 11
453 28 11
454 28 10
455 29 10
456 30 10
458 30 12
459 31 12
460 31 13
461 31 12
462 32 12
463 32 13
465 32 11
467 32 9
468 32 8
469 32 9
470 32 8
471 32 9
472 32 10
473 33 10
474 33 9
475 33 8
476 33 9
477 33 8
478 33 9
479 34 9
481 36 9
482 35 9
484 35 9
486 34 10
487 34 11
488 34 10
490 36 10
493 37 10
494 37 11
495 36 11
496 37 11
498 36 12
499 36 11
500 35 11
502 33 11
503 33 12
504 33 11
505 33 10
506 32 10
507 31 10
509 33 10
510 33 11
512 33 13
513 33 12
515 31 12
516 32 12
517 32 13
518 31 13
519 30 13
520 30 12
522 30 10
523 30 9
525 30 11
526 30 10
527 31 10
528 31 9
529 31 8
530 32 8
531 33 8
532 34 8
533 34 7
534 33 7
536 33 5
537 34 5
538 34 6
539 34 7
540 34 8
541 34 7
542 34 8
543 34 7
544 34 8
545 35 8
546 35 7
547 36 7
548 36 8
549 36 7
550 36 6
551 37 6
553 38 5
554 38 4
556 38 2
558 40 2
559 40 1
560 41 1
561 41 0
562 41 1
563 41 2
564 41 3
565 42 3
566 42 2
567 43 2
568 44 2
569 44 1
570 44 0
572 44 0
573 43 0
574 43 1
575 42 1
577 42 3
578 42 2
579 41 2
580 41 1
581 40 1
582 40 2
585 41 0
586 40 0
587 40 1
588 39 1
589 40 1
590 40 2
591 41 2
592 40 2
593 40 1
594 40 2
595 39 2
597 37 2
598 37 3
600 35 3
601 34 3
602 35 3
604 34 2
605 34 3
608 34 0
611 34 1
612 35 1
614 35 1
615 35 0
616 36 0
617 35 0
620 36 0
621 37 0
624 38 2
625 38 1
626 38 2
627 38 1
629 38 1
630 37 1
631 36 1
632 37 1
633 38 1
634 37 1
635 37 0
636 36 0
637 35 0
638 34 0
640 32 0
641 33 0
642 32 0
643 32 1
644 33 1
645 34 1
646 34 2
647 34 1
648 33 1
649 33 2
650 33 3
651 33 2
653 33 4
654 33 3
655 32 3
656 32 2
657 33 2
658 32 2
660 30 2
661 30 3
662 30 2
663 30 1
664 29 1
666 29 1
667 29 2
668 29 1
670 28 2
671 29 2
672 30 2
673 30 1
674 30 0
675 29 0
676 30 0
679 30 1
680 31 1
682 30 2
683 29 2
684 29 1
685 29 0
686 28 0
688 28 0
689 29 0
690 30 0
691 29 0
692 28 0
693 27 0
694 27 1
695 27 2
696 27 1
697 27 0
698 26 0
699 25 0
700 24 0
702 22 0
703 23 0
704 23 1
705 23 0
706 24 0
708 22 0
711 23 0
712 24 0
713 24 1
714 23 1
715 22 1
716 22 2
717 21 2
720 21 5
721 21 4
722 21 5
723 20 5
724 21 5
725 20 5
726 20 4
727 20 3
728 21 3
729 22 3
730 21 3
731 22 3
732 22 4
733 21 4
734 21 3
735 22 3
736 21 3
737 21 4
738 21 3
739 20 3
740 21 3
742 22 4
743 22 5
746 23 3
747 24 3
748 24 4
749 24 5
751 22 5
752 23 5
753 23 4
756 22 4
757 23 4
758 23 5
759 23 4
760 22 4
761 22 5
762 21 5
763 21 4
764 20 4
765 20 3
766 20 2
767 21 2
768 22 2
769 21 2
770 22 2
771 21 2
774 22 0
775 23 0
778 24 0
779 23 0
781 25 0
782 24 0
783 23 0
784 22 0
785 23 0
786 24 0
787 25 0
788 24 0
790 22 0
794 26 0
795 25 0
796 25 1
798 24 0
800 22 0
801 23 0
803 23 0
804 22 0
805 23 0
806 24 0
807 24 1
808 24 0
809 25 0
810 24 0
811 25 0
812 25 1
813 25 0
817 25 4
818 24 4
820 24 4
821 23 4
822 22 4
825 24 5
826 23 5
827 23 6
830 25 5
832 26 4
833 25 4
834 24 4
835 25 4
837 25 6
838 25 7
839 24 7
840 25 7
841 26 7
843 26 9
844 27 9
845 27 10
847 27 12
849 26 13
850 26 12
851 26 11
852 27 11
854 29 11
856 29 9
857 29 8
858 28 8
859 27 8
860 26 8
862 27 9
863 28 9
866 28 12
867 27 12
870 28 12
871 28 13
872 28 14
873 28 13
874 27 13
875 26 13
876 27 13
877 26 13
878 27 13
879 28 13
880 28 14
881 27 14
883 28 13
884 28 12
885 27 12
886 28 12
888 28 12
889 27 12
890 28 12
891 28 13
892 27 13
893 27 12
894 28 12
895 28 13
896 29 13
897 30 13
898 31 13
899 31 14
900 30 14
901 30 15
903 28 15
904 27 15
905 28 15
906 27 15
907 27 14
908 27 13
909 27 14
912 27 15
913 28 15
914 29 15
915 29 16
917 30 17
918 31 17
920 31 15
921 31 16
923 31 16
925 31 18
926 31 17
927 30 17
928 31 17
929 30 17
930 31 17
931 31 16
932 32 16
934 33 17
935 34 17
936 34 18
937 34 17
938 34 18
939 35 18
940 34 18
941 34 17
942 33 17
943 34 17
944 33 17
945 34 17
946 34 16
948 34 14
949 35 14
950 36 14
951 37 14
952 37 13
953 37 12
954 37 13
955 37 14
956 38 14
958 38 14
959 38 13
960 38 12
961 38 11
962 39 11
963 39 10
964 40 10
965 41 10
966 41 9
967 41 10
968 41 11
969 40 11
970 39 11
971 38 11
972 37 11
973 36 11
974 35 11
975 35 12
976 36 12
977 36 11
978 36 12
979 36 13
981 38 13
982 38 14
983 37 14
984 38 14
985 38 15
987 36 15
988 36 16
990 36 14
993 36 15
995 36 17
997 38 17
998 38 16
999 38 15
1000 39 15
