3
50
2 0 2
3 0 1
4 0 2
6 0 0
7 1 0
11 0 1
14 0 2
15 1 2
18 0 0
21 0 3
22 0 4
23 0 5
27 0 5
28 0 4
30 0 6
34 0 4
35 0 5
37 0 3
40 0 0
43 0 2
44 0 3
48 3 2
49 2 2
50 1 2
51 1 3
59 1 1
62 2 1
68 4 5
69 4 6
70 3 6
71 4 6
72 3 6
73 4 6
74 3 6
75 2 6
77 2 6
79 0 6
80 0 7
81 0 6
83 0 6
85 0 6
86 0 5
89 0 6
90 0 7
91 1 7
92 1 8
95 0 8
96 0 7
99 0 8
100 0 7
50
1 0 1
2 0 2
3 0 3
4 0 4
5 0 5
8 3 5
9 4 5
12 5 5
13 4 5
14 3 5
15 2 5
17 2 5
18 2 6
20 2 6
22 3 5
23 4 5
24 5 5
26 6 4
27 7 4
31 7 6
35 7 6
36 8 6
39 8 5
40 7 5
42 5 5
44 5 7
48 5 3
50 3 3
51 2 3
53 1 2
56 4 2
57 4 1
58 4 0
61 6 1
62 6 0
63 6 1
67 6 5
70 5 7
71 5 6
76 9 2
78 9 2
80 10 3
86 10 9
88 8 9
89 8 10
90 8 10
92 9 11
93 9 12
95 7 11
98 7 10
50
3 3 0
4 4 0
7 4 1
11 4 3
13 4 1
14 5 1
16 5 1
21 4 5
23 2 5
24 1 5
25 1 6
27 0 7
28 0 8
30 2 8
31 2 9
32 2 8
34 2 10
35 2 11
38 0 12
39 0 13
44 0 16
45 0 15
47 0 15
49 0 15
52 0 14
55 0 11
59 1 10
60 1 11
61 0 11
63 0 11
65 0 9
66 0 8
68 0 10
70 2 10
72 2 8
74 2 10
75 2 11
76 2 12
80 2 14
81 2 13
83 2 13
85 1 12
89 1 12
90 1 13
91 0 13
93 0 13
94 1 13
96 1 13
99 0 13
100 1 13
