3
80
2 0 0
3 1 0
4 2 0
5 1 0
6 0 0
8 0 0
9 0 1
11 0 3
12 1 3
14 1 3
15 0 3
16 0 2
19 0 5
20 0 4
21 0 5
22 0 6
24 0 6
25 1 6
28 1 3
29 1 2
30 0 2
32 0 2
33 0 3
34 0 2
36 0 4
37 0 5
38 0 4
40 0 5
41 0 4
42 1 4
44 1 6
45 0 6
46 0 5
47 0 6
48 0 5
49 0 6
50 0 7
52 0 7
53 0 6
54 0 7
56 0 9
57 0 8
58 0 9
59 1 9
60 2 9
61 3 9
62 4 9
64 6 9
65 6 8
66 7 9
68 6 8
69 6 7
71 6 7
72 6 6
73 7 6
74 7 6
75 7 5
77 9 5
78 8 5
79 8 6
80 8 5
81 8 4
82 8 3
83 9 3
84 9 2
85 10 2
86 11 2
87 11 1
88 12 1
89 12 0
90 11 0
91 12 0
92 13 0
93 12 0
95 10 0
96 11 0
97 10 0
98 10 1
99 11 1
100 10 1
80
2 0 0
3 1 0
4 0 0
5 0 1
7 0 1
8 0 2
9 0 1
12 0 0
13 0 1
14 0 0
15 0 1
17 0 3
19 0 3
20 0 4
21 0 3
22 0 2
23 0 3
24 0 2
25 0 1
26 1 1
27 1 2
28 1 3
29 0 3
31 0 3
32 0 2
35 0 5
36 1 5
37 0 5
38 0 6
39 1 6
40 1 7
41 1 6
42 1 7
43 2 7
45 4 7
46 4 8
48 4 10
49 3 10
50 3 11
52 2 12
53 1 12
54 2 12
55 3 12
56 3 11
57 3 10
59 3 8
60 2 8
61 2 9
62 2 8
63 1 8
64 2 8
65 2 7
68 2 6
69 2 7
71 2 7
72 2 6
73 2 5
74 3 5
75 3 6
76 3 7
77 3 6
78 2 6
79 2 5
80 1 5
81 0 5
82 0 4
83 0 3
86 0 2
87 0 3
88 0 2
89 0 1
90 0 2
92 2 2
93 2 3
94 2 4
95 1 4
97 0 3
98 0 2
99 0 1
100 0 2
80
1 0 1
2 0 0
3 1 0
5 3 0
6 4 0
7 4 0
8 4 1
9 5 1
10 5 2
11 6 2
12 5 2
13 5 1
18 7 2
19 6 2
21 5 3
22 5 4
23 5 5
24 4 5
27 4 8
28 4 9
30 4 11
32 6 11
33 6 12
36 8 13
37 8 12
39 9 13
40 9 14
41 9 15
43 8 14
44 8 13
45 9 13
46 9 14
47 9 13
48 9 14
49 9 15
50 8 15
51 8 14
52 8 15
53 8 16
54 7 16
55 7 15
56 6 16
57 6 15
58 6 14
59 6 13
60 7 13
61 7 12
62 7 13
63 7 12
64 8 12
65 7 12
66 7 11
67 7 10
68 8 10
69 7 10
70 6 10
71 6 11
72 6 12
73 6 13
74 5 13
75 5 12
76 4 12
79 4 13
80 4 14
81 5 14
82 5 13
84 5 11
86 5 11
87 6 11
88 6 11
89 6 10
90 7 10
91 7 11
92 6 11
93 6 12
94 5 12
95 6 12
97 6 12
99 7 13
100 6 13
