3
50
2 2 0
3 1 0
9 5 0
13 5 0
16 4 0
17 4 1
19 4 3
20 4 4
21 5 4
22 4 4
24 4 2
26 3 3
29 3 0
30 4 0
31 3 0
33 5 0
35 5 0
36 4 0
41 5 0
44 6 1
47 5 3
48 6 3
49 7 3
50 7 2
53 9 1
58 7 0
59 8 0
60 7 0
61 6 0
62 6 1
64 6 1
66 6 1
67 6 2
68 7 2
69 8 2
70 8 1
74 12 1
77 13 1
78 14 1
81 14 0
82 14 1
83 14 0
86 11 0
90 9 0
92 9 0
93 9 1
94 9 2
95 9 2
96 9 3
97 10 3
50
1 0 1
2 1 1
5 1 2
8 0 0
10 0 0
12 0 0
15 1 2
16 1 3
18 3 1
19 3 2
20 3 3
21 3 4
22 4 4
23 5 4
27 6 3
28 6 4
29 5 4
34 6 4
35 5 4
36 5 5
38 7 5
39 6 5
41 6 3
43 6 1
44 5 1
45 5 0
46 6 0
47 7 0
58 2 6
59 2 7
61 1 8
66 2 6
68 2 6
72 4 6
73 4 7
76 2 8
77 2 9
78 1 9
80 1 9
81 1 8
82 1 9
83 0 9
85 0 9
87 2 10
88 2 9
95 0 8
96 0 7
97 0 6
99 0 6
100 0 5
50
2 0 0
3 0 1
5 0 1
6 0 0
7 0 1
9 0 1
14 0 2
18 0 4
20 1 5
22 0 4
23 1 4
24 1 5
25 1 6
26 0 6
27 0 7
29 0 7
30 1 7
33 2 7
34 3 7
37 3 4
38 3 5
39 2 5
40 1 5
45 0 1
46 1 1
49 3 0
50 3 1
54 4 2
56 4 2
57 3 2
58 3 3
60 3 1
62 3 1
64 3 1
68 6 0
69 6 1
71 7 0
72 6 0
76 2 0
81 7 0
85 9 0
87 9 2
89 8 3
91 10 3
92 10 4
93 11 4
94 10 4
95 9 4
97 8 5
98 7 5
