5
850
1 0 1
2 0 2
3 0 1
4 0 0
5 1 0
6 0 0
8 0 0
9 1 0
10 2 0
11 3 0
12 4 0
13 4 1
15 6 1
19 6 1
20 7 1
21 8 1
22 9 1
23 9 0
24 10 0
25 11 0
26 12 0
27 12 1
28 11 1
29 12 1
30 12 2
31 12 1
32 11 1
34 12 0
35 11 0
36 12 0
37 11 0
38 10 0
39 10 1
40 11 1
41 12 1
42 12 0
43 13 0
44 13 1
45 14 1
46 15 1
47 15 0
48 14 0
50 14 0
51 15 0
52 14 0
53 13 0
54 12 0
55 12 1
56 13 1
57 13 2
58 14 2
59 14 3
60 14 4
61 13 4
62 13 3
63 13 2
64 13 1
65 14 1
66 14 2
68 14 2
69 14 1
70 14 2
71 14 1
72 14 2
73 14 3
74 14 2
75 15 2
77 15 2
78 16 2
79 16 3
81 14 3
82 14 2
83 15 2
84 15 1
85 15 2
86 16 2
87 15 2
88 15 3
89 15 4
90 15 5
91 15 6
92 14 6
94 12 6
95 12 7
96 12 6
97 12 5
98 11 5
99 11 6
100 12 6
101 12 5
103 12 5
104 11 5
105 11 6
107 11 4
109 11 2
110 11 3
113 8 3
114 7 3
115 8 3
116 8 2
117 9 2
119 10 3
120 10 2
121 9 2
123 9 0
124 8 0
125 8 1
126 8 0
127 8 1
128 8 2
129 7 2
130 8 2
131 8 1
132 9 1
134 9 3
135 10 3
136 10 2
137 10 1
138 11 1
139 10 1
141 8 1
142 8 2
143 9 2
144 9 3
145 9 2
146 8 2
147 8 3
148 8 2
150 6 2
151 6 1
152 6 2
153 6 1
155 6 1
156 6 2
157 5 2
159 7 2
160 8 2
161 7 2
164 7 1
165 7 2
166 7 1
168 5 1
169 6 1
170 6 2
172 6 4
173 5 4
175 5 2
176 5 1
177 4 1
178 4 2
179 4 3
180 5 3
181 5 4
182 5 3
183 5 2
184 4 2
185 4 1
186 4 2
187 3 2
188 3 1
190 5 1
191 4 1
192 4 0
193 5 0
194 4 0
195 4 1
196 5 1
197 6 1
199 5 2
200 5 3
201 5 2
202 5 3
204 5 5
205 4 5
206 5 5
208 6 4
209 5 4
210 5 5
211 6 5
212 7 5
213 6 5
214 6 4
216 8 4
217 7 4
218 7 3
220 7 3
221 6 3
222 6 2
223 6 3
224 6 4
225 5 4
226 5 3
227 5 4
228 4 4
229 4 5
230 4 4
231 3 4
232 4 4
233 3 4
234 3 5
235 4 5
236 4 6
237 3 6
238 4 6
240 4 4
241 3 4
242 4 4
243 5 4
244 4 4
245 3 4
246 4 4
247 3 4
248 4 4
249 5 4
251 3 4
253 1 4
255 1 4
256 2 4
258 1 4
259 2 4
260 2 5
261 1 5
262 1 6
263 2 6
264 2 7
265 2 6
266 2 7
267 3 7
268 2 7
272 3 4
273 2 4
274 2 3
275 2 4
276 1 4
277 1 3
278 0 3
279 0 4
280 0 5
282 0 5
284 2 5
285 3 5
286 3 4
287 4 4
288 4 3
289 3 3
290 3 2
291 3 1
293 5 1
294 5 2
296 3 2
297 3 3
298 3 2
299 4 2
300 3 2
301 4 2
302 3 2
303 4 2
304 4 1
305 3 1
306 4 1
307 3 1
308 4 1
309 4 2
310 4 3
312 6 3
313 7 3
314 8 3
315 8 2
316 8 3
318 8 3
319 9 3
320 10 3
322 12 3
324 12 3
327 15 3
328 16 3
329 16 2
331 15 1
332 16 1
333 17 1
334 17 0
335 17 1
337 17 3
339 18 2
340 17 2
341 18 2
342 17 2
343 18 2
345 20 2
346 20 3
348 21 2
349 21 3
350 22 3
351 21 3
352 21 2
353 21 3
354 21 4
355 20 4
356 20 3
357 21 3
358 22 3
359 22 2
360 21 2
361 22 2
362 21 2
363 22 2
364 21 2
366 23 2
367 23 3
368 23 4
369 23 5
370 23 4
371 23 3
372 22 3
373 22 2
374 22 1
375 23 1
377 23 1
378 23 0
379 23 1
380 24 1
381 23 1
382 22 1
383 21 1
384 21 2
385 21 3
387 21 3
388 20 3
389 20 4
391 19 3
394 19 0
395 19 1
397 19 1
399 20 2
400 19 2
401 18 2
402 19 2
403 19 3
404 18 3
405 19 3
406 19 4
407 19 5
409 20 4
410 19 4
411 19 5
412 19 4
413 19 5
414 19 6
415 19 7
416 19 8
417 18 8
418 18 7
419 19 7
420 18 7
421 18 8
422 18 7
423 17 7
424 16 7
425 16 8
426 17 8
427 17 7
428 16 7
429 16 6
430 16 7
431 15 7
432 16 7
433 15 7
434 15 8
436 17 8
437 18 8
438 17 8
439 17 7
440 17 6
441 18 6
442 18 7
443 17 7
444 17 6
445 18 6
446 19 6
447 18 6
448 18 7
449 19 7
450 18 7
451 18 6
452 19 6
453 19 5
454 19 6
455 19 5
456 20 5
458 20 7
459 20 6
461 20 8
463 20 6
464 19 6
465 20 6
466 20 7
467 21 7
470 21 4
471 20 4
472 19 4
473 20 4
474 20 3
475 20 2
476 21 2
477 21 3
478 21 2
479 21 3
480 20 3
481 21 3
482 21 4
483 22 4
484 21 4
485 21 3
486 20 3
488 21 2
490 20 1
491 20 2
492 20 1
493 21 1
494 21 2
498 19 4
499 19 5
500 20 5
501 19 5
502 20 5
503 20 4
504 19 4
505 19 5
506 20 5
507 20 6
508 21 6
509 20 6
510 21 6
511 22 6
512 21 6
513 22 6
514 23 6
515 23 5
516 24 5
517 23 5
519 25 5
520 25 6
521 26 6
522 26 7
525 26 10
526 26 9
527 26 8
528 26 9
530 26 9
531 26 8
533 25 9
534 26 9
535 25 9
536 26 9
537 25 9
538 26 9
539 26 8
540 25 8
541 24 8
542 24 9
543 23 9
544 23 10
546 23 10
547 23 9
548 22 9
549 22 8
550 22 9
551 22 8
552 23 8
554 22 9
555 22 8
556 23 8
557 24 8
559 24 8
560 24 7
561 24 6
562 24 5
563 24 6
564 23 6
565 22 6
566 22 7
567 21 7
571 19 7
572 18 7
573 18 6
574 19 6
575 18 6
576 18 7
577 19 7
578 20 7
580 22 7
581 22 6
582 22 5
583 21 5
584 21 4
585 20 4
586 19 4
587 19 5
589 19 5
590 19 6
591 19 5
593 21 5
594 22 5
595 22 4
596 22 3
597 22 4
598 23 4
599 23 3
600 23 2
601 23 1
602 23 0
603 23 1
604 22 1
605 22 2
606 21 2
608 21 4
609 22 4
610 21 4
611 21 3
612 21 4
613 21 5
614 22 5
615 22 4
616 21 4
617 20 4
618 20 3
619 19 3
620 18 3
621 18 2
622 18 3
623 17 3
625 17 3
626 17 4
629 16 4
630 17 4
631 17 5
632 16 5
634 16 3
635 17 3
637 19 3
638 19 4
639 18 4
641 20 4
643 22 4
644 21 4
645 20 4
646 20 3
647 20 2
648 19 2
652 21 4
653 21 3
655 22 2
656 23 2
658 24 3
659 23 3
660 23 2
661 22 2
662 22 3
664 21 2
665 22 2
666 21 2
667 21 1
668 20 1
669 20 0
670 19 0
671 18 0
672 19 0
673 20 0
674 20 1
675 21 1
676 22 1
677 22 0
678 21 0
679 22 0
680 22 1
681 22 2
682 21 2
684 21 4
685 21 3
686 21 4
687 21 5
688 21 6
689 21 5
690 21 6
692 23 6
693 22 6
694 21 6
695 22 6
697 20 6
698 20 7
699 20 6
700 21 6
701 20 6
703 22 6
704 22 7
705 22 6
706 21 6
707 20 6
708 21 6
709 21 5
710 21 4
712 21 6
713 21 5
714 22 5
715 22 4
716 21 4
717 21 5
718 22 5
719 23 5
720 24 5
721 25 5
722 26 5
723 27 5
724 27 4
725 27 3
726 27 2
727 26 2
729 26 2
730 27 2
732 27 0
733 27 1
734 27 2
735 26 2
737 27 3
738 27 4
739 28 4
740 29 4
741 30 4
743 32 4
744 33 4
745 32 4
746 31 4
747 31 5
748 30 5
750 30 5
751 30 4
752 30 3
753 30 4
754 30 3
755 31 3
756 31 2
757 31 1
758 31 0
759 31 1
761 30 2
762 31 2
763 31 1
764 31 2
766 31 4
767 30 4
768 29 4
769 28 4
771 28 2
772 27 2
773 28 2
774 27 2
775 28 2
776 28 3
777 29 3
778 29 4
779 28 4
781 28 4
782 28 3
783 28 4
785 29 5
786 28 5
788 29 6
789 29 7
790 28 6
791 27 6
792 27 7
794 25 7
795 25 6
796 26 6
797 27 6
798 26 6
799 26 7
800 26 8
801 26 7
802 25 7
803 25 8
804 25 7
805 24 7
806 24 6
807 24 5
808 24 6
809 24 7
810 25 7
811 25 8
812 25 7
813 26 7
814 25 7
815 24 7
816 25 7
818 25 9
820 25 9
821 25 10
823 25 10
824 26 10
825 26 9
828 23 9
829 23 10
831 23 8
832 23 9
833 23 10
835 23 10
836 23 11
837 22 11
838 22 12
839 23 12
841 24 11
842 24 12
843 25 12
844 26 12
845 25 12
846 26 12
847 25 12
848 24 12
849 24 13
850 23 13
851 24 13
852 24 14
854 23 13
855 23 14
856 23 13
857 24 13
859 23 12
860 23 11
861 23 12
862 23 13
863 22 13
865 23 14
866 23 13
868 25 13
869 26 13
870 27 13
871 26 13
872 27 13
873 27 14
874 26 14
877 27 14
878 28 14
879 28 15
880 28 14
881 28 13
882 28 12
883 28 11
885 28 11
886 27 11
887 27 10
888 27 11
889 27 10
890 26 10
891 26 11
893 26 9
895 28 9
896 29 9
897 30 9
899 30 9
900 29 9
901 29 10
902 28 10
903 29 10
904 29 11
905 28 11
906 27 11
907 27 10
908 27 11
910 27 9
911 27 8
912 28 8
914 30 8
915 29 8
916 30 8
917 30 9
918 31 9
921 31 6
922 31 7
923 32 7
924 32 6
925 31 6
926 31 5
927 32 5
928 31 5
929 30 5
930 30 4
931 30 5
932 30 6
933 31 6
934 32 6
935 32 5
936 32 4
937 33 4
938 34 4
939 34 3
940 33 3
941 33 4
943 34 3
944 35 3
945 34 3
946 34 2
947 34 3
948 34 2
949 34 1
950 34 2
951 33 2
952 34 2
953 33 2
954 33 1
955 33 2
956 33 1
957 33 2
958 32 2
959 32 3
960 32 4
961 33 4
962 33 3
963 32 3
964 32 2
965 33 2
966 34 2
967 34 3
968 33 3
969 33 2
970 33 2
971 32 2
974 31 4
975 31 5
976 32 5
977 31 5
978 31 4
979 31 3
981 31 3
982 30 3
983 29 3
984 29 4
985 30 4
986 29 4
987 30 4
988 31 4
989 32 4
991 32 4
992 33 4
994 31 4
995 31 3
996 32 3
997 31 3
998 32 3
999 32 4
1000 31 4
850
1 0 0
2 1 0
3 0 0
5 0 0
6 0 1
7 1 1
8 2 1
9 2 0
10 1 0
12 1 0
13 1 1
14 0 1
15 0 2
16 0 1
18 0 1
20 0 3
21 0 4
22 1 4
23 1 3
26 2 3
27 1 3
28 1 2
29 2 2
30 1 2
31 1 1
33 2 0
34 1 0
35 1 1
36 0 1
38 0 1
40 0 1
41 1 1
42 0 1
43 0 2
44 1 2
45 2 2
47 2 4
48 2 5
52 4 3
53 4 2
54 4 1
56 5 0
58 7 0
59 6 0
60 5 0
61 4 0
62 5 0
63 5 1
65 5 1
66 4 1
67 4 0
68 3 0
69 2 0
70 2 1
71 2 0
72 1 0
73 0 0
74 1 0
75 0 0
76 0 1
77 0 2
78 1 2
81 1 3
82 1 4
83 0 4
84 0 3
85 1 3
86 1 2
87 1 1
88 1 0
89 2 0
90 3 0
91 3 1
92 2 1
93 3 1
94 2 1
95 2 2
96 1 2
97 1 1
98 2 1
99 1 1
101 2 2
102 1 2
103 0 2
104 0 1
105 1 1
106 2 1
107 2 2
108 2 3
109 2 4
110 2 5
111 2 4
113 0 4
114 1 4
116 0 5
117 0 4
118 1 4
119 1 5
120 0 5
122 2 3
123 1 3
124 0 3
125 1 3
126 1 4
127 1 5
128 2 5
129 3 5
130 3 4
132 3 4
134 3 4
135 3 5
136 3 4
137 4 4
139 6 4
140 7 4
141 7 5
142 7 4
144 7 4
145 7 5
146 6 5
147 6 6
148 5 6
150 5 4
151 5 5
153 6 6
154 6 7
155 6 8
156 6 9
157 6 8
158 7 8
159 8 8
160 9 8
161 9 7
162 8 7
163 9 7
164 9 8
165 8 8
167 6 8
168 6 7
169 5 7
170 5 8
171 5 9
172 5 10
173 4 10
174 4 9
175 4 8
176 4 9
177 4 10
178 5 10
179 5 9
180 5 8
181 5 7
182 5 6
183 5 5
184 6 5
185 5 5
186 5 4
187 6 4
188 6 3
190 6 3
191 6 2
192 7 2
193 7 1
194 7 0
195 6 0
196 6 1
197 6 2
198 7 2
199 8 2
200 8 3
201 8 4
202 7 4
204 5 4
205 5 5
206 4 5
207 4 4
208 3 4
209 3 5
212 5 4
213 4 4
216 2 3
217 2 4
218 2 3
219 2 4
220 1 4
221 0 4
222 0 3
223 1 3
224 2 3
225 2 4
226 3 4
227 4 4
228 3 4
230 3 4
231 3 3
232 4 3
233 4 2
234 4 3
235 4 4
237 6 4
238 7 4
239 7 3
241 5 3
242 4 3
243 4 2
244 5 2
245 5 3
246 6 3
248 5 4
249 4 4
250 5 4
251 5 3
252 5 4
253 5 5
254 4 5
255 4 4
256 5 4
259 8 4
260 9 4
261 9 3
262 10 3
263 10 4
264 11 4
265 12 4
266 12 3
268 10 3
270 10 3
271 10 2
273 12 2
274 12 1
276 12 1
277 13 1
278 13 2
279 13 3
283 13 3
284 12 3
285 11 3
286 11 2
287 10 2
288 11 2
289 11 3
290 11 2
291 11 3
292 11 2
293 11 1
294 11 0
295 10 0
296 11 0
297 11 1
299 13 1
300 13 0
301 14 0
302 14 1
303 15 1
304 15 0
305 16 0
307 14 0
308 14 1
309 14 0
310 15 0
312 15 0
313 16 0
314 16 1
315 15 1
317 17 1
318 17 2
319 18 2
320 19 2
321 19 1
322 19 2
324 19 2
325 18 2
327 20 2
329 20 2
330 20 3
331 19 3
332 18 3
334 20 3
335 21 3
337 21 3
338 21 4
339 21 5
340 20 5
341 20 4
342 20 5
343 20 6
344 20 5
345 20 6
346 21 6
347 21 5
348 20 5
349 20 6
350 20 7
351 20 6
352 21 6
353 21 7
354 20 7
355 20 6
356 20 5
357 21 5
358 21 4
359 21 3
360 21 4
361 20 4
362 21 4
363 22 4
364 21 4
365 22 4
366 22 3
367 21 3
368 20 3
369 20 4
370 20 5
371 19 5
372 20 5
374 18 5
376 18 5
377 17 5
378 18 5
379 18 4
381 18 4
382 17 4
383 18 4
384 18 5
385 18 6
386 18 5
387 18 4
388 19 4
389 19 3
390 19 4
391 19 3
392 18 3
396 19 2
397 19 1
398 18 1
399 18 2
400 19 2
401 20 2
402 20 1
403 21 1
404 21 2
405 21 1
406 20 1
407 20 0
408 21 0
409 20 0
410 19 0
411 20 0
412 20 1
413 21 1
415 20 0
416 19 0
417 18 0
418 17 0
419 16 0
420 16 1
421 16 2
422 17 2
423 16 2
425 16 0
426 17 0
428 15 0
429 14 0
430 15 0
431 14 0
432 14 1
433 14 2
434 13 2
435 13 1
436 13 2
437 13 1
438 12 1
439 13 1
441 15 1
442 15 2
443 15 3
444 15 2
446 15 4
447 15 3
448 14 3
449 13 3
450 13 2
451 12 2
452 13 2
453 14 2
454 13 2
455 14 2
457 14 2
458 14 1
459 15 1
460 14 1
461 14 0
462 14 1
464 16 1
465 15 1
466 16 1
467 16 2
468 16 3
469 16 2
470 16 1
471 16 0
472 17 0
473 18 0
474 19 0
475 20 0
476 20 1
477 20 0
478 21 0
479 22 0
480 23 0
481 22 0
482 23 0
483 23 1
484 24 1
486 24 1
487 25 1
488 25 2
489 24 2
490 24 3
492 25 4
493 25 3
494 25 4
495 24 4
496 25 4
497 25 3
498 25 4
499 25 5
500 24 5
501 24 6
502 24 7
503 24 6
504 25 6
505 24 6
507 24 4
508 23 4
509 23 3
511 25 3
512 26 3
514 26 5
515 26 6
516 25 6
517 24 6
519 22 6
520 22 7
521 22 8
522 22 7
523 23 7
524 22 7
525 23 7
526 23 8
527 24 8
529 24 8
530 24 9
531 23 9
532 23 10
533 22 10
534 22 11
536 22 9
537 22 10
538 22 11
539 22 12
540 21 12
541 21 11
542 21 10
543 21 9
544 21 10
545 21 11
547 21 11
548 22 11
549 21 11
550 21 10
551 20 10
552 21 10
553 21 9
554 20 9
555 20 8
556 20 9
557 20 8
560 21 8
561 20 8
562 19 8
563 19 9
564 19 10
565 20 10
566 19 10
568 19 10
570 21 10
571 20 10
573 20 12
574 20 11
575 19 11
576 19 10
577 20 10
579 22 10
580 23 10
581 22 10
582 23 10
583 23 11
584 22 11
586 22 11
587 21 11
588 21 12
589 21 13
590 22 13
591 21 13
592 21 12
593 21 11
595 20 10
596 19 10
597 19 9
600 19 6
602 21 6
603 21 7
604 20 7
605 19 7
606 20 7
607 20 8
608 20 9
609 20 8
610 20 7
611 20 6
612 19 6
613 20 6
614 21 6
616 21 4
617 21 3
618 20 3
619 21 3
620 21 4
621 21 5
623 22 4
624 22 5
625 22 4
626 23 4
627 23 3
628 23 4
629 23 3
630 22 3
631 22 2
632 22 1
633 21 1
635 21 1
636 21 2
637 20 2
638 19 2
639 18 2
641 18 2
642 19 2
643 19 3
644 19 4
645 19 5
646 19 6
647 19 5
648 20 5
650 22 5
651 23 5
652 24 5
653 25 5
654 25 4
656 24 3
657 24 2
658 25 2
660 25 2
661 25 3
662 24 3
663 24 4
664 24 3
665 25 3
666 25 4
667 26 4
668 26 5
670 24 5
671 24 4
672 25 4
674 24 3
676 22 3
677 21 3
678 20 3
679 21 3
680 22 3
681 22 2
682 22 3
683 22 4
685 22 4
687 22 2
688 22 3
689 23 3
690 24 3
691 23 3
692 23 2
693 22 2
694 21 2
695 20 2
696 20 1
697 21 1
698 21 2
699 20 2
700 20 3
702 22 3
704 22 3
705 21 3
707 23 3
708 22 3
710 23 4
712 24 3
713 24 2
714 23 2
715 23 1
718 23 2
719 23 1
720 23 2
722 23 4
724 22 3
725 22 2
726 22 1
727 22 2
728 23 2
730 23 2
731 23 3
732 23 4
733 23 3
734 23 2
735 23 3
736 23 4
737 23 3
738 24 3
739 23 3
740 24 3
741 24 2
742 24 1
744 26 1
745 25 1
746 25 0
747 24 0
748 23 0
749 23 1
750 24 1
752 26 1
753 25 1
754 24 1
755 23 1
756 24 1
758 26 1
759 27 1
760 27 0
761 27 1
762 27 0
764 25 0
765 26 0
766 27 0
767 27 1
768 27 0
769 26 0
770 25 0
772 25 2
773 24 2
774 24 3
775 24 4
776 25 4
777 26 4
778 26 5
779 26 6
780 27 6
781 28 6
782 27 6
783 27 7
784 28 7
785 28 6
786 27 6
788 27 6
789 28 6
791 28 8
792 28 9
793 28 10
794 27 10
796 27 12
798 27 10
800 28 11
802 28 9
804 26 9
805 26 8
806 26 9
807 27 9
808 27 10
809 27 9
810 27 8
811 26 8
812 25 8
813 24 8
814 24 9
815 24 10
817 24 8
818 24 7
819 23 7
820 23 8
821 23 9
822 22 9
823 21 9
824 21 10
825 21 9
826 20 9
827 21 9
828 21 10
829 20 10
831 20 12
832 20 11
833 21 11
834 21 10
835 20 10
836 20 9
837 21 9
839 23 9
840 22 9
841 23 9
842 23 10
843 23 9
844 22 9
845 23 9
846 23 10
847 22 10
848 21 10
849 21 11
850 20 11
851 21 11
852 21 10
854 20 9
855 19 9
858 21 10
859 20 10
860 20 9
861 20 8
862 21 8
863 20 8
864 20 9
865 21 9
866 22 9
867 22 10
868 21 10
869 22 10
870 23 10
871 23 11
873 23 11
875 24 10
876 25 10
877 26 10
878 25 10
879 25 11
880 25 10
881 24 10
882 23 10
883 23 11
884 24 11
885 23 11
886 23 10
887 24 10
888 25 10
889 25 11
890 25 12
891 25 13
892 26 13
893 27 13
894 27 12
896 25 12
897 26 12
899 26 12
900 26 11
902 27 12
903 27 11
904 26 11
906 27 10
907 26 10
908 26 9
910 25 10
911 24 10
912 24 9
914 26 9
915 27 9
916 26 9
918 24 9
919 25 9
920 25 10
921 26 10
922 27 10
924 26 11
928 28 13
929 28 12
930 28 13
931 28 12
932 29 12
933 28 12
934 27 12
935 27 13
936 28 13
937 27 13
938 27 12
939 27 11
940 28 11
941 27 11
942 27 12
944 27 10
946 25 10
947 25 9
948 25 10
949 26 10
950 25 10
951 25 9
952 26 9
953 25 9
954 24 9
955 25 9
956 24 9
957 24 8
958 24 9
960 24 11
961 24 10
962 24 9
963 23 9
964 23 8
965 24 8
966 25 8
967 25 9
968 26 9
969 26 10
970 26 9
971 25 9
972 25 8
974 25 8
975 25 9
976 25 8
978 26 9
979 26 8
981 24 8
982 25 8
983 25 9
985 25 11
986 24 11
987 25 11
988 24 11
989 23 11
990 23 12
991 23 11
992 23 10
993 23 11
994 24 11
995 24 12
996 23 12
997 22 12
998 23 12
999 23 11
1000 23 10
850
1 1 0
2 0 0
3 1 0
4 0 0
5 1 0
6 2 0
7 1 0
8 1 1
10 0 0
11 1 0
12 2 0
13 1 0
14 2 0
15 2 1
16 3 1
17 3 2
18 3 3
19 3 2
21 4 3
22 5 3
23 5 2
24 5 3
25 4 3
26 4 4
27 3 4
28 3 5
29 3 6
30 4 6
31 5 6
32 5 5
33 5 4
34 6 4
36 4 4
37 3 4
38 3 5
39 4 5
40 5 5
41 6 5
42 7 5
44 7 5
47 8 3
48 9 3
49 8 3
50 8 2
51 7 2
52 6 2
53 7 2
54 7 3
55 8 3
56 9 3
58 8 4
59 8 5
60 9 5
61 9 4
62 9 3
63 9 4
64 8 4
65 7 4
67 7 4
69 6 3
70 7 3
71 8 3
72 7 3
75 8 1
76 9 1
77 9 2
78 9 3
79 10 3
81 10 3
82 10 2
83 10 1
84 10 2
86 8 2
88 8 0
89 9 0
90 10 0
92 8 0
93 8 1
94 8 0
96 10 0
97 9 0
99 9 2
100 9 1
101 8 1
102 7 1
104 5 1
105 5 0
106 6 0
107 7 0
108 8 0
109 7 0
110 7 1
111 7 2
112 8 2
113 9 2
114 9 1
116 10 2
117 9 2
118 9 1
119 9 0
120 9 1
121 9 2
122 9 1
123 10 1
124 10 2
126 10 0
127 9 0
128 9 1
129 8 1
130 7 1
131 7 2
133 7 4
135 6 5
136 7 5
137 7 4
138 8 4
139 8 3
140 7 3
141 7 2
142 7 1
145 7 2
146 7 3
147 7 2
148 7 3
149 7 2
150 6 2
151 7 2
152 7 1
153 8 1
154 9 1
155 9 0
157 7 0
158 7 1
159 8 1
160 7 1
161 7 0
162 8 0
163 7 0
164 8 0
165 7 0
166 6 0
167 5 0
168 4 0
169 4 1
170 3 1
171 3 0
172 2 0
174 0 0
175 0 1
176 0 0
177 1 0
178 1 1
179 1 0
180 1 1
181 2 1
182 3 1
183 3 0
184 3 1
185 3 0
186 3 1
187 3 2
189 3 2
190 2 2
191 1 2
192 0 2
193 1 2
194 1 3
195 0 3
196 0 2
197 0 3
198 0 4
199 1 4
202 1 5
203 1 6
204 1 7
205 1 6
206 0 6
207 1 6
208 2 6
209 3 6
210 2 6
211 2 7
212 2 8
213 2 7
214 2 6
216 3 5
217 4 5
218 3 5
219 4 5
220 3 5
221 3 6
223 1 6
225 0 5
226 1 5
227 0 5
229 0 7
230 0 8
231 0 7
232 1 7
233 1 8
234 1 9
235 2 9
236 2 10
237 2 11
238 3 11
239 3 10
240 3 9
241 2 9
242 3 9
243 4 9
244 3 9
245 2 9
246 3 9
247 2 9
248 1 9
249 0 9
250 0 10
251 0 9
252 0 8
253 0 7
255 0 5
256 1 5
257 2 5
258 2 6
259 3 6
260 2 6
261 2 5
262 2 4
263 1 4
264 0 4
266 0 2
267 0 3
268 0 4
269 0 3
270 0 4
271 0 3
272 0 2
274 0 4
275 0 3
276 0 4
277 0 3
278 0 4
279 1 4
280 0 4
281 0 3
282 1 3
283 1 4
284 1 3
286 3 3
287 3 4
288 2 4
289 2 3
290 3 3
293 0 3
294 0 4
295 0 5
297 0 5
298 0 6
299 1 6
300 2 6
301 2 5
302 2 6
304 2 6
305 2 7
306 3 7
307 4 7
308 4 6
309 4 7
310 3 7
311 3 6
312 2 6
313 1 6
314 1 7
315 1 6
316 1 5
317 0 5
318 0 4
319 1 4
320 2 4
321 2 3
323 0 3
324 0 4
325 0 5
326 0 6
327 0 5
328 1 5
331 0 5
332 0 4
333 0 3
334 0 4
335 0 5
337 0 7
338 0 8
339 0 9
340 0 8
341 1 8
342 1 9
343 1 10
344 1 9
345 1 8
347 3 8
348 4 8
349 5 8
350 4 8
352 3 7
353 2 7
354 3 7
355 3 6
356 3 5
357 3 4
358 3 5
359 3 4
360 4 4
361 4 3
363 3 4
364 3 5
365 3 4
366 3 3
367 3 2
368 3 3
369 3 2
370 2 2
371 1 2
372 1 1
373 1 0
374 0 0
375 1 0
376 0 0
377 1 0
378 0 0
379 0 1
380 1 1
383 2 3
384 2 2
387 2 1
388 3 1
389 2 1
390 3 1
391 3 2
393 3 4
394 3 5
395 3 4
396 3 5
397 4 5
398 5 5
399 5 6
403 4 3
404 3 3
405 2 3
406 1 3
409 4 3
410 4 2
411 4 3
412 4 2
413 3 2
414 2 2
415 3 2
416 2 2
417 2 3
419 0 3
420 0 2
421 1 2
423 0 3
424 0 4
425 0 3
427 0 3
428 0 4
429 1 4
430 1 3
432 1 3
434 1 5
435 1 4
436 1 5
437 2 5
438 3 5
439 4 5
440 4 6
441 4 7
442 5 7
443 5 6
444 5 5
445 5 4
446 6 4
447 6 5
448 7 5
449 6 5
450 5 5
451 5 6
452 6 6
453 6 7
454 6 6
455 5 6
457 5 6
458 5 5
459 5 6
460 5 5
461 5 4
462 5 3
465 4 3
467 4 3
468 4 2
469 5 2
470 6 2
471 6 1
472 5 1
473 6 1
474 6 0
477 6 3
478 5 3
479 5 2
480 5 3
481 4 3
482 4 2
483 5 2
484 5 3
487 3 2
488 3 3
489 3 4
491 3 2
492 3 3
493 3 2
494 4 2
496 2 2
497 2 3
498 2 2
499 1 2
500 2 2
501 2 1
502 3 1
504 4 2
505 3 2
506 4 2
508 4 0
509 3 0
510 2 0
511 3 0
512 4 0
514 4 0
516 2 0
517 1 0
519 1 0
520 0 0
522 0 0
523 0 1
524 0 2
526 0 4
527 0 5
528 0 4
529 0 5
530 0 4
531 1 4
532 0 4
533 0 5
534 0 6
535 1 6
536 0 6
537 0 7
539 0 5
540 0 6
541 0 7
542 1 7
543 1 8
544 0 8
545 1 8
546 0 8
547 0 9
548 0 10
549 0 11
550 0 12
553 0 15
555 0 13
557 0 13
558 1 13
559 1 14
561 1 14
563 3 14
564 3 15
565 3 14
566 2 14
568 1 13
569 2 13
572 0 12
573 0 11
574 0 12
575 1 12
576 1 11
578 2 12
579 1 12
580 1 13
581 0 13
582 0 14
583 1 14
584 1 15
585 0 15
586 0 16
588 0 18
589 1 18
590 1 17
591 2 17
593 2 17
594 3 17
595 3 16
596 3 15
597 3 14
598 4 14
599 4 13
600 4 14
601 4 15
602 4 14
603 3 14
604 3 13
605 3 12
606 4 12
607 3 12
608 3 11
609 3 10
610 3 11
612 3 11
614 3 11
615 2 11
616 2 10
617 3 10
618 2 10
619 1 10
621 1 12
622 2 12
623 2 13
624 2 14
625 3 14
626 3 13
627 4 13
628 4 12
629 5 12
630 5 11
631 5 10
632 6 10
633 6 9
634 5 9
635 5 8
637 5 8
638 6 8
639 6 9
640 7 9
641 7 10
642 7 9
644 9 9
645 8 9
646 7 9
647 8 9
648 8 8
649 8 9
650 8 8
651 9 8
652 8 8
653 8 7
654 8 8
655 9 8
656 9 9
657 9 10
658 9 9
659 9 8
660 9 9
661 9 8
662 10 8
663 10 9
664 10 8
665 11 8
666 12 8
668 12 10
669 12 11
670 13 11
672 12 12
673 13 12
674 14 12
675 14 13
676 13 13
677 12 13
678 12 14
679 12 15
682 12 16
683 13 16
684 14 16
685 14 17
686 13 17
687 13 18
688 13 17
689 13 16
690 13 15
691 13 16
692 12 16
693 12 15
694 12 16
695 12 17
697 10 17
698 9 17
700 11 17
701 11 18
702 11 17
703 11 18
704 12 18
705 12 19
706 12 18
707 12 17
708 13 17
709 13 18
710 13 19
711 13 18
712 13 17
714 12 18
715 12 17
716 12 16
717 12 17
718 11 17
719 11 16
721 13 16
722 12 16
723 11 16
724 11 17
725 10 17
726 11 17
727 11 18
728 11 17
729 11 18
730 11 17
731 11 18
732 10 18
734 11 19
735 12 19
736 12 18
737 12 17
740 12 14
741 12 13
742 12 12
743 12 11
744 11 11
745 11 10
746 11 11
747 11 10
748 11 9
749 11 8
750 10 8
752 10 8
754 10 8
755 10 9
756 11 9
757 11 10
758 12 10
759 11 10
760 10 10
761 10 11
763 10 9
764 11 9
765 10 9
767 11 8
768 12 8
769 12 9
772 13 11
773 13 12
774 14 12
775 14 13
776 14 14
777 15 14
778 15 13
779 15 14
781 16 15
782 15 15
783 15 14
784 15 13
785 15 12
787 15 10
788 14 10
790 14 8
791 13 8
793 13 8
794 13 9
795 13 10
796 13 11
798 13 13
799 14 13
800 14 14
801 14 15
802 14 16
803 15 16
804 15 17
805 16 17
807 16 19
808 15 19
809 16 19
810 16 18
811 17 18
813 16 19
814 15 19
815 14 19
816 15 19
818 16 18
819 16 19
820 15 19
821 15 20
823 14 21
825 14 23
826 15 23
827 16 23
828 15 23
829 16 23
830 16 22
831 15 22
832 15 21
833 16 21
836 16 18
837 16 19
838 16 18
839 16 17
840 16 18
841 16 19
842 16 18
843 16 19
844 16 18
845 16 17
846 16 16
847 16 15
848 15 15
849 16 15
850 16 14
851 15 14
852 15 15
853 16 15
854 17 15
855 17 14
856 17 13
857 17 14
858 16 14
859 15 14
860 16 14
861 15 14
862 16 14
863 16 13
864 16 14
865 17 14
866 16 14
867 17 14
868 16 14
869 16 13
870 16 14
871 15 14
872 16 14
873 15 14
874 15 13
875 15 12
877 14 13
879 14 15
880 14 16
881 13 16
882 12 16
883 13 16
884 13 17
885 12 17
886 11 17
888 9 17
889 9 18
890 10 18
891 11 18
892 11 17
893 10 17
894 10 16
895 11 16
896 11 17
898 11 19
899 12 19
901 10 19
902 9 19
903 9 18
904 9 19
905 9 18
907 9 18
908 10 18
909 11 18
910 12 18
911 12 19
912 12 20
914 12 20
915 11 20
916 10 20
919 12 21
920 12 22
921 12 21
922 13 21
923 12 21
924 12 22
925 13 22
927 14 21
928 13 21
929 13 22
930 13 21
931 12 21
932 11 21
933 12 21
934 11 21
935 10 21
936 9 21
938 9 21
939 10 21
940 9 21
942 10 20
943 11 20
944 12 20
945 13 20
946 13 21
948 13 21
950 11 21
951 11 22
952 12 22
953 11 22
954 12 22
955 12 21
957 10 21
958 11 21
959 11 22
960 11 23
961 11 22
962 11 21
963 12 21
965 12 21
966 13 21
967 12 21
968 12 22
969 12 21
971 14 21
972 13 21
973 13 22
974 14 22
975 14 21
976 14 22
977 14 23
978 14 22
979 13 22
980 14 22
982 12 22
983 11 22
984 11 21
986 12 22
987 12 23
988 12 22
989 12 23
991 12 23
995 16 23
996 17 23
997 18 23
998 18 22
999 18 21
1000 19 21
850
1 1 0
2 2 0
3 2 1
4 2 0
5 1 0
6 0 0
7 1 0
8 1 1
9 1 2
10 2 2
11 2 1
13 2 1
14 2 0
15 1 0
16 0 0
17 0 1
18 1 1
19 1 2
20 0 2
22 0 0
23 1 0
24 1 1
25 0 1
26 1 1
27 2 1
28 1 1
29 1 2
30 0 2
31 0 1
32 0 2
33 0 1
35 0 1
37 0 3
40 3 3
41 3 4
42 3 5
43 3 6
44 2 6
45 1 6
46 1 7
47 2 7
48 2 8
51 0 9
52 1 9
53 2 9
54 3 9
55 4 9
56 4 8
57 3 8
58 3 9
60 5 9
61 5 9
62 5 10
64 5 10
65 6 10
66 6 9
69 7 11
70 8 11
71 9 11
72 9 10
73 9 9
74 10 9
75 11 9
76 11 10
77 12 10
78 12 11
79 11 11
80 11 12
81 11 13
82 10 13
83 9 13
85 10 12
86 10 11
87 10 10
88 10 9
89 9 9
90 8 9
91 7 9
92 7 8
93 7 7
94 6 7
95 7 7
96 7 8
97 7 7
99 7 5
100 7 6
102 5 6
104 5 6
105 6 6
106 5 6
107 6 6
108 6 7
109 6 6
110 6 7
111 7 7
112 7 6
113 7 5
114 7 6
115 7 7
116 7 8
117 7 9
118 7 8
119 7 9
120 6 9
123 5 9
124 6 9
126 5 8
127 5 7
129 5 9
130 5 8
131 6 8
132 7 8
133 7 7
135 7 9
136 6 9
137 6 8
138 7 8
142 6 11
143 6 12
144 7 12
146 7 14
147 8 14
148 7 14
149 7 15
150 6 15
151 7 15
152 8 15
153 8 14
154 9 14
156 11 14
158 13 14
159 12 14
161 13 15
162 13 16
163 12 16
164 12 17
165 12 16
167 12 16
168 12 17
169 11 17
170 11 16
171 12 16
172 12 15
173 12 16
174 11 16
175 12 16
176 11 16
178 10 15
180 10 17
181 10 16
182 11 16
183 11 15
186 14 15
188 16 15
189 17 15
190 17 14
191 18 14
192 18 13
193 18 14
194 17 14
195 17 13
197 15 13
198 14 13
199 13 13
200 13 12
201 13 13
202 12 13
204 12 15
205 11 15
206 12 15
207 12 16
208 12 15
209 11 15
210 12 15
211 12 16
212 13 16
213 12 16
214 12 17
215 11 17
217 9 17
218 9 16
219 10 16
221 10 18
222 10 17
223 9 17
224 9 18
226 9 18
227 8 18
228 8 19
229 8 20
230 9 20
231 8 20
232 9 20
233 8 20
234 8 21
235 8 22
236 8 23
237 9 23
238 9 22
240 8 21
241 7 21
242 6 21
243 7 21
244 7 22
245 7 23
246 6 23
247 7 23
248 6 23
249 6 24
250 7 24
252 6 23
253 6 22
254 6 21
255 6 20
256 7 20
257 7 19
260 6 17
261 6 18
262 6 17
264 7 18
265 7 17
266 6 17
268 7 18
269 8 18
270 8 17
271 7 17
272 7 16
273 7 17
274 7 16
276 7 14
277 6 14
278 5 14
279 4 14
280 3 14
281 4 14
282 3 14
284 3 14
285 3 15
286 2 15
287 1 15
288 2 15
289 3 15
290 3 14
291 3 13
292 3 14
294 3 16
296 5 16
297 5 17
298 6 17
299 6 16
300 5 16
301 4 16
303 5 15
304 4 15
305 4 16
306 5 16
308 5 14
309 4 14
310 4 15
311 4 14
312 5 14
313 6 14
314 5 14
315 5 13
316 5 14
317 6 14
318 7 14
319 6 14
320 7 14
321 6 14
322 5 14
323 6 14
324 5 14
325 6 14
327 7 15
330 5 14
331 5 15
333 6 16
334 6 15
335 7 15
336 8 15
337 8 16
338 9 16
339 9 15
340 9 14
341 9 13
342 9 14
343 9 15
345 10 14
346 10 13
347 9 13
348 8 13
349 7 13
350 8 13
351 8 12
352 9 12
353 10 12
354 10 13
355 11 13
356 12 13
357 12 14
358 13 14
359 12 14
360 11 14
361 12 14
362 11 14
363 11 15
364 12 15
365 12 14
366 12 15
367 12 14
369 14 14
370 13 14
372 11 14
373 12 14
374 12 15
375 12 16
376 13 16
377 13 15
379 14 14
380 15 14
382 15 12
383 15 11
384 16 11
386 17 10
387 17 9
388 18 9
390 18 9
392 18 9
394 17 8
396 17 8
397 17 9
398 18 9
399 19 9
400 19 10
401 18 10
403 16 10
404 16 9
405 16 10
406 15 10
407 16 10
409 18 10
410 19 10
411 19 11
413 18 10
414 18 11
415 17 11
416 18 11
417 17 11
418 17 10
419 18 10
420 19 10
421 18 10
422 18 11
423 18 12
425 18 12
426 17 12
427 18 12
428 18 13
429 19 13
430 19 12
431 18 12
432 18 13
433 17 13
434 17 12
435 16 12
436 15 12
437 14 12
438 13 12
439 14 12
440 14 13
441 14 14
442 15 14
443 15 15
444 14 15
447 14 12
448 13 12
449 14 12
450 13 12
451 13 13
452 13 14
453 12 14
454 11 14
455 12 14
456 11 14
457 10 14
458 10 13
459 10 12
460 10 13
462 12 13
463 12 12
464 11 12
465 10 12
467 10 12
468 11 12
469 11 13
470 12 13
471 13 13
472 13 12
473 13 11
474 14 11
475 15 11
476 15 10
477 15 9
478 15 8
479 14 8
480 14 7
482 15 8
483 14 8
484 14 9
485 14 10
486 14 9
488 14 9
489 14 10
490 13 10
492 13 10
494 15 10
495 16 10
496 17 10
497 16 10
499 14 10
500 15 10
502 16 11
505 14 12
506 14 11
507 13 11
508 13 12
509 12 12
510 12 13
511 11 13
512 12 13
513 11 13
514 11 14
515 10 14
518 9 14
519 9 15
520 10 15
522 12 15
523 13 15
524 13 14
525 13 15
526 13 16
527 14 16
529 14 14
530 15 14
531 14 14
533 14 14
534 14 13
535 15 13
536 15 12
537 16 12
538 16 11
539 16 10
540 16 9
541 16 8
542 16 9
543 16 10
545 16 10
546 15 10
548 15 10
549 15 9
550 16 9
551 16 10
552 16 9
553 16 10
554 16 11
555 15 11
556 14 11
557 14 12
558 15 12
559 14 12
560 15 12
561 14 12
562 14 11
563 15 11
565 14 12
566 14 11
567 14 10
568 13 10
570 13 8
571 12 8
572 13 8
575 14 10
576 13 10
577 13 9
578 13 10
579 12 10
580 12 11
581 13 11
582 14 11
583 14 10
584 13 10
585 13 11
586 12 11
587 11 11
588 11 12
589 11 11
590 10 11
591 10 12
592 10 11
593 10 12
594 10 11
595 10 10
597 9 11
599 9 11
601 7 11
602 8 11
603 8 10
604 8 9
605 8 10
607 8 8
608 7 8
609 8 8
611 8 6
612 7 6
614 8 7
615 9 7
616 10 7
617 11 7
619 11 5
620 11 4
621 11 5
622 10 5
623 9 5
624 9 4
625 9 5
627 11 5
628 11 6
629 11 7
630 10 7
631 10 6
633 10 6
635 10 6
636 11 6
637 11 5
638 10 5
639 10 6
640 10 7
641 10 8
642 9 8
643 9 9
644 9 10
645 8 10
646 7 10
647 8 10
648 8 11
649 7 11
650 7 10
651 7 11
652 7 12
653 8 12
654 7 12
656 7 12
657 6 12
659 6 12
660 6 13
662 4 13
663 3 13
664 2 13
665 2 12
666 2 13
667 2 12
668 2 11
669 3 11
670 3 12
671 3 13
672 3 14
673 2 14
675 2 14
676 1 14
678 1 12
680 1 10
681 1 11
683 1 11
684 1 10
685 0 10
686 0 11
688 0 11
689 0 10
690 0 9
692 0 11
693 0 10
694 1 10
695 1 9
696 0 9
697 1 9
698 1 10
699 0 10
701 0 10
703 0 8
704 0 7
705 0 8
706 0 7
707 0 6
708 1 6
709 2 6
710 2 7
711 2 6
712 3 6
714 3 8
715 3 9
716 4 9
717 5 9
718 5 8
719 5 7
720 5 6
721 5 5
722 5 4
723 5 5
724 4 5
725 4 4
726 5 4
727 5 3
728 4 3
729 3 3
730 3 2
731 4 2
732 4 3
733 5 3
735 4 2
736 3 2
737 4 2
738 4 3
740 5 2
741 4 2
742 4 3
743 3 3
744 4 3
745 5 3
746 5 4
747 5 3
748 4 3
749 4 4
750 4 3
751 4 2
752 3 2
754 1 2
755 1 3
756 1 4
757 0 4
760 1 4
761 1 5
762 1 4
763 2 4
765 2 6
766 3 6
767 3 5
768 4 5
769 4 4
770 3 4
771 3 5
772 3 4
773 2 4
774 3 4
775 3 5
776 2 5
777 3 5
778 2 5
779 1 5
780 1 4
781 2 4
782 1 4
783 1 3
784 1 2
785 1 1
786 0 1
788 1 2
789 1 1
791 0 0
794 0 3
795 1 3
796 1 4
797 1 3
798 0 3
801 0 6
802 0 5
803 1 5
804 0 5
805 0 6
806 1 6
807 2 6
809 1 5
810 2 5
812 4 5
813 4 4
814 3 4
815 3 3
816 3 4
817 3 3
818 3 4
819 2 4
820 1 4
821 2 4
822 2 3
823 2 2
824 2 3
825 3 3
826 3 2
827 2 2
828 2 3
829 1 3
830 2 3
831 2 4
832 2 5
833 2 4
834 2 3
835 1 3
836 0 3
837 0 2
838 0 3
839 1 3
840 0 3
841 0 2
842 0 3
843 0 4
844 0 3
845 0 2
846 1 2
847 1 3
848 0 3
850 1 2
852 1 2
853 1 3
854 1 2
855 0 2
856 0 1
857 0 2
858 1 2
859 1 1
861 3 1
862 4 1
864 5 0
865 5 1
866 5 2
867 5 3
868 5 2
869 4 2
870 3 2
871 3 1
874 1 0
875 2 0
876 3 0
877 3 1
879 3 1
881 5 1
882 4 1
883 4 0
884 5 0
885 6 0
887 6 0
888 6 1
889 7 1
890 7 2
893 7 1
894 7 0
895 8 0
896 9 0
897 9 1
898 8 1
899 8 2
900 9 2
901 10 2
902 9 2
903 10 2
904 10 3
905 10 4
906 9 4
907 9 3
908 8 3
909 8 4
910 7 4
911 7 5
913 7 5
914 6 5
915 5 5
916 4 5
917 5 5
918 6 5
919 5 5
920 4 5
921 5 5
922 6 5
923 5 5
924 5 6
925 6 6
926 5 6
927 5 5
928 5 4
929 6 4
930 6 5
931 7 5
932 7 4
933 7 5
934 7 6
935 7 5
936 6 5
937 6 4
938 7 4
939 8 4
940 8 3
941 7 3
942 6 3
943 7 3
944 7 4
947 10 4
948 11 4
949 11 5
950 11 4
951 11 5
952 11 6
953 11 5
954 10 5
956 10 7
957 9 7
958 9 6
959 10 6
960 10 7
961 9 7
962 10 7
963 11 7
964 11 6
966 11 8
967 12 8
968 11 8
969 11 7
970 10 7
972 9 6
973 8 6
974 8 5
975 7 5
976 6 5
977 5 5
978 6 5
979 6 4
980 5 4
981 6 4
982 5 4
985 5 6
986 5 7
987 4 7
988 4 8
989 3 8
990 3 9
991 2 9
992 1 9
994 0 9
995 0 8
996 0 7
997 0 6
998 0 5
850
1 1 0
2 0 0
3 0 1
4 0 2
5 0 3
6 1 3
7 0 3
9 0 3
10 0 2
11 0 1
12 0 2
13 0 1
14 1 1
15 1 0
17 1 0
19 1 0
20 2 0
21 3 0
22 2 0
23 2 1
24 3 1
26 2 2
27 1 2
28 1 1
29 2 1
30 2 0
32 2 2
33 2 1
34 1 1
35 0 1
36 0 0
37 1 0
38 1 1
39 0 1
40 0 2
41 0 3
42 0 4
44 0 2
46 0 0
47 0 1
48 0 0
49 1 0
50 1 1
51 1 2
52 1 1
53 2 1
54 1 1
55 2 1
57 2 1
59 0 1
60 0 2
61 0 1
62 1 1
63 2 1
64 2 0
65 2 1
66 2 0
68 4 0
69 5 0
70 4 0
72 6 0
73 7 0
74 8 0
75 9 0
76 10 0
77 10 1
78 9 1
79 10 1
80 10 2
81 10 1
82 11 1
83 12 1
84 12 2
85 12 1
87 11 0
88 10 0
89 9 0
90 9 1
91 10 1
92 11 1
94 13 1
95 12 1
98 10 0
99 11 0
100 10 0
101 11 0
102 12 0
103 13 0
104 14 0
105 15 0
106 15 1
107 15 2
108 15 1
109 16 1
110 17 1
112 17 1
113 18 1
114 19 1
116 18 0
118 18 0
119 18 1
120 18 2
122 18 2
123 18 1
124 19 1
125 20 1
126 20 0
128 20 0
130 20 0
131 21 0
132 20 0
133 21 0
134 21 1
135 21 2
136 21 1
137 21 0
138 22 0
139 23 0
140 22 0
141 23 0
142 22 0
143 23 0
145 25 0
146 25 1
148 25 3
149 24 3
150 24 2
151 25 2
152 25 1
153 26 1
154 25 1
156 25 3
157 24 3
158 24 2
159 23 2
160 24 2
161 24 1
162 25 1
163 25 2
164 25 3
165 24 3
166 24 2
167 23 2
168 24 2
169 24 3
170 23 3
172 23 1
173 22 1
174 22 2
175 22 1
176 21 1
177 20 1
178 19 1
179 19 0
180 20 0
181 21 0
182 20 0
185 21 0
186 22 0
187 22 1
188 22 0
190 22 0
191 21 0
193 22 1
194 23 1
195 22 1
196 21 1
197 21 2
198 22 2
200 22 0
201 22 1
202 21 1
204 20 0
205 20 1
206 20 0
207 21 0
208 21 1
209 20 1
210 20 2
211 19 2
212 19 1
213 19 2
214 20 2
215 19 2
216 18 2
218 17 1
219 18 1
220 18 0
221 17 0
222 16 0
223 15 0
225 15 0
226 14 0
227 14 1
228 14 0
229 13 0
230 13 1
231 12 1
233 13 2
234 14 2
235 13 2
237 13 4
239 13 4
240 14 4
241 14 5
243 14 7
244 14 8
245 14 9
246 14 8
247 14 9
248 14 8
249 14 9
250 14 8
252 16 8
253 16 7
254 16 8
255 16 7
256 15 7
257 15 6
258 16 6
260 16 6
261 15 6
262 15 5
263 16 5
265 16 5
266 16 6
267 16 7
268 15 7
270 15 7
271 15 8
272 15 7
273 15 6
274 16 6
275 17 6
276 16 6
277 16 7
278 16 6
279 15 6
280 14 6
281 15 6
282 15 5
283 15 4
284 15 5
285 15 6
286 15 5
287 14 5
288 14 6
289 15 6
290 16 6
291 15 6
292 15 5
293 16 5
294 16 4
295 15 4
296 15 5
297 14 5
299 12 5
301 13 4
303 13 4
304 13 3
305 12 3
306 12 2
307 11 2
308 12 2
310 13 3
311 13 4
313 15 4
314 14 4
315 13 4
316 13 3
317 13 2
318 12 2
319 11 2
320 11 3
322 10 4
323 10 5
324 10 4
326 10 4
327 11 4
328 11 3
329 11 4
330 11 3
331 12 3
332 12 2
333 11 2
334 11 3
336 10 4
337 10 3
338 9 3
339 9 2
340 10 2
341 10 1
342 9 1
343 10 1
344 9 1
345 10 1
346 9 1
347 8 1
349 7 0
351 7 2
352 7 3
353 8 3
355 8 3
356 9 3
357 9 4
359 9 4
360 8 4
361 9 4
362 9 3
363 9 4
365 9 6
366 10 6
367 10 7
368 9 7
369 9 6
370 9 5
371 8 5
372 8 4
374 7 3
375 7 2
376 7 3
377 8 3
378 9 3
379 8 3
380 8 4
381 7 4
383 5 4
384 6 4
385 7 4
386 7 5
388 7 5
389 8 5
390 9 5
391 9 4
392 9 5
393 9 6
394 9 7
396 7 7
397 8 7
400 8 10
401 8 9
402 9 9
403 9 10
405 9 8
407 10 7
408 10 6
410 11 5
411 11 6
412 11 5
413 10 5
414 11 5
416 10 4
417 10 5
418 9 5
419 8 5
420 8 4
421 8 3
422 8 4
423 8 3
424 7 3
425 6 3
426 7 3
427 6 3
430 5 1
431 6 1
432 6 2
433 6 3
434 7 3
436 5 3
437 4 3
439 4 5
441 4 7
442 4 8
443 5 8
444 4 8
445 4 9
446 3 9
447 3 10
448 2 10
449 3 10
451 1 10
452 1 11
453 0 11
454 1 11
455 1 12
456 0 12
458 0 12
459 0 13
460 0 14
461 1 14
462 2 14
464 2 16
465 2 17
466 3 17
467 3 16
468 4 16
469 3 16
470 2 16
472 2 18
473 3 18
474 2 18
475 2 19
476 3 19
477 3 20
478 4 20
479 3 20
480 2 20
481 2 19
482 1 19
483 0 19
484 0 20
485 0 21
488 0 18
489 0 17
491 0 19
492 0 20
494 0 22
495 1 22
496 1 21
497 1 22
498 0 22
500 1 21
501 2 21
503 0 21
504 1 21
505 2 21
506 1 21
507 0 21
508 0 22
509 0 21
510 1 21
511 0 21
512 0 22
514 0 22
515 1 22
516 0 22
517 0 21
518 1 21
519 2 21
520 2 22
521 1 22
522 0 22
523 0 21
524 1 21
526 0 20
527 0 19
528 1 19
529 2 19
530 1 19
531 1 18
532 1 19
533 1 18
534 1 19
535 0 19
536 1 19
537 1 20
538 1 19
540 1 19
541 1 20
542 1 21
543 1 20
545 3 20
546 4 20
547 4 19
548 4 18
549 4 17
550 5 17
551 6 17
552 6 16
553 6 15
554 7 15
555 6 15
556 6 14
558 4 14
559 3 14
560 3 13
563 3 14
564 4 14
565 4 13
567 6 13
568 6 14
570 6 16
572 7 15
573 7 16
574 8 16
576 6 16
577 6 15
579 7 16
580 7 15
582 7 17
583 7 18
584 7 17
585 6 17
586 6 18
587 6 17
588 6 16
589 5 16
590 5 15
591 5 14
592 6 14
595 6 15
596 6 16
597 5 16
598 4 16
599 4 15
600 3 15
601 2 15
602 2 14
603 3 14
604 2 14
605 2 13
606 1 13
607 2 13
608 1 13
609 1 14
610 1 15
612 1 15
613 0 15
615 1 16
616 0 16
617 1 16
619 3 16
620 4 16
623 7 16
624 6 16
625 5 16
626 4 16
627 4 17
628 4 16
629 5 16
630 5 17
631 5 18
632 4 18
633 4 17
634 3 17
635 4 17
637 2 17
638 2 18
639 2 19
640 2 18
641 3 18
642 4 18
643 4 19
644 3 19
645 3 18
646 3 19
647 3 20
648 3 19
649 3 20
651 3 22
652 4 22
655 4 19
656 4 20
657 3 20
658 2 20
659 2 21
662 1 23
663 2 23
664 3 23
665 2 23
666 1 23
667 2 23
668 2 22
671 2 19
672 2 20
673 2 21
674 3 21
675 3 20
676 3 21
677 3 22
678 3 23
679 4 23
680 4 22
681 3 22
682 3 21
683 2 21
684 1 21
685 1 22
687 1 22
688 1 23
690 1 25
691 1 24
692 0 24
694 0 22
695 0 23
696 0 24
697 1 24
698 1 25
699 1 24
700 1 25
701 2 25
702 2 26
703 2 27
705 2 25
706 3 25
707 3 26
708 4 26
709 5 26
710 5 27
711 5 28
713 7 28
714 7 29
715 6 29
716 5 29
718 5 29
719 5 30
721 6 29
722 6 28
723 6 29
724 6 30
725 5 30
726 5 31
727 4 31
728 5 31
730 5 33
731 6 33
732 7 33
733 7 34
734 8 34
735 9 34
736 8 34
737 7 34
738 7 33
739 7 34
740 8 34
741 8 33
742 9 33
743 10 33
745 11 34
746 10 34
747 10 33
748 10 32
749 9 32
750 8 32
751 8 33
752 8 32
753 7 32
754 7 31
755 6 31
756 7 31
758 5 31
759 4 31
761 5 32
762 4 32
763 4 33
764 3 33
765 2 33
766 1 33
767 1 34
768 0 34
769 0 33
770 0 32
772 0 34
773 0 35
774 1 35
775 1 34
776 2 34
777 2 33
778 1 33
780 0 34
781 0 33
782 0 34
784 1 35
785 0 35
786 1 35
787 0 35
790 1 33
791 0 33
792 1 33
793 1 34
794 2 34
795 3 34
796 2 34
797 1 34
798 2 34
800 2 36
801 3 36
802 3 37
803 4 37
804 4 38
806 4 38
807 5 38
808 5 39
810 5 41
811 5 42
812 5 43
813 4 43
815 4 41
816 5 41
817 6 41
818 6 42
819 6 43
820 5 43
821 6 43
822 6 42
823 7 42
825 7 44
826 7 43
827 7 44
829 5 44
830 5 45
831 6 45
832 6 44
834 6 44
835 6 43
836 5 43
837 5 42
838 4 42
839 3 42
840 3 41
841 3 42
842 3 41
843 2 41
844 3 41
845 3 40
846 4 40
847 4 39
848 3 39
849 3 40
850 4 40
852 6 40
853 7 40
854 7 39
855 7 40
856 6 40
858 6 40
859 7 40
860 6 40
861 7 40
862 7 41
863 6 41
864 6 40
865 5 40
866 6 40
867 6 41
868 5 41
870 5 41
872 7 41
874 6 42
875 5 42
876 6 42
877 5 42
878 5 41
879 4 41
880 4 42
881 4 43
882 5 43
883 4 43
884 4 42
885 4 41
886 5 41
887 4 41
888 4 42
889 4 41
890 5 41
891 4 41
892 3 41
893 3 40
895 3 42
896 4 42
897 5 42
899 7 42
900 6 42
901 5 42
902 5 43
903 5 44
904 5 43
905 5 42
906 5 41
907 6 41
908 7 41
909 7 40
910 7 39
911 7 40
912 7 41
914 5 41
915 6 41
916 6 40
917 6 39
918 7 39
920 7 41
921 7 40
923 9 40
924 8 40
925 8 41
926 9 41
928 7 41
929 7 40
930 7 41
931 6 41
932 5 41
934 6 40
935 6 41
937 6 39
938 5 39
939 4 39
940 4 38
941 4 37
942 4 36
943 4 35
944 3 35
945 2 35
946 2 36
947 2 37
948 2 38
949 2 37
950 1 37
952 0 38
953 0 37
954 0 36
955 0 35
956 1 35
957 2 35
958 1 35
959 0 35
960 0 34
961 0 35
962 0 36
963 0 35
964 1 35
966 1 33
967 1 32
968 0 32
969 0 33
970 0 34
971 0 35
973 2 35
974 2 34
975 1 34
976 1 35
977 1 34
978 0 34
980 1 35
981 1 36
982 0 36
983 0 37
985 1 38
986 0 38
987 0 37
988 0 38
990 0 40
991 1 40
992 1 41
993 1 42
994 2 42
995 2 41
996 2 42
997 2 41
998 1 41
999 0 41
