250 10000000
1 3 9 0 6 
751564 1749274
836751 3554911
182748 622215
47278 1118256
4815056 9798049
6651873 14744215
133484 6458569
2185131 5868368
4169082 12497801
1486741 7788917
2149996 8061278
4398895 14209834
1777955 11025612
1957637 4791525
331946 682387
450957 5834016
2973937 6743338
1111551 2318694
129232 783687
907787 2534268
2511795 10649948
140186 931839
3551929 11652437
1073322 5879469
124169 1644226
5677976 12071705
297866 2136584
31797 391195
3313893 9955034
780963 2483911
716492 1704856
711348 1567433
681309 8384887
3159243 7158580
118363 6976064
2894959 11923145
607586 8468579
1854523 3829967
523352 4818082
3694540 11117973
234700 640966
298311 1093494
863536 3401720
699439 1579856
3366442 7714309
619425 1823036
136205 4838282
6990760 14633812
437388 7076664
4740611 10537004
335382 10119941
73846 1083029
808997 7969768
6685162 15324920
1315513 3598083
1647549 6466894
1113577 3510284
647876 3130753
2004177 11289638
896251 10043171
1015762 9478774
263266 4265529
4419283 9345862
3647978 11735074
133423 5937479
81580 177116
1002980 4743754
2074881 7825400
3573079 10178777
5631447 13021198
2753681 5723503
505152 9631312
113285 453261
4202354 9536478
3727511 11216195
1845044 7620161
2317883 7149458
213338 1846475
4117085 10572484
1345118 7701831
3279528 11915956
3335283 11183353
265452 7822420
5453447 11248546
270131 775350
566182 1166172
4409383 12319681
778251 2136173
2191217 6042757
99948 492011
800773 4490215
7564588 17372861
850948 1828212
2717539 6029414
7674313 16385014
5136170 14828288
6109707 12230544
676546 2917229
2881095 9052577
2810077 5683252
3261080 9514417
148800 300543
2428736 8144404
5280829 12727443
2281544 5515960
945779 4369564
1800692 8322902
3225509 11186737
118164 2340690
384588 7833078
938631 4396675
733230 1529938
1729893 3959746
17544 8306935
2094514 8200391
1440285 6518321
3204650 12873086
619889 2175443
3850564 8139065
8139810 18123826
1818806 3692355
4232962 8679737
1388091 3060656
407868 1335806
1101497 9815308
1772104 6600422
314067 863807
543108 2293844
3522626 7217747
2073781 5771061
2586226 8821624
3297808 10490725
5045374 14083174
2459782 6264072
159902 5459597
813085 1662303
7166927 16879387
959532 9044888
1659289 4395990
2695403 7975519
441395 10347469
299805 6438524
448927 1215091
3177406 8929166
329431 775366
1824902 8603538
670732 1411441
4711876 9813395
7044022 14796750
6972074 15109589
1503087 4197203
210209 435876
6437912 15753344
875430 7183384
6019395 15860064
559844 9095194
2805300 9534509
1831434 4550344
4441108 9520985
1495531 5968542
618396 3570810
2146277 9386127
1282795 9022347
817761 9322099
1137798 2384977
1206022 4783429
2573972 10718911
856332 2236908
6602243 13749045
4097842 8643051
1344628 5653932
1070487 2837406
7294560 15049188
900556 1950795
1091925 9081128
50507 927178
6371717 15662966
272970 7424063
1552694 4526937
4071171 11626956
1356689 8686678
737933 3933355
9500911 19469881
6276297 14244301
2037940 9335172
8529416 17665364
7652650 15762774
45553 2690603
1162904 9067952
300652 1516262
1263337 2998228
1984561 8820429
5073508 10315015
582161 3671806
4253766 8928863
3779787 8733312
821629 7632955
9556811 19553178
602772 8360422
4349606 13278379
1212474 4206410
4606025 13783797
1312165 2796105
4782491 14267655
291486 842302
3226734 11026325
2010003 9835763
724468 6552668
2752546 6407672
109248 1392266
2967086 7563066
961267 3812929
4733992 14152187
868829 4089136
5313466 11158570
4029883 8776964
2593430 5323584
1862016 4321468
7653607 15917634
342981 8978768
5044485 10206228
2310636 5927539
3463003 9566546
3809152 12380275
3388912 6784564
2190153 7828101
1019599 2142988
862475 2777766
6171233 12541576
53872 287654
1238722 11039753
2482567 6053406
194002 1616070
1616359 5910696
2156053 10130961
519028 1536319
69469 4467676
719415 1876274
2564402 11676403
569032 8378507
317997 2416473
1927514 4943152
3069554 7522940
996659 7276461
2067849 7167081
552614 6108143
1589972 5600772
2136473 4600626
7114661 14787673
51821 203489
