250 824783
7 6 3 0 0 
284975 576259
279761 582461
74983 211631
149839 437831
274930 582363
87013 310091
119956 428223
9231 129532
62836 205143
151800 428359
163621 469756
50386 113705
50240 199741
8179 18238
23636 63286
15551 137574
6493 14348
32369 71133
48386 354518
62074 136758
120344 255495
21282 361689
211869 505795
195571 451724
67156 248666
38287 139410
44322 262665
172637 496772
225519 490253
60150 124094
27007 130743
12306 38123
871 2061
12572 350521
1467 47128
58620 370005
52429 285236
9862 24591
30031 319263
10744 150443
74815 187054
5533 140652
3900 277253
65497 154421
128490 444349
230377 463348
322 75335
173924 441286
118941 310399
31992 151693
160245 354923
112654 398674
95758 355368
99685 230635
54068 148109
53622 118026
29070 62952
34549 307588
51853 233041
89769 193678
190678 441687
266955 574095
273403 605248
56176 194577
7121 17989
135392 418225
18688 98374
5268 28797
58933 319033
230706 509342
121338 282643
65038 147870
33247 98220
146257 384856
8081 116415
282 2076
104915 306714
52823 260598
161805 435740
200887 434566
1485 128173
41917 268443
103060 233245
257748 539594
1088 9887
97372 364209
253402 547422
97738 199206
35776 131815
65807 407138
56738 129812
27798 245836
35612 78170
226118 557045
291588 585987
199066 536538
105424 231363
8559 26518
66326 138966
12950 313682
3824 254609
70428 190060
51536 145506
78912 159443
62755 146333
6044 54749
74041 229526
91359 259060
98086 313053
195858 446570
80323 188378
182563 503515
117323 314326
133760 278200
26716 55931
128594 347765
173818 363291
383 1921
19152 101466
326008 667550
110971 351078
30170 88891
41888 221289
135978 465790
218695 466156
76257 238579
142151 487593
82182 194102
105594 318278
178771 381358
2991 95022
96073 354150
18684 169743
65609 152968
14830 92691
3287 138730
110229 319875
64762 168821
135064 423739
38392 212307
61012 252141
192098 474249
218802 560723
60075 183911
55186 228029
263195 582111
4506 11273
42369 111158
1219 14559
258630 517919
45414 366639
101249 246595
46666 157972
95565 192217
151622 357309
98120 424737
96279 439259
41401 365286
192369 503853
20139 90700
7422 40153
34062 173762
61982 205184
74366 271692
44348 145162
121024 318710
19907 261752
65666 195309
112424 227272
44634 188265
77237 310275
98613 206463
168108 423857
17100 109074
56770 326725
241 96622
142249 430438
306718 648904
192939 505597
190939 515049
64949 319662
171867 397877
13785 55346
189716 429923
60509 378634
161723 374844
131556 376141
78333 250335
9177 152381
51815 296115
153912 316599
149873 388130
63680 162852
17823 76823
18249 51112
1212 3247
44773 126412
103030 277662
221284 541158
12630 28416
5966 195142
15086 35303
205862 491916
203058 445798
125158 317529
84417 185422
675 5128
131050 459395
219663 529866
21005 58871
132519 293472
13874 35014
31 4153
7919 109889
160896 425829
133045 271773
36664 119504
50009 114613
40781 128121
177778 366429
34280 219163
145033 302212
3667 23083
23936 53074
44743 94344
24542 87725
23400 80247
75904 265228
30417 310512
47349 168490
208514 485652
28200 72159
15474 170464
17114 268397
125839 277922
124819 383036
16814 136903
11933 274412
36999 114652
275652 612865
199110 425819
13645 87631
110659 249701
162025 374638
73641 150655
6435 15421
173694 503494
140732 377273
17945 47541
52804 170423
