250 500
0 1 0 0 0 
93 102
120 150
5 10
32 45
138 140
65 77
111 136
166 197
115 119
7 37
25 45
57 89
59 85
44 62
21 25
130 138
93 116
163 195
183 195
134 137
65 72
138 164
130 140
127 152
20 41
83 115
220 231
150 162
66 77
64 80
163 168
49 69
71 78
94 111
85 87
153 178
26 38
15 42
215 235
169 197
23 34
67 95
71 100
233 237
79 86
10 49
47 84
162 195
131 146
93 101
37 52
68 80
130 159
91 101
101 136
161 197
105 108
117 129
163 171
135 159
60 89
57 78
79 113
132 147
46 63
198 209
184 186
50 61
18 32
164 197
178 182
10 49
121 158
101 132
44 56
146 152
220 234
119 139
86 119
120 121
56 59
22 56
189 217
92 113
129 140
106 142
213 249
90 96
162 186
22 53
4 40
199 237
233 249
131 141
2 31
172 184
103 120
202 224
44 81
99 99
230 240
127 143
192 201
127 158
164 176
144 165
202 214
181 184
99 120
125 156
184 193
219 247
35 69
126 150
225 231
189 221
191 196
147 169
58 80
202 241
56 84
92 119
37 69
111 117
88 123
53 62
186 210
138 161
124 163
118 120
67 91
19 40
188 214
200 228
77 78
182 209
19 51
6 12
57 93
102 125
108 109
225 246
27 48
20 57
154 190
229 247
224 250
167 200
29 56
90 103
142 175
203 236
173 180
133 135
222 234
57 77
216 225
135 167
176 205
161 164
214 226
194 231
144 148
57 92
171 175
105 108
27 28
12 27
60 89
203 240
45 80
106 145
136 138
90 109
229 233
213 222
47 74
131 170
155 184
170 185
66 101
34 57
210 249
21 50
239 239
32 54
162 189
131 154
2 39
227 240
233 233
28 62
95 115
228 239
129 149
24 60
100 128
163 199
162 164
31 39
123 159
131 160
175 211
8 45
170 201
24 34
180 196
188 191
48 79
96 102
185 209
162 181
224 230
189 213
54 86
117 119
219 234
80 108
90 109
163 191
76 95
204 230
122 158
198 229
171 206
140 178
106 122
56 63
121 145
62 84
71 88
30 51
18 49
94 122
41 67
233 246
175 214
174 206
177 197
200 214
130 136
135 153
151 173
20 57
36 38
140 148
144 172
212 247
22 61
206 228
