250 500
2 0 8 0 0 
75 87
194 240
48 54
207 245
200 246
161 205
104 127
146 153
201 236
137 179
10 35
157 159
93 133
39 60
146 160
5 30
192 199
119 175
48 51
162 162
125 170
13 35
46 95
27 86
20 29
4 33
168 180
157 195
145 149
48 77
78 131
158 187
38 96
134 149
74 126
138 172
83 134
161 183
82 92
90 147
75 121
50 87
161 219
35 77
180 188
38 42
98 155
84 138
35 94
74 114
88 104
55 60
136 139
162 194
90 130
147 155
115 163
19 43
87 141
97 129
169 170
186 241
175 177
47 85
171 222
184 221
193 218
9 68
26 27
134 152
29 82
87 94
149 154
9 20
11 24
95 140
56 67
10 67
96 118
45 53
198 243
60 66
212 224
24 48
159 180
165 220
211 212
27 74
171 181
27 68
107 140
17 47
190 249
114 164
59 113
119 138
218 238
177 211
136 151
28 65
220 245
195 237
121 140
219 236
198 209
129 173
75 100
5 17
209 242
146 175
5 50
170 221
178 184
162 191
178 186
40 89
139 162
71 122
159 203
56 111
121 180
190 221
61 99
55 87
125 164
102 125
195 245
14 36
6 30
241 243
33 75
43 100
126 141
203 243
51 92
19 58
244 244
95 151
115 162
115 157
187 216
193 227
67 79
94 95
172 204
137 137
91 138
36 48
146 176
130 177
182 187
22 73
11 40
72 115
24 39
173 191
198 222
15 63
20 45
210 215
135 188
119 175
181 236
56 91
201 238
47 83
87 120
119 166
208 222
112 167
146 187
147 204
107 157
208 241
68 95
166 171
196 232
82 135
97 151
46 102
173 200
225 239
75 126
78 124
204 220
198 216
101 148
78 124
103 148
174 219
52 94
42 75
95 131
29 70
143 174
79 133
180 181
73 123
10 11
164 213
148 166
106 157
161 176
77 103
5 39
109 114
138 185
63 82
19 68
45 91
209 247
100 110
95 143
146 178
196 233
54 97
16 37
169 205
177 226
4 24
151 157
115 146
31 88
115 124
131 182
6 65
164 191
48 48
93 95
118 166
209 247
60 70
23 74
17 36
54 102
48 103
4 9
209 241
177 186
185 218
23 43
162 175
5 38
92 146
72 94
169 227
173 224
61 112
127 181
76 82
