250 500
4 7 0 0 0 
38 87
215 221
140 149
117 151
135 225
20 63
85 98
201 243
23 81
203 209
50 117
205 232
108 120
119 142
14 73
7 96
145 236
31 130
76 128
165 234
97 136
118 195
20 106
136 216
38 119
91 182
140 185
91 155
44 50
76 145
102 194
19 50
106 165
64 100
76 91
19 77
85 154
65 127
125 132
110 163
178 211
26 67
120 187
158 247
74 171
156 200
112 133
131 156
209 218
39 83
151 169
152 234
125 215
49 96
5 43
143 180
117 166
173 176
106 143
11 105
35 37
209 233
165 234
177 185
117 131
17 71
149 208
169 192
116 148
16 114
36 111
72 167
131 197
49 94
20 62
117 207
183 217
78 150
112 179
94 176
31 68
97 162
166 191
178 227
58 121
90 170
158 193
139 154
38 63
45 54
40 96
49 65
141 206
165 210
149 222
36 53
229 245
66 77
182 204
139 189
38 46
134 211
205 215
166 215
240 249
114 173
13 22
108 167
191 207
82 92
92 176
181 185
128 137
44 89
66 143
174 195
27 109
160 193
126 173
106 139
83 175
171 244
25 45
3 30
116 204
65 94
129 193
172 200
86 88
122 182
89 162
86 154
160 244
232 232
102 189
173 212
61 139
133 217
112 160
146 232
68 68
117 182
172 225
99 192
134 201
53 143
90 130
163 211
165 229
237 245
176 210
127 210
163 227
121 183
112 143
196 249
21 40
176 176
193 206
41 125
126 126
168 193
98 184
171 187
52 77
176 178
93 169
132 155
130 188
20 76
36 125
31 104
94 127
39 125
63 135
165 195
88 133
14 30
27 111
27 109
65 126
89 110
78 152
22 103
118 204
133 207
31 82
36 73
74 99
90 172
80 173
140 165
32 56
86 108
105 183
10 81
82 175
138 218
170 211
125 177
95 149
217 221
169 194
164 206
58 74
98 102
19 113
181 233
44 115
73 152
144 175
151 243
23 118
107 199
59 96
79 143
209 231
140 142
143 156
2 4
151 224
26 69
84 173
153 243
2 72
187 201
103 127
28 106
59 90
88 95
9 27
129 193
125 221
51 143
132 195
205 248
179 184
223 231
3 37
168 227
71 142
156 166
18 97
151 165
180 195
73 156
96 194
75 153
207 221
96 104
