250 500
4 5 4 7 0 
192 208
136 136
54 72
17 18
132 145
2 14
167 182
154 168
73 87
86 101
210 212
195 206
10 12
33 42
54 66
206 213
230 239
132 138
96 105
219 228
169 180
175 177
225 239
130 145
242 243
112 118
192 200
161 166
167 181
165 176
210 211
17 36
6 24
229 239
164 172
39 42
18 30
199 217
70 76
51 58
203 211
101 107
227 230
111 121
215 224
196 204
58 70
173 186
14 30
101 119
190 204
149 153
192 195
130 147
223 242
248 248
167 169
147 162
27 29
66 82
197 216
148 162
217 221
173 175
212 223
124 141
62 68
184 200
76 91
75 85
59 73
229 243
12 12
107 121
132 151
80 94
178 197
92 94
47 55
106 113
190 199
176 186
17 34
187 203
121 125
71 90
106 106
213 219
86 104
35 38
95 98
109 110
199 216
168 185
144 156
74 92
27 28
214 222
201 219
144 147
183 197
27 31
24 35
151 157
106 110
118 130
230 248
125 139
138 146
5 11
177 177
163 176
58 74
119 132
198 207
229 238
166 181
165 166
149 157
97 105
118 135
133 149
131 136
109 125
110 115
43 61
45 55
177 177
115 132
50 50
97 110
181 187
151 158
214 221
80 96
50 62
139 155
12 25
202 212
49 56
167 174
51 52
246 248
30 33
145 163
149 151
154 163
7 11
37 46
20 24
86 105
248 250
65 81
227 235
16 17
19 32
132 138
169 175
1 1
67 70
107 125
32 39
34 41
33 49
183 198
213 226
176 176
117 118
20 35
154 168
73 82
12 18
33 39
163 170
196 210
233 243
46 55
217 229
89 89
128 132
58 58
101 110
181 185
11 11
59 71
135 152
114 119
228 229
93 100
54 73
244 247
93 99
231 249
79 79
53 59
51 57
67 80
31 41
211 229
11 13
180 196
17 24
137 143
198 212
95 104
113 128
111 117
146 163
228 240
192 206
169 183
57 66
73 81
64 73
224 226
50 62
116 130
196 197
46 54
222 236
236 248
67 80
58 73
121 127
151 151
179 190
180 181
150 155
186 198
212 231
72 82
166 172
160 170
46 51
36 42
168 179
101 114
127 139
90 109
122 122
80 98
206 223
94 98
169 181
184 186
48 63
146 160
128 137
152 164
22 29
