250 500
7 5 3 9 0 
147 165
178 185
156 179
72 89
183 189
139 160
203 221
170 191
182 202
121 135
90 98
148 173
40 51
58 64
101 126
236 244
115 138
18 39
182 188
110 111
99 112
50 50
227 249
218 231
95 119
234 244
68 79
126 150
51 69
136 159
58 61
122 145
13 37
177 200
95 102
182 204
86 111
169 173
175 180
136 149
35 58
24 37
15 24
102 110
180 183
115 122
191 204
129 139
18 32
167 175
22 41
206 227
18 32
29 44
5 14
233 233
117 131
152 170
100 123
86 100
167 175
17 38
58 76
78 103
28 54
36 41
156 166
114 139
182 184
127 149
210 215
9 15
236 249
176 181
237 238
83 97
163 181
194 202
64 66
33 37
121 135
203 213
133 158
73 89
25 25
243 244
182 205
200 214
64 85
7 16
138 155
175 185
37 58
117 140
125 140
136 140
23 37
199 203
246 246
181 183
88 110
38 44
112 112
74 80
46 64
108 131
62 63
167 188
109 123
220 233
47 53
217 226
82 102
212 234
47 60
138 149
75 92
91 95
201 206
139 156
22 37
69 89
42 67
171 177
148 169
31 51
73 83
89 99
101 122
172 174
39 58
111 126
1 26
85 90
64 84
186 201
173 176
93 96
160 171
87 94
101 102
110 116
35 43
169 178
5 16
84 94
175 178
156 174
118 141
137 157
195 208
142 145
106 111
20 42
120 135
154 165
76 84
44 66
21 32
74 92
234 238
86 91
65 86
150 174
169 194
12 24
160 174
39 44
55 76
8 22
161 168
13 32
24 28
67 87
8 26
166 182
130 137
194 213
80 103
222 230
206 218
149 159
15 39
41 54
91 95
51 72
41 66
100 116
233 250
159 171
196 222
163 172
18 30
140 148
152 176
35 53
125 139
50 53
180 196
6 24
79 96
14 23
23 38
133 145
76 89
178 180
30 45
13 21
73 76
56 80
217 228
21 24
184 189
236 246
55 68
170 189
119 122
22 35
225 241
57 80
226 238
225 228
146 146
29 29
188 206
75 99
172 173
5 22
10 33
56 61
233 241
136 143
111 115
66 74
50 58
5 16
205 213
52 62
160 164
174 190
153 166
157 160
28 31
108 134
90 116
49 63
173 180
96 109
94 113
169 189
