250 482794
2 1 7 0 0 
20830 46213
1390 38544
5068 12219
4618 28834
4610 11217
29737 61669
838 21564
8445 35939
10809 48787
1449 3224
12663 27858
7270 36668
1852 24474
25998 57972
3659 9524
16503 38307
6304 40078
16163 38128
168 185
16887 54243
26800 65528
6387 15803
2467 24801
8110 44292
18096 45527
3839 14150
3298 23635
3345 14896
2714 9430
2378 5426
14627 36544
64 245
65 228
8819 18140
11091 32123
946 4103
11256 39927
4434 43648
753 2941
7940 35610
14926 40984
13439 42036
22229 48975
263 2321
32 57
2525 8568
18997 45307
6287 36626
20951 45674
13008 36014
2116 4806
6526 28394
7690 39131
11273 49992
815 6350
17994 37594
9681 30404
22436 53128
196 4893
14063 51347
3198 33758
5271 24640
4197 10101
17796 57492
836 6557
1200 30286
947 2517
35114 71239
9478 34219
18851 38195
3305 17242
8466 26687
3050 10191
10631 45465
5556 39923
8103 17368
31485 66930
12106 50255
30554 65249
7027 28059
8850 22103
2853 8032
7380 21157
44 583
7584 32788
871 26017
408 15588
21586 51740
3037 11669
3660 34172
9722 26828
11953 36231
22626 47389
2259 5216
14975 31601
14784 31010
23239 50052
13947 51353
8154 19920
21988 53801
1384 11917
20878 56991
7823 28150
1168 5554
5973 13581
27487 55798
9062 36441
9856 39826
27160 58529
20383 44688
7673 20943
20052 50630
3018 17660
4384 41409
17511 36145
188 19919
1497 3647
458 11690
32592 67408
7271 15059
705 3926
19842 43332
188 1581
20971 60067
1062 3803
14380 47842
3451 20088
7244 19690
725 1806
269 14309
29008 60022
96 1683
5581 11549
906 12899
763 25554
37745 77305
3079 8016
3456 18421
21164 50379
13789 45585
13965 44132
587 4906
2733 41088
20727 55163
6055 21348
8062 23566
36746 75345
25733 61556
23567 49831
34768 72823
3654 23955
27080 58851
3410 16780
9196 37116
4426 14280
1514 32408
5021 42700
2579 5757
255 1290
22236 54059
3968 10058
15915 34902
16773 37544
2213 7822
1097 16427
4560 11706
25569 63201
11207 28429
18305 53016
2513 12452
2706 16621
337 1276
21724 46827
26 359
3991 42074
18206 57024
24098 59934
4284 9498
2019 30986
10007 22706
3124 10316
18225 50857
655 12122
4859 13389
149 4202
2501 9597
5149 13508
16173 42088
3928 12432
4468 20420
531 11640
3858 10970
16549 45476
12618 28875
7805 20011
895 12142
970 2475
7418 20696
6117 16203
12362 27865
16747 49728
14812 46919
9720 36706
10227 37733
4135 37463
2880 41309
3578 14510
1790 9525
7357 17929
4714 15171
4753 10405
11590 50118
8969 34553
3215 16049
26579 56545
124 6285
2144 5785
11301 24645
4311 9658
4632 23454
18374 55387
700 3813
12563 28060
337 4494
11271 38815
574 5773
31024 63695
13902 46959
3373 15258
408 3389
26195 53129
12396 26251
64 178
6837 20744
8834 29587
2625 6762
23 2709
2326 24390
6326 17128
322 927
24150 61337
1235 29129
353 2589
4612 41781
14305 33853
6275 14952
4911 10555
3975 37384
35667 74454
8706 19927
