250 8457867
7 2 0 0 0 
10547 679563
713165 2024220
366222 1194357
91023 331958
4502 314039
688358 1696220
66550 741922
122241 1399887
665779 1435144
310237 811193
140505 886455
819162 2202361
138351 664031
6724 79528
760214 2316639
413078 920306
27033 234110
39431 1338563
426904 1332806
310992 1435402
65404 1142687
71160 351332
688384 2002940
262107 1010846
122655 262144
251359 519898
82867 372619
15275 400815
160937 781027
353118 1243127
250618 1211127
344571 962879
996202 2128075
3211 122362
493872 1867732
744628 1914194
666128 1574665
72594 492744
1264095 2571652
126454 649821
109059 1760349
115227 364065
1072589 2365290
212792 501970
160180 869254
912483 2534494
50982 543759
146531 516405
371288 745400
27400 289825
487752 1453042
15150 46969
127290 925371
141162 454435
296474 1150037
205326 1290716
89581 950831
103984 1698935
322545 1907504
158211 441306
502088 1098109
87258 1199931
258716 620493
39550 1052998
823784 2028060
7037 23602
430405 1054621
60435 320180
109419 1542477
662394 1723034
258863 1284873
346571 970750
679519 1692482
320225 961437
1353176 2989140
52721 777380
52478 798243
1011729 2632512
761652 1614235
125856 1585640
85921 212377
225700 1052125
225492 982930
37597 1059622
4367 1279908
220509 530331
71304 516352
625885 1414698
599578 1285413
92145 364430
132628 403313
391443 1545227
228253 595234
39031 79376
967131 2592281
1377449 2953873
697289 1590121
80175 1431509
260411 1282136
19379 76498
137726 810104
793499 1608669
522684 1056330
59066 167208
142229 1092590
44884 186165
503146 1113222
271959 1742159
2539 288524
24313 137288
220422 763802
69153 880951
690693 1931998
145919 765105
447280 1200124
318682 1095331
157580 817178
339029 798030
312927 1041434
315069 644147
561384 1125306
340240 772858
916427 2298203
43033 110442
291367 1237435
338514 1450115
449762 1552249
622990 1465002
301682 604565
701129 1524304
17107 70963
438108 1219058
465032 1189380
612291 1751694
225534 1648980
322797 1370872
301590 1856782
392990 1087062
847999 1764214
57645 495079
1318112 2809033
99983 984419
95874 1101012
477470 1631023
825480 1929480
215209 878959
195204 1304461
729631 1833646
141998 359354
389293 1592105
865526 2110130
551154 1328381
657400 1538036
2761 1188583
1110461 2575945
109948 1301788
372711 1077707
52527 118693
17241 36318
354372 1288880
247209 1360009
36487 233773
744276 1703587
205335 477350
197171 890947
314939 665112
705730 1964149
78793 649675
272083 787135
126610 278870
63753 1360065
412009 1181655
35173 1371901
1495499 3123294
930812 2219048
1510 13097
709626 1470188
19606 859052
147329 890208
128690 557934
309130 811772
772114 2063502
396599 1536121
190628 690745
218650 437624
598374 1382542
464215 1693396
446936 1879883
576404 2198735
109782 247850
16924 539970
323491 1851446
30408 1705289
53452 205989
17898 96762
632575 2019694
147829 358083
214407 473326
242750 999880
595040 1515744
252833 896951
13519 37615
16532 1191570
322410 977972
24383 758521
128791 353079
115866 291855
57745 131241
209818 545816
95815 197149
34067 74585
108941 338013
79632 462946
564901 2165450
293276 1156656
1302412 2651665
20563 79392
1275423 2572574
646746 1393491
204224 451813
843 279890
276859 931278
758316 2215142
198377 420636
137980 324632
762791 2203181
1257906 2686305
38078 132372
4172 77977
477639 962501
28202 77003
43639 1721028
1190323 2697788
263623 1221474
722140 1482097
501012 2152457
125717 1035739
195629 1306021
886360 1836491
423212 2115588
1057187 2329784
217117 813774
173992 1192572
49451 394865
15234 317381
1116004 2378280
427383 1008126
294291 1685575
668476 2031737
428531 987301
