17
1000 302 175
509 268
989 772
753 221
170 823
94 907
180 757
838 316
296 716
482 906
669 992
869 263
990 57
463 771
477 190
265 38
385 350
48 633
443 250
91 449
783 255
518 5
849 809
466 336
252 922
125 981
377 709
831 736
982 399
209 832
105 294
647 98
696 665
439 251
591 895
963 317
60 532
472 332
480 376
269 2
416 687
381 77
656 725
935 441
925 943
329 51
688 493
728 751
710 583
114 66
694 484
453 789
971 1000
876 784
814 651
729 175
574 639
396 491
217 497
812 976
918 36
739 119
567 855
450 17
184 643
537 300
292 382
921 344
830 940
915 260
53 563
167 196
597 926
897 820
362 613
911 46
163 712
850 306
781 806
400 18
867 403
394 782
967 113
307 309
313 502
778 917
880 552
428 841
910 415
760 840
589 151
30 790
564 216
685 888
7 241
912 311
932 236
870 33
199 585
284 863
521 112
264 379
924 538
173 158
429 699
405 487
517 446
682 353
367 847
785 121
980 179
641 340
212 650
816 791
759 346
903 598
945 748
836 442
743 605
962 365
191 763
100 152
280 334
796 277
670 715
194 708
56 245
844 272
285 473
543 274
490 681
310 864
644 884
115 879
616 364
229 527
422 636
61 983
331 944
732 764
604 714
678 97
9 223
995 312
412 356
698 523
148 372
749 752
486 777
41 997
339 206
632 662
23 286
498 352
75 821
361 902
693 12
390 653
511 15
176 504
596 343
475 13
131 645
554 278
719 164
86 904
165 32
323 96
357 600
470 965
817 825
609 874
301 786
380 768
959 672
603 526
140 287
513 865
349 966
266 283
706 69
872 797
684 273
293 660
495 168
952 305
978 533
297 261
243 690
704 953
929 71
11 279
986 226
462 811
730 686
24 984
270 345
572 553
724 853
754 974
133 10
723 560
529 722
936 92
673 454
393 896
407 747
430 975
52 483
679 608
135 127
839 648
856 109
996 413
695 203
619 893
295 923
601 254
319 320
576 476
324 626
960 231
646 328
599 746
889 188
795 426
761 455
868 271
799 460
101 500
3 488
398 201
562 4
512 886
1 471
153 150
914 717
927 824
547 946
414 210
215 481
638 530
985 181
144 667
542 288
402 702
90 602
64 733
239 801
819 434
155 988
315 371
534 860
510 740
118 368
136 326
16 892
467 335
40 435
658 804
987 657
794 568
333 427
750 447
6 894
142 622
919 304
76 515
505 417
758 187
580 637
235 689
104 138
26 734
389 507
718 174
257 991
697 355
938 162
373 237
342 220
186 213
941 519
132 607
769 891
303 290
843 955
93 520
147 744
218 8
623 972
420 571
149 878
721 276
727 899
424 522
624 788
166 793
375 240
47 577
871 630
99 214
392 451
133 281
976 969
454 630
779 202
886 423
548 673
725 742
62 693
68 429
741 224
924 96
534 488
679 120
59 781
793 34
668 261
262 612
258 903
518 754
410 687
377 67
593 628
154 634
13 559
286 870
599 552
275 466
479 536
422 824
457 769
484 960
104 528
782 407
49 542
408 337
188 801
367 938
82 464
786 460
368 446
604 608
214 58
617 684
637 648
955 966
586 456
314 707
504 170
52 927
172 846
569 573
185 241
962 538
759 255
90 945
143 734
775 498
661 11
711 385
821 71
389 990
953 316
271 421
702 386
952 816
378 157
762 726
189 381
841 85
312 284
471 416
560 698
325 257
493 540
235 219
920 83
327 215
632 29
285 331
582 22
665 872
126 382
646 625
432 145
127 10
487 709
362 23
598 5
436 442
243 825
171 621
533 97
105 163
380 562
36 544
288 413
209 901
585 724
508 137
525 501
957 746
226 340
348 723
614 933
965 743
865 862
6 315
55 551
974 107
694 273
678 148
803 173
102 789
867 567
402 474
25 354
910 590
72 554
720 387
309 465
656 204
41 462
324 15
227 638
267 379
882 259
635 967
304 159
51 747
88 12
475 662
714 971
685 100
932 2
110 644
403 879
210 480
631 750
580 860
447 688
270 467
853 738
763 733
144 828
128 601
785 250
242 951
649 701
752 355
245 796
492 149
24 3
239 458
784 302
48 101
902 744
713 730
537 716
818 347
295 640
732 835
305 563
353 223
303 761
418 443
904 248
151 983
79 941
391 603
527 647
332 980
361 54
123 155
935 394
595 697
