15
1000 72 402
549 525
148 961
251 450
31 103
215 534
544 848
81 689
847 391
987 327
40 65
806 385
173 992
506 97
269 248
587 275
445 726
796 285
162 430
889 798
676 455
823 83
461 233
637 557
818 442
751 518
921 912
774 300
6 116
782 222
762 79
608 465
482 139
509 700
48 861
524 7
384 728
221 780
680 653
978 800
406 231
801 330
262 473
87 478
922 516
955 704
828 695
724 329
962 263
268 76
264 265
25 392
52 457
723 951
526 131
238 838
856 319
359 789
592 985
360 41
398 18
659 452
220 209
892 266
662 891
386 107
949 744
802 407
91 316
159 277
719 657
786 115
307 756
832 649
869 480
58 172
464 897
323 557
411 258
778 506
626 876
30 817
317 447
956 410
771 76
536 138
804 134
921 682
984 404
454 315
156 415
982 183
127 727
800 699
989 284
776 986
170 895
903 7
234 850
821 107
366 208
184 390
320 326
175 440
427 590
888 630
29 792
363 565
527 586
490 520
377 737
597 470
825 519
711 656
26 143
685 806
196 504
927 248
155 731
286 505
735 865
434 770
635 795
966 287
475 788
56 476
141 562
496 233
246 28
640 66
753 241
340 978
530 936
274 548
154 54
952 686
971 853
39 638
101 887
1 692
805 169
46 213
424 142
198 690
992 841
689 65
243 224
229 309
517 676
254 370
271 509
260 929
472 696
339 32
223 163
64 378
675 703
445 428
533 365
855 624
400 691
2 650
72 119
282 848
374 82
161 332
872 239
540 785
917 422
203 206
55 297
289 664
12 734
700 922
180 493
418 704
539 807
752 950
994 860
948 547
863 762
75 538
709 132
334 275
847 861
659 467
828 222
199 325
623 909
135 4
646 784
529 173
751 73
993 407
392 485
968 830
622 926
747 226
834 777
178 373
507 313
277 382
508 905
523 799
715 414
301 840
568 725
907 337
89 502
103 157
497 558
16 137
999 160
882 969
22 311
489 763
126 364
637 875
738 344
740 631
827 356
667 96
545 633
534 988
958 302
592 491
796 544
439 803
665 342
901 9
218 416
662 305
129 915
335 942
722 761
871 482
202 84
970 790
595 395
372 916
596 845
268 925
591 71
242 396
574 236
386 898
648 45
666 148
587 191
324 564
688 880
581 383
36 417
193 122
920 381
215 886
97 567
809 955
786 113
868 919
52 429
6 669
430 663
621 44
584 598
31 933
461 106
265 102
462 954
935 892
794 674
130 406
453 726
53 38
230 380
310 252
343 782
484 498
329 779
219 525
288 500
299 743
998 23
810 707
877 605
684 341
452 629
402 247
820 613
99 78
661 359
501 68
357 351
990 328
957 576
200 35
15 399
109 438
510 818
911 693
774 347
308 49
720 610
721 479
257 295
19 655
412 625
290 276
319 773
706 444
660 133
177 683
442 531
204 603
542 426
264 278
561 419
91 322
705 441
33 718
292 694
194 195
8 930
120 318
890 272
389 854
793 599
559 723
894 577
150 849
162 563
353 732
70 393
883 910
546 41
209 221
391 582
943 938
701 639
866 231
932 40
815 474
43 25
98 14
802 975
996 47
843 494
831 851
304 759
371 914
642 758
852 168
463 724
259 468
346 355
511 488
647 104
867 947
171 139
85 269
643 573
281 261
964 755
376 338
653 673
227 772
100 69
152 672
965 862
516 716
839 549
164 423
513 859
250 34
822 105
192 569
128 443
312 746
819 644
632 385
801 369
237 918
767 977
211 987
974 291
88 316
714 11
602 110
617 912
741 717
515 188
729 220
627 62
823 358
405 677
681 201
176 159
870 487
611 608
528 398
791 697
728 976
210 651
614 327
212 997
570 878
680 207
593 1000
478 293
147 588
145 889
781 456
628 764
167 117
941 331
923 379
575 908
321 449
397 756
465 121
893 432
995 408
641 235
951 466
671 658
983 787
307 980
280 816
745 797
283 571
451 620
108 483
967 153
652 93
991 469
960 900
858 314
775 492
131 92
748 457
111 744
963 253
612 885
228 42
961 74
437 541
189 583
750 81
856 48
354 552
144 566
739 844
118 654
435 401
678 190
913 524
615 448
149 433
460 17
350 18
60 255
600 95
24 607
601 362
473 296
67 589
37 730
61 86
179 238
431 499
403 551
420 670
518 645
298 835
899 789
