16
1000 249 343
687 310
343 747
653 349
367 153
638 898
321 740
245 944
991 647
786 328
391 463
772 272
835 316
874 8
805 473
978 665
403 960
635 156
447 40
671 851
152 925
470 553
472 373
893 678
507 320
953 895
199 347
799 284
198 583
763 197
940 45
667 318
47 104
296 96
443 531
171 382
71 894
164 733
252 293
652 190
905 887
741 568
73 774
273 402
985 208
897 694
464 797
485 478
524 435
117 664
839 465
291 17
522 616
432 362
433 813
179 222
999 676
590 562
372 59
1000 685
359 35
303 424
363 496
623 356
560 119
541 720
829 753
188 534
545 415
233 167
268 237
775 781
529 353
215 572
70 426
882 466
945 88
691 136
504 916
549 808
36 183
881 982
611 32
368 543
987 234
633 202
860 9
662 913
281 532
791 570
615 105
60 628
311 146
535 769
277 683
563 275
975 910
949 326
224 838
439 422
76 489
239 578
673 196
132 131
229 140
657 609
605 162
717 690
850 721
251 445
274 313
346 427
607 934
581 344
99 186
766 646
924 509
28 589
219 689
330 723
911 947
369 12
116 497
454 479
408 579
444 817
226 655
332 684
438 896
580 374
184 159
516 241
875 636
834 469
174 6
380 750
793 48
859 748
335 849
602 50
980 974
397 81
749 645
358 863
85 499
421 588
89 510
700 686
697 546
25 287
333 481
738 824
381 734
65 414
336 843
160 455
232 155
200 453
456 574
815 594
948 20
848 996
295 398
787 312
984 109
341 393
595 726
366 981
832 670
166 701
394 811
95 110
163 695
390 784
739 804
306 396
77 731
218 253
619 379
361 873
235 599
656 540
836 107
92 475
340 650
542 204
203 178
345 98
66 833
927 837
904 724
644 266
413 93
711 134
254 148
746 528
329 658
932 604
718 106
38 735
551 323
319 216
745 112
707 138
907 365
193 128
249 189
826 582
818 922
78 703
842 921
755 825
331 858
571 458
300 451
387 305
63 256
288 265
459 812
212 431
141 569
672 68
214 771
677 450
57 452
292 989
423 778
621 870
868 27
643 407
282 101
468 501
831 269
294 988
82 751
24 62
173 471
640 172
952 526
506 928
261 357
494 760
289 420
840 260
236 986
990 617
736 846
514 124
290 641
337 207
413 627
63 118
562 115
650 117
411 791
363 559
700 342
734 205
73 385
529 912
455 883
340 162
663 38
233 857
879 514
930 219
945 603
863 613
739 102
775 591
398 602
341 457
974 865
715 155
56 65
99 685
718 17
803 35
28 208
792 967
96 251
280 403
399 696
804 116
367 608
845 998
120 469
258 548
18 81
786 145
3 15
755 976
997 750
716 877
539 940
710 722
405 464
58 390
575 766
870 141
593 671
418 169
665 758
793 60
351 473
182 983
994 822
638 100
384 969
334 806
854 654
337 47
982 272
343 802
136 833
511 513
955 876
590 692
368 420
704 661
848 389
557 648
414 132
658 227
598 491
129 452
21 138
537 861
130 701
324 481
267 936
448 554
921 576
720 837
874 702
604 151
689 817
937 259
13 580
311 657
297 374
159 656
294 104
49 365
950 926
898 631
840 86
397 699
630 161
80 225
87 453
697 690
221 254
386 471
487 508
392 506
589 200
78 32
293 321
636 422
639 642
853 344
927 446
157 350
19 67
69 931
72 25
167 128
583 923
229 624
400 619
884 894
31 213
463 308
962 908
27 110
683 121
48 549
207 472
77 829
862 943
285 191
381 273
359 996
942 946
637 174
142 979
170 830
914 126
626 435
24 620
880 307
309 824
944 871
810 738
687 370
434 171
970 887
851 265
315 959
479 217
727 34
725 729
629 195
449 168
538 317
101 684
261 579
237 790
751 133
373 815
40 765
327 811
781 783
780 53
938 419
179 706
352 594
916 768
551 305
600 771
22 747
776 52
180 760
735 148
401 675
33 369
361 732
189 677
380 331
552 635
131 158
36 274
483 533
140 743
412 284
674 560
519 881
416 41
192 873
640 92
827 355
774 522
211 303
886 713
500 896
567 362
476 358
999 149
454 332
621 105
375 899
601 460
981 4
641 819
226 218
153 867
183 152
808 466
795 253
119 778
383 542
379 681
934 278
1 139
941 51
230 62
919 698
805 902
633 193
46 289
348 826
709 610
75 682
488 565
662 907
292 965
90 186
705 717
175 304
458 37
844 45
939 39
474 646
134 436
607 59
526 190
957 875
757 43
235 712
954 754
541 202
895 442
248 396
16 275
691 588
928 964
44 992
54 57
545 245
745 103
492 349
8 496
323 561
855 241
215 503
728 326
703 244
177 788
406 212
163 468
135 762
64 659
975 124
12 187
536 430
266 785
909 14
5 260
421 94
393 645
777 310
173 904
210 482
347 478
431 769
480 535
249 660
618 707
89 490
461 160
66 949
836 759
493 960
839 504
283 573
951 695
518 971
878 146
753 794
111 312
407 714
402 279
269 322
176 7
197 236
756 209
497 973
234 79
546 906
872 988
850 889
540 391
238 686
989 849
494 9
796 531
647 668
144 885
525 113
693 800
353 443
634 486
376 246
300 510
320 843
264 820
417 611
564 112
439 318
371 150
271 813
185 521
556 966
10 339
127 91
948 432
723 816
893 612
239 524
387 30
20 426
770 869
968 437
581 925
501 986
910 250
616 990
495 856
761 295
818 42
667 984
515 628
