30
828469908441725930
27069579139907186
515319017764935883
99999444999499444
325945255253329042
743184310208340694
140606643086399187
88444884444484848
336347691858042428
306438623626415648
637916558569638273
917590351439831765
866777787566685786
6539913228467058
311864908297690520
777091139545120511
29948077180752489
207239183778306050
373216903620147593
135185668400617831
11191191119919111
324870591472304014
434607939979477533
261790318159637491
346795840225125745
903955934150622405
388047570961092872
765916413941094660
366794791325802440
805054213718483299
