30
602732610028566487
31325808277582555
877292124684015030
875684496719358019
146731542610071688
761490795921360239
921858800486073168
703187164900100531
876044786822940673
750329616049887710
826062751775517542
872377387680136118
392038321596700478
681680775807442245
120117648702676943
853215989962011828
683173987591151232
198565051450362102
149365498319067800
121091914288784368
363350620260899524
614285414272947555
937964184528306734
157303125894972800
633810287731845529
719946387158259788
611645505974281813
117356772518357102
438153903069791400
399345156045062115
