100
941762140993145790
266612497922299
691544778905670324
738753479263649200
832407636514904246
952290035064362757
786139573491792026
815849103295069606
317326380169155232
366736608339249006
875818432255159116
520857438176422949
689532794157695052
644190802016194227
973998381553392070
626873448354732355
892509915523877661
436492363015846882
794258747892713009
62232452751730763
702054296557820367
26513458132281301
824190268105248462
294050762027469983
785429926403791585
522038272763559613
46200465821548936
764258241464080996
473508375602371895
953261250077430954
307149270360838511
104425827356194048
203021644804917338
616035383379693380
661661099932654870
2222777272222
545544454545544555
427303845276002185
114987086210843022
789393156748027407
255439172960644584
648308709528517202
338012930416327551
666116661666166161
3836645054105592
673369734320658816
703181750604573290
52637361299526619
679787175728968514
693905964083056571
524740925361768501
479609079909571211
379677326326255566
202742069909006573
328668030487598837
161380285441905630
558318195209057742
67157509057014232
284961314802235866
365096971381900724
385284102659328153
30171085023624338
987607524350598861
709693068581230501
268365281298932163
241380562766100848
420496005808224198
259157935567764030
11955519559519110
395788702835006146
126304807390581020
873002876696513405
930638745965915295
105997120682425091
907053811657337520
426902911735139771
597971539080652577
438658494197590731
202687345307177121
252144360524714347
335335335355335333
316226124910822395
874812307848963681
874920901261246376
497042974397735512
507168603211743007
880025965671325753
485458267160307883
473868271905147368
562670010027945638
545920675861729552
835741548653280968
60315690257809313
470338275931634969
335828512155865981
327628035512973990
77722722772777727
999846446675644776
793816730414758517
448221640451557572
