30
15111515115511111
24027031010895254
507971853245696050
545700517232931464
976970899104375555
126506881632427010
682166488633020078
666282434807622118
379125719400881662
695282992406816457
861785969286114526
625439357163904441
313686466684668844
372491167983574053
730179916614332519
55581823510053467
794075366852359001
289410451025760082
227709604702828030
583966804560572057
294794745832814712
433827141842488169
277403138155723946
391357531446452130
41935534834565990
386345786648622668
301863028619518470
245897195026778411
107126884322968428
580865653154726573
