30
831800286010241876
388042341827075799
216863729395508370
493752839184627339
292064852092269035
156142456079704317
772777727722227772
763005359765397947
261336161554020141
471870852273090234
91459925666380253
761904586377001822
715265439866170496
528828718034966307
371610384656947622
595947343446179904
305156359712984081
566593863519457669
384023531070371988
665084100177765142
659234150770903224
987167735943400141
931185487105473969
636363666666333336
160688336365807786
691934795722937010
966305119487272402
372198413706555738
991991991119119919
512704234878608066
