100
47327803813711092
932731930682946356
66497515298815178
212161844852949520
573547423531866068
952360950178468285
726864437259718693
534702742235425100
588234853006711738
27222227227222277
155003939390803565
397715278974831145
821969097553237039
947138043761380835
273143197604521870
965139613265084971
548201641030271583
195722742820536468
454807800621169783
315645801864329980
678820801923257814
596197239508930656
764031802536104628
295147302136826533
490857497123410592
23854320913748600
64398354205180939
353841862349600072
369571504821115927
813502469948827154
100099889089990099
385247201685840623
558710014672893653
632865155339708751
155235064025872256
546685751389684131
505133764938610217
229051085825821103
270828642701593906
82888828282888282
304454075384144134
866332380987055629
172584215097758039
359835273808953175
750132436085649774
447413457091950727
376955986281422038
222084826000027737
141404821836996930
284486053162572777
832609698748565131
879537118593164009
657909727352481197
940230807231137981
532463709885822746
511096864950825049
479844211530687622
316801272340859748
510351645911747562
957327048082189145
273456951088192302
589023497061593827
704181449732648500
846898341236016026
453763711755059024
768495710149283685
820774151505305270
307962193728760532
328647619190075027
124721005874823407
367311939658174836
165986919937923072
391145589803932663
923267262363388565
642253510580454714
236523964312188754
68102183456097360
597501891807664027
963986801907052462
84095161043802275
665185107528136488
605830730154491895
371873170957638296
252542393993549826
763336330030666035
436296830679486651
743605431780715937
473224280520285068
466108093773250863
576366050140678821
594056415442535975
890637410611983951
980330719590397682
110935022868973775
72993389356899445
165393086449326559
216227511580431101
497731563613542986
402569493538274116
723322853283084278
