30
374702409182729755
717777117717717717
652691348879671301
982074059714394791
367095303124576937
377469030265602417
135581612231835374
48844728835058967
469557849126692334
700103388049999664
704701524507618346
221263486454177024
76301210714515975
583932157741194834
22070136058987723
421048165626890440
914859040678531560
150324604405308493
714979840510317889
382713705391181929
753519788657054141
523759431303214986
305946199097253062
278168728504001616
818164312053698763
5585555558585588
917609613002274884
848444444888448488
170116882508036473
396329816258466043
