30
936821236049333696
734739180865669257
596052756151304821
346156443457249882
753465456017760461
459745827549361369
767583286796452404
694462407934971588
631176504828634188
565405387251013707
720430220406831579
277277222222277772
32178298890231171
821905291234066850
973908534600371777
715394356179873224
389060974219983159
669208733404517676
749003308452802655
222422446468508850
931411431100101113
557493909817256357
140733297537409069
692200684906224358
177102487312189575
690772439300460820
852429061698414678
847385377228955229
264455445655655554
399365987540302240
