1000 1000 1000
673 979 819206
615 416 748075
688 37 953734
613 451 117344
800 631 433837
413 699 768453
235 833 217181
804 250 204297
649 409 953270
10 998 56803
204 872 24992
748 651 16650
908 499 303750
563 207 631484
746 74 248470
765 126 832378
895 186 931588
513 925 370184
460 892 603271
517 1 18224
241 669 865433
521 560 783358
584 278 301497
516 404 809283
545 292 226538
892 870 87764
383 359 698675
200 615 696394
711 757 16159
352 902 221825
78 823 249469
673 758 821340
953 664 393823
11 447 651197
220 11 949405
413 955 462736
278 892 280145
798 345 676735
346 795 827546
276 788 998525
118 799 895963
687 714 450173
53 855 179259
828 31 888570
487 648 239909
132 369 465263
333 588 374472
653 340 233118
712 943 288278
750 982 479243
993 10 919623
181 993 319552
120 579 618773
139 582 920713
791 657 808127
244 351 847479
486 658 924936
161 162 458335
648 286 765815
352 939 632602
762 643 964887
409 368 310660
769 834 288055
249 637 475264
962 334 85033
73 240 444593
378 946 796613
46 812 936704
790 250 606309
704 808 683994
609 46 223464
140 806 708977
587 805 484465
301 823 639673
991 118 290215
805 284 122154
506 382 297205
286 748 741058
929 55 504458
14 835 470274
153 286 578136
316 335 719343
863 338 363159
54 795 901456
120 9 838017
453 254 463349
631 660 964821
709 466 955180
85 872 932759
992 544 600779
498 438 260556
554 913 872107
526 402 837632
700 84 115113
69 93 719746
947 541 946917
669 77 736420
720 874 231301
944 226 604158
175 558 254449
646 177 384490
578 544 538263
378 939 36999
878 162 606887
722 932 440825
739 693 817301
905 398 378981
231 258 472284
231 294 416311
209 288 753335
630 564 755422
352 11 659496
748 477 909964
315 809 651316
126 354 672505
344 637 66594
1 625 3423
968 326 84289
161 809 477309
168 783 756194
692 240 125079
367 446 985944
477 815 492466
708 631 1725
676 914 153050
127 737 717998
778 962 944158
277 557 797131
552 133 133072
815 532 159738
552 771 214280
922 409 153060
48 417 813408
270 81 655540
683 624 40567
521 463 705373
170 460 511793
235 900 75347
653 655 457395
338 225 951950
541 702 949097
749 541 354061
875 361 26946
971 468 540495
352 973 280369
403 860 732185
22 564 263531
988 120 569781
891 793 539374
925 335 829295
75 791 810806
587 572 368793
644 241 79239
200 558 200454
33 512 660393
424 575 653392
778 947 859941
548 510 408276
217 8 748939
697 527 925683
868 150 248301
208 432 524433
880 309 415971
806 276 130647
858 234 710919
427 210 781235
878 550 35705
765 157 879445
546 237 700762
132 764 813553
986 826 449683
830 369 105730
683 327 665421
490 139 531652
834 120 864888
903 398 294519
781 847 241990
725 960 126752
759 166 269743
376 893 391433
510 211 135021
674 426 759294
894 21 73920
983 555 95633
93 114 436649
249 438 667413
918 555 511025
180 167 670756
457 436 155873
737 501 947611
800 247 749769
453 522 215771
858 192 683963
370 181 346568
969 728 872655
450 73 13067
822 260 848223
25 501 711058
97 525 640523
98 148 190029
708 936 102772
102 581 762161
879 813 327939
387 650 599543
819 378 272289
176 27 475355
618 967 6462
652 930 79263
635 337 212365
191 30 920392
256 898 57860
837 498 664734
802 901 891038
576 525 772590
546 261 594010
381 338 433418
935 173 347004
155 416 972165
21 23 789641
434 121 719929
609 519 336590
304 317 194819
104 143 291480
491 509 858116
288 555 201786
636 371 647456
476 260 881420
944 359 96129
354 543 19817
200 793 53843
494 765 777966
1000 388 682887
222 451 841664
721 975 869970
222 89 65540
809 84 525932
964 653 975463
615 923 53524
443 871 763798
666 478 585545
218 13 9092
514 364 940433
923 198 778985
787 568 830324
391 633 435008
15 569 697791
95 750 568582
299 818 426564
18 649 403968
591 282 845014
892 548 930099
592 707 516048
923 115 341484
879 157 195661
218 24 418616
802 842 847982
335 7 959658
120 793 35738
583 665 283354
647 958 472247
128 707 965475
951 318 250228
364 942 664610
350 205 603457
986 879 318332
149 490 712979
190 638 327255
456 967 180515
966 217 763421
631 84 496366
509 425 43454
801 723 680116
178 825 40109
318 563 369275
495 620 162080
482 527 126731
893 542 826642
568 663 30257
733 487 915011
738 748 676991
214 486 805045
331 254 396040
156 249 153070
591 151 714407
293 632 634363
984 351 389431
892 762 231785
513 848 973082
760 924 381835
572 401 700724
908 335 568186
582 293 437103
94 272 792654
880 404 504503
154 312 689256
758 447 731069
183 580 996777
786 742 877942
958 85 876090
944 195 132507
784 663 147844
200 494 751336
975 19 133112
417 241 295520
458 543 310278
883 891 968710
756 674 994727
667 968 49251
276 851 748310
377 197 993412
252 306 781649
683 326 43387
203 723 96026
673 610 192923
885 464 318650
504 595 434559
432 550 680507
417 313 708610
911 173 752107
82 855 496326
1 202 93405
250 178 221103
937 350 555050
207 766 671975
38 702 563498
490 131 566042
538 428 236542
591 754 827513
796 2 622216
576 203 286457
896 156 256558
544 296 200915
556 293 699165
450 457 895812
955 222 190530
690 408 999436
772 45 657
369 909 968945
706 954 23616
980 913 95932
804 322 494475
331 612 656248
500 765 971183
876 410 950008
393 394 433521
263 40 209167
519 952 173463
521 513 454552
964 245 371371
292 741 641646
795 793 403902
819 654 687795
508 233 357473
609 252 583948
471 62 127147
273 328 367392
774 685 830647
453 739 897374
194 488 408357
865 102 349815
907 962 595735
439 377 268446
331 196 545972
626 798 502605
89 980 90278
85 965 434625
128 579 985694
372 208 870586
63 597 818380
896 287 4606
265 562 357418
582 691 51669
245 561 279152
454 677 514189
405 986 610015
798 118 957686
160 442 96889
254 582 497317
602 97 3845
252 920 246578
506 436 371725
191 354 555451
201 293 174306
310 111 858273
695 737 887829
720 126 634249
671 879 732093
244 219 365723
984 910 888693
88 915 906436
196 325 854237
852 187 689461
362 26 163991
966 1000 656739
830 662 604362
965 293 57608
407 637 108833
633 290 606174
238 472 184714
832 898 880873
331 797 445817
121 458 418156
681 964 598052
49 927 67504
695 682 745031
451 854 410883
351 400 556896
945 316 87797
961 522 194866
47 182 118427
615 675 661636
591 495 282573
376 813 880352
28 983 27370
207 315 972503
961 793 561809
355 594 737210
649 802 221159
575 505 665632
455 583 59734
650 983 347685
557 981 492810
390 611 30055
472 73 463285
915 203 419273
39 200 400138
723 680 757617
625 461 985347
389 334 863500
318 480 769245
581 959 341512
108 156 622809
440 967 611926
202 862 359035
754 327 419696
749 963 793100
786 100 540495
952 953 109338
250 214 502450
894 474 174325
834 476 450908
320 262 794418
980 397 811539
44 408 883049
79 935 587940
409 158 312121
86 322 665373
302 971 116161
377 36 741072
147 191 245735
697 348 472276
12 571 33619
622 945 743813
3 80 911410
330 634 810753
996 368 386549
941 53 769515
321 153 92306
537 67 227818
358 678 329152
77 680 698025
236 247 436861
636 254 644118
513 999 319625
766 417 693157
956 412 800811
956 218 526797
827 544 22953
894 38 18695
294 388 387666
574 334 612692
907 289 37686
692 15 675830
571 903 602666
386 385 338228
809 449 913543
591 298 392793
136 653 140073
927 842 144500
564 335 623090
975 943 614679
645 189 453319
67 848 865945
162 953 316816
434 868 468630
738 844 423994
14 290 72876
186 927 704631
863 144 994046
756 723 205370
167 151 795763
444 152 489853
974 228 59830
508 936 839230
69 230 953909
31 675 192251
645 788 419813
463 658 399995
887 247 127610
353 735 261959
987 962 601329
309 608 872299
83 247 277896
521 202 592696
599 394 590466
102 370 201027
281 470 721958
520 436 16869
161 862 502015
495 246 685434
240 691 51228
834 620 732389
222 507 360143
793 795 866440
367 437 787247
944 952 453774
239 720 624024
401 265 826276
180 187 699624
641 192 43897
323 557 88322
960 750 703172
599 509 488269
483 195 551676
840 568 623220
636 777 328351
199 96 427430
702 400 924334
780 737 125909
819 737 855405
819 428 152057
400 798 957542
593 838 817740
534 14 913765
257 264 971341
833 99 819643
755 895 31551
690 397 730941
169 684 15401
423 831 398724
843 803 275542
992 912 927212
186 29 431445
994 153 698840
183 55 605368
86 787 972267
267 363 159126
752 712 182990
94 13 270795
650 647 461998
402 886 727413
457 162 907965
431 490 389048
629 754 848750
176 315 431673
35 247 809148
154 685 554212
269 171 577058
858 202 561255
558 166 850082
197 446 26807
328 209 476608
752 875 550216
992 246 348294
392 220 149527
375 748 258752
248 507 197986
153 270 256063
1000 613 446573
952 10 939096
546 378 746621
231 740 249828
118 200 281182
121 242 49152
126 240 708127
346 936 66956
768 901 942482
195 340 154094
720 466 107983
689 817 775694
701 555 953520
396 814 157082
74 713 927380
458 373 608961
573 696 294622
435 575 703034
609 194 1141
868 908 146812
590 356 736132
551 590 122950
878 270 343994
951 998 788503
783 645 135497
734 922 705588
597 570 954025
457 663 221799
448 450 720532
313 43 734460
40 551 502217
10 185 163716
406 556 202508
614 679 312660
925 602 736162
609 513 984773
442 463 7447
932 998 561652
346 212 442106
108 712 889409
386 164 996701
754 21 69778
111 610 936536
146 442 969040
638 242 249349
871 501 424614
395 557 537987
291 361 545223
972 951 704693
18 85 729894
852 898 701507
350 459 472574
507 491 585046
706 314 236042
882 130 304989
321 438 736332
906 44 536077
462 757 570441
516 915 989979
188 666 259081
849 906 150274
852 188 15193
913 427 912257
757 101 797514
285 651 586907
501 302 148785
424 235 43416
331 392 141287
359 855 733633
71 922 464009
95 681 291238
991 88 727160
638 132 353497
137 648 62936
726 883 189298
797 173 841618
647 946 421451
546 774 511124
676 746 515011
590 230 916941
571 583 939646
746 212 192372
536 404 593633
377 258 539905
808 435 645400
334 287 776304
8 263 753810
532 7 326787
254 173 766209
358 632 897087
668 820 82269
911 781 150891
867 851 279712
233 173 563543
379 57 900170
856 931 598033
677 220 708572
534 309 151727
84 317 69470
511 255 143626
102 752 682012
420 72 605439
701 518 220771
826 986 658671
490 149 34054
690 700 146686
655 597 887453
521 289 533589
434 795 53890
991 704 227618
991 536 902932
10 652 290581
820 521 937527
410 772 876771
732 430 585488
469 386 733508
567 293 478155
395 101 457655
191 830 696727
440 465 89403
459 326 15207
759 292 780501
781 159 137521
195 137 522255
910 892 437488
398 207 232566
150 208 697507
412 137 109785
767 622 330382
375 446 198094
97 783 673014
899 80 954287
93 578 33512
185 735 668374
277 101 314800
967 461 460839
248 655 752292
428 105 82757
568 904 511321
526 574 687770
405 141 870122
749 75 110417
850 151 69943
447 811 922269
821 979 382049
532 468 723698
562 57 213201
226 251 612937
263 367 798448
209 28 727518
711 37 604334
821 548 277620
425 81 143101
329 809 546701
111 786 265685
448 63 345332
921 527 925041
748 243 244470
10 887 106958
866 521 505698
673 464 796209
58 911 421006
727 107 640415
761 962 587732
317 309 133284
872 182 44303
261 997 311823
980 168 228576
390 242 222067
118 278 561710
539 236 306214
555 596 735263
682 808 511619
620 703 897890
31 919 456746
837 851 9511
576 118 429756
111 582 994979
33 501 182626
344 53 409743
808 746 351685
568 596 301223
192 974 780757
595 936 26093
567 980 686213
716 248 224998
370 39 802251
502 405 697370
198 498 539362
980 463 666966
503 224 326090
720 457 364396
372 756 770628
493 642 970287
294 72 864345
831 492 377978
566 848 774354
792 471 988136
254 470 32255
923 261 529691
981 590 117747
354 325 417783
246 745 261956
442 218 12837
943 604 248206
196 204 999315
788 944 759406
268 300 976561
412 834 239945
731 529 180340
136 299 411076
183 720 934869
193 759 634444
752 398 578449
161 687 423502
138 542 862888
239 312 624829
224 463 85408
6 716 444754
494 980 99521
708 167 718469
380 412 126488
533 145 382999
847 787 802743
576 881 371977
121 701 567922
695 998 848484
63 512 668833
553 493 252657
992 936 827042
577 384 50688
650 771 457750
942 819 847076
71 293 318241
170 303 979059
450 978 192173
6 562 843081
548 394 62950
595 763 854531
387 934 553789
816 703 904774
208 493 806567
601 537 749048
591 932 990877
572 148 168067
105 16 337180
228 265 545623
563 764 252004
496 894 133159
485 247 851323
635 979 601065
934 396 749417
235 964 80665
837 715 208443
828 756 606196
360 765 332483
781 254 588671
975 978 582165
496 228 597632
567 748 440457
876 859 790209
714 275 799549
84 355 550930
419 105 581906
119 265 930054
396 86 194285
24 270 753331
146 947 682357
861 16 139829
606 664 746777
490 774 343722
500 449 842889
302 510 194292
822 482 823802
211 632 798460
448 577 783590
728 226 658220
163 283 807815
712 237 441586
644 267 183073
114 228 54914
611 48 993463
17 42 501394
767 534 207890
483 987 647197
207 122 699199
597 160 217891
793 80 982992
467 741 465190
669 871 589017
490 572 907565
369 754 11954
968 922 383682
940 639 78585
608 751 658037
717 409 51791
513 992 210265
851 551 404633
22 126 524100
724 165 439167
838 591 585938
393 72 160750
763 530 965665
278 796 161687
397 949 912468
5 144 89519
741 344 546449
106 639 358831
661 234 29125
206 799 374932
309 625 2845
742 995 674846
749 948 852557
891 19 929235
976 771 86475
745 624 657404
780 491 429715
355 67 240228
534 604 810339
147 565 735966
506 885 384830
493 358 190206
501 101 208106
931 376 170908
21 234 400052
472 627 362967
694 828 965673
479 162 258894
901 736 636573
59 154 350246
822 663 908263
391 136 451081
359 623 556512
13 993 469667
540 239 37993
9 481 603877
748 453 409828
69 999 989509
665 58 619320
941 910 486394
194 418 220111
898 20 292034
59 654 64922
609 980 999837
529 668 169034
731 142 48849
112 372 530454
324 699 198439
494 139 771898
751 52 280298
976 194 791412
543 994 310829
914 870 933126
365 989 890692
185 727 885241
846 784 677831
996 946 319511
948 353 649365
756 578 710958
275 603 563277
761 33 793106
315 390 139860
326 353 48666
594 547 650516
554 560 41375
761 339 8954
87 213 953602
333 823 215221
509 502 506789
542 519 315771
22 68 497519
513 54 179461
737 771 349387
671 194 958864
281 485 632615
869 710 919709
774 470 622519
84 338 342000
73 711 610226
617 424 893202
561 29 129489
492 54 928209
483 257 182357
323 377 271101
427 463 2752
310 222 113323
647 930 771737
363 608 885812
315 284 138731
842 135 418100
907 816 883780
263 86 799053
54 115 337720
29 3 67940
447 180 142750
503 416 935777
581 26 705232
231 6 154993
379 748 248749
282 118 910469
638 312 754648
991 552 672723
763 535 733623
101 599 224274
817 286 775735
917 1 41472
417 540 717702
82 306 543262
235 976 797078
766 503 739888
555 554 621534
78 53 567679
533 55 234074
314 802 858137
591 160 391048
640 416 967182
158 106 789995
865 87 444979
621 77 720714
976 778 306593
995 367 742384
120 679 568756
603 888 834539
61 514 673230
797 934 405135
823 584 317012
218 768 613491
389 46 643758
682 557 867185
214 730 847177
15 444 686376
639 486 508695
81 196
891 802
194 363
450 788
225 819
481 336
129 281
373 476
585 825
530 573
389 600
718 623
658 812
677 257
685 585
485 911
452 540
723 61
314 43
780 586
22 266
396 393
956 391
160 968
473 222
671 396
138 724
20 354
580 519
604 423
188 67
782 8
312 165
365 361
555 235
558 153
156 450
183 619
407 77
949 525
833 724
133 661
207 873
899 446
671 891
749 638
580 62
207 481
669 328
559 22
565 741
90 393
643 530
308 262
963 933
163 356
10 706
716 22
398 495
939 178
994 448
990 741
613 395
625 180
650 291
91 268
864 127
30 762
771 20
578 715
416 358
58 187
125 106
404 553
197 878
60 424
359 78
688 974
822 288
989 960
241 216
391 443
548 307
828 628
84 87
328 160
959 216
682 779
688 675
973 452
526 550
574 390
420 325
219 1000
921 526
737 37
817 69
796 675
201 368
338 671
159 706
704 350
726 763
187 797
276 173
222 440
351 183
41 326
891 558
599 778
445 669
158 627
50 243
587 740
295 125
266 235
498 631
145 573
654 78
836 583
986 384
137 238
298 633
933 191
947 407
37 550
858 766
853 330
156 571
834 222
486 372
915 992
414 45
611 989
735 315
103 834
40 188
581 388
221 100
370 336
699 873
403 315
879 807
820 361
391 363
683 457
942 859
644 574
763 851
653 703
890 569
939 767
136 225
386 884
746 184
800 211
245 588
874 25
958 721
492 394
731 637
860 981
815 364
887 413
825 995
881 201
301 992
184 956
624 295
120 100
455 525
935 46
183 448
930 559
662 108
494 284
976 575
79 218
129 653
18 462
600 940
614 436
809 479
126 298
577 222
175 870
246 187
951 627
979 405
507 391
511 537
376 367
437 10
402 64
140 328
847 271
528 565
587 936
30 248
76 154
468 622
47 328
653 762
800 473
120 299
781 800
808 302
379 451
124 647
350 599
144 435
548 801
737 192
514 61
133 634
716 642
655 574
776 132
774 858
851 487
965 971
185 145
363 612
511 296
948 916
108 439
533 576
723 596
564 916
362 836
660 357
901 323
555 832
954 256
575 883
758 359
540 235
573 676
919 572
101 70
877 411
426 360
155 597
794 24
567 200
18 579
916 217
463 998
257 499
845 726
738 613
634 943
964 716
482 392
844 988
363 500
831 18
250 642
34 300
123 197
851 910
380 411
213 77
778 113
543 271
857 308
637 640
575 825
628 382
32 589
673 445
66 524
938 890
138 269
770 219
317 219
352 77
31 116
728 43
869 525
807 884
174 764
26 772
933 187
582 817
7 578
640 807
467 405
574 100
164 601
3 396
727 666
790 380
274 695
67 58
18 779
135 946
876 252
519 329
388 359
168 69
264 489
576 115
76 631
290 718
342 582
549 173
267 586
861 429
535 810
943 290
720 417
680 289
211 549
926 935
748 476
908 267
577 497
41 375
390 274
672 826
417 20
120 800
287 171
853 814
893 366
892 570
383 952
283 817
107 144
109 951
237 233
977 793
19 457
402 188
114 398
599 118
110 459
628 395
285 341
614 793
315 739
555 532
935 105
902 346
819 11
414 839
439 960
246 720
398 323
53 394
398 802
351 868
315 82
105 248
603 760
8 277
747 369
802 447
967 842
394 580
117 632
679 136
882 199
213 600
666 374
465 226
595 480
360 666
58 147
215 189
931 557
764 233
476 377
458 83
977 13
672 206
752 605
882 378
38 88
285 489
7 866
622 314
578 135
626 153
897 437
830 52
915 634
488 543
677 441
83 456
148 808
102 34
508 692
613 877
523 538
965 875
30 14
315 35
265 975
357 130
138 232
222 428
677 632
573 774
224 450
534 189
712 228
366 31
585 659
506 977
809 212
943 78
381 148
506 494
873 560
281 427
299 564
591 148
728 463
67 437
268 820
233 324
141 626
630 853
511 772
431 326
576 312
921 571
717 11
506 417
226 514
677 638
525 425
497 454
491 847
738 246
312 415
717 36
962 496
975 364
166 5
654 660
432 580
141 648
198 202
867 949
901 748
355 897
225 239
68 744
512 280
50 760
166 596
626 821
873 983
178 132
590 496
621 787
305 442
826 606
720 451
684 226
168 464
274 117
501 246
712 196
333 202
939 674
181 609
993 782
905 936
341 21
183 267
806 715
379 545
319 301
636 725
511 305
868 629
178 747
267 470
925 432
652 941
677 422
709 751
632 185
186 169
465 687
513 784
431 836
926 88
366 853
504 528
35 752
986 523
883 593
601 879
955 62
843 385
329 379
445 326
816 13
52 963
55 298
156 597
786 526
403 609
653 398
701 139
824 272
776 170
173 625
857 1
218 612
628 582
229 816
711 863
9 186
926 79
485 86
576 267
757 785
200 362
70 784
779 640
229 297
215 794
448 633
297 828
946 916
678 852
834 175
274 128
812 32
370 251
916 250
77 747
426 957
590 37
928 252
666 726
628 604
800 282
20 634
482 920
795 356
296 380
280 935
989 514
127 630
823 624
781 288
723 955
399 298
909 792
586 768
322 908
476 455
881 684
512 949
261 589
813 166
20 292
439 759
706 133
891 958
485 415
126 215
474 253
53 768
637 805
222 277
940 612
501 963
787 511
638 856
96 235
528 944
512 965
335 177
144 953
328 575
76 902
129 927
353 215
205 399
222 571
443 51
62 77
382 713
758 555
477 357
189 370
252 580
742 527
968 20
422 263
511 705
332 774
28 848
618 715
349 527
216 753
272 418
289 671
297 263
27 256
565 674
434 34
137 880
516 642
778 191
958 413
886 107
300 288
504 642
516 727
207 600
323 265
279 794
693 249
29 198
360 310
6 664
105 467
703 630
500 326
773 436
823 468
454 279
438 946
910 685
623 277
601 682
959 585
622 748
434 789
506 598
62 772
416 880
744 581
686 932
660 963
194 401
104 636
575 532
737 325
740 49
931 619
725 397
860 827
111 390
449 242
79 408
310 500
739 648
113 784
950 484
862 241
975 528
739 917
561 410
461 730
939 182
352 539
89 761
962 214
593 89
80 871
798 402
646 429
182 530
514 484
255 444
561 552
941 248
239 616
389 128
994 647
148 564
62 107
607 750
617 393
835 269
296 606
342 293
303 631
3 932
148 953
353 358
748 952
228 152
587 851
881 648
343 461
117 498
493 533
133 236
817 446
95 570
657 286
598 82
338 786
161 95
976 391
28 112
409 9
36 434
697 351
510 601
582 677
720 282
701 159
37 643
122 763
796 216
91 247
760 127
517 198
104 732
452 966
832 836
94 812
389 69
40 132
252 443
174 469
163 323
278 762
333 147
4 682
641 631
862 16
875 317
393 938
120 865
226 822
613 233
237 143
775 1000
47 338
188 102
991 982
31 893
616 79
775 876
855 282
872 392
835 747
295 132
615 384
769 592
376 31
251 902
996 435
458 717
232 674
84 921
809 585
13 664
211 132
1 230
971 930
407 657
312 239
35 797
533 775
683 743
8 769
570 853
45 80
439 19
642 858
621 438
987 772
187 836
215 771
509 113
233 116
368 531
614 403
241 102
364 263
878 943
1000 947
346 372
846 462
508 953
828 387
687 884
159 488
386 25
548 786
657 629
183 974
42 678
781 241
440 712
444 8
617 705
329 879
819 821
377 981
762 969
400 165
531 891
740 638
427 991
177 995
47 874
366 642
772 58
141 104
568 643
286 114
678 811
124 852
397 46
965 165
825 34
253 425
807 2
570 228
484 22
872 516
373 776
350 38
848 567
847 168
160 360
496 453
340 679
167 722
128 97
681 694
937 107
763 181
164 123
57 411
478 814
768 87
869 991
191 292
396 469
873 808
906 805
51 656
355 971
700 129
668 372
743 96
34 438
553 178
674 197
472 36
378 462
33 18
253 7
401 147
802 269
812 906
109 411
648 613
443 240
41 121
553 49
741 235
308 274
969 8
130 312
625 309
734 248
491 599
847 272
980 882
57 365
296 813
585 779
85 963
612 399
712 194
703 38
365 543
399 582
282 991
938 588
723 935
348 787
550 548
657 138
192 395
320 6
541 80
125 259
755 114
398 974
535 532
694 741
917 628
724 180
819 592
635 984
750 11
490 519
66 691
205 317
293 340
657 880
219 5
851 4
731 634
289 535
543 703
990 148
631 187
265 419
902 433
61 990
378 167
689 460
695 210
929 657
435 487
971 283
691 731
858 710
339 163
500 776
921 379
775 949
129 346
695 570
762 379
833 37
838 460
666 314
405 547
335 686
746 491
525 927
51 570
466 914
12 796
33 562
915 72
465 470
365 402
54 763
398 334
301 485
148 51
347 929
69 13
2 119
849 525
236 377
490 846
343 927
767 118
743 286
300 601
74 907
558 596
244 770
450 349
347 762
293 73
12 462
173 652
515 613
13 803
6 642
324 163
506 147
910 58
603 285
896 964
927 957
783 831
443 760
280 791
443 842
793 562
141 642
277 548
509 963
851 314
625 684
615 489
62 240
38 896
769 117
517 201
790 336
153 195
130 102
680 10
588 740
165 300
