1000 1000 1000
483 393 969702
359 397 846816
765 827 530274
397 570 692128
360 183 952187
891 844 245121
491 482 40554
417 337 847825
296 885 599856
221 899 764448
335 428 640143
48 194 742658
242 417 891470
669 864 59858
840 17 41080
63 46 566764
364 628 945947
25 948 975664
222 120 729547
262 818 481539
95 972 154014
489 684 672079
654 310 69296
164 72 273152
248 328 749983
603 448 109256
969 741 800654
72 12 426906
358 567 748132
583 295 766512
894 722 463499
889 935 188423
906 160 972340
243 943 196704
738 508 739344
703 103 235967
9 425 60438
639 384 825453
70 395 892162
927 259 290744
435 187 547282
906 689 171056
328 174 182665
321 418 595690
343 188 89198
242 41 983998
239 43 734028
68 884 428363
148 203 642417
838 783 198768
451 889 401393
159 735 240914
224 127 921378
230 161 36891
658 57 202592
994 906 947832
979 623 835209
416 351 412056
163 15 489920
714 981 477169
548 562 721836
860 328 471485
109 644 706232
719 190 663031
226 639 469074
121 266 968736
848 79 911342
345 980 795710
627 597 583811
165 598 401882
914 310 707915
653 294 32128
759 939 118469
831 137 55297
906 329 88884
659 484 975858
13 520 486111
119 451 380459
1000 566 693712
707 964 188299
428 459 738456
931 426 438705
249 796 716168
426 973 765187
402 619 654200
803 999 985641
382 20 930945
537 454 515728
456 15 46596
862 271 102762
726 98 867747
277 303 392298
443 806 163397
90 338 371850
142 528 331477
326 710 558215
123 191 705282
103 142 901474
807 938 236926
588 266 239647
334 569 979456
83 692 947784
183 538 660804
852 475 792745
196 452 568264
813 57 284243
357 508 572751
695 974 501211
892 933 505057
61 309 348442
449 162 174918
378 676 649260
365 204 681616
114 303 86963
313 768 73616
782 532 590676
510 856 600478
202 101 941111
668 136 492820
728 563 489674
685 512 969681
717 432 499132
625 527 592056
217 754 321860
234 171 124336
193 541 995737
992 428 360420
446 447 240953
340 337 662594
990 772 233317
447 39 696382
984 625 457825
50 375 170191
122 619 828727
237 686 466095
829 248 998131
930 325 94237
837 371 920038
121 17 767516
843 378 385765
893 322 780723
85 577 94985
675 158 457133
459 510 831278
376 270 363289
82 717 20023
521 5 90569
506 739 52870
882 926 763669
2 677 238855
42 93 287895
1 769 381540
356 866 849710
205 322 211280
54 484 85693
214 934 228542
667 378 127211
209 177 445033
467 489 530275
791 761 474252
31 747 385428
342 202 597673
592 204 429808
181 418 375940
447 693 371311
274 691 106983
812 876 110859
78 30 31518
713 168 942979
365 557 369146
454 359 41434
409 766 343440
582 457 834391
869 501 4665
990 324 689989
564 537 135186
35 9 401715
506 211 435323
562 171 595635
280 652 744090
656 901 318109
163 478 811287
442 83 579275
475 552 293087
963 22 523548
950 861 308132
115 418 322163
780 955 537882
869 41 417272
186 566 643897
790 728 911380
177 956 141375
995 550 329526
975 185 708269
857 467 629267
187 35 908680
965 469 449631
155 781 101528
460 978 384087
360 142 832362
618 475 55162
758 512 161103
245 101 713545
199 204 749212
872 633 450956
111 467 72810
251 499 240398
71 420 959446
111 485 825118
100 499 676544
685 730 212622
703 638 40654
262 525 518582
212 936 839528
354 834 225648
982 496 494332
244 826 414107
135 224 770042
890 521 571291
466 489 850390
191 673 427093
180 660 620491
987 663 232757
180 200 883860
808 939 402730
985 977 772275
812 242 839206
922 765 616941
428 293 878625
966 215 848777
213 874 941013
683 86 977879
443 552 233473
689 261 517925
356 213 376233
438 826 254153
515 42 934482
897 73 93980
40 691 346888
442 921 825275
292 913 170970
254 564 707590
696 754 576154
470 961 728995
334 542 223840
479 891 547067
620 802 102086
249 329 570617
717 447 251628
258 277 754896
194 377 725875
122 760 195508
379 330 934723
423 867 96862
361 263 814727
264 701 650506
422 856 368110
468 626 148282
1000 59 168299
698 232 651634
596 71 144179
193 810 990140
823 658 93764
640 735 150436
949 606 884442
684 674 880316
932 766 373177
375 826 353559
679 932 475561
221 121 855759
478 356 280563
207 246 704705
131 823 845863
130 229 984142
772 515 166487
455 860 725146
422 224 994779
963 126 807566
918 275 262605
230 282 92376
736 701 774605
158 307 267560
410 123 434364
691 80 706546
696 757 703171
291 587 965937
16 968 121227
269 636 316449
260 487 979204
48 12 574914
29 876 613280
900 901 694041
293 729 446295
701 487 893872
842 532 533091
157 858 394579
1000 764 869444
208 257 613844
941 728 822459
120 970 835142
948 774 835985
105 81 209987
589 294 464527
916 37 288424
594 798 774149
567 376 640854
810 117 439301
257 585 461553
919 435 232359
151 43 457827
146 261 396550
580 813 191639
956 660 479679
331 114 480896
900 373 862775
709 17 725778
37 512 212755
568 788 117766
207 499 607935
699 883 667928
588 430 814634
893 408 815050
843 6 606535
870 634 457953
687 237 974412
970 268 523813
310 847 665460
683 461 957027
500 308 86846
830 856 7341
935 970 33774
962 636 888150
347 826 423562
847 347 861048
661 368 81116
683 373 64945
42 222 532980
196 228 19999
832 400 108516
603 463 152041
930 423 399172
605 697 276024
334 224 145391
803 601 881400
296 460 871810
297 178 907994
214 72 959970
648 499 501267
868 388 379508
48 654 149989
930 219 903793
341 870 289058
315 516 646932
818 570 546462
65 856 512458
305 738 63953
608 418 408155
131 258 891894
698 577 890388
361 269 41482
796 184 677895
834 278 408082
102 790 106247
226 799 621587
981 245 951791
815 700 635226
82 205 577370
100 591 490612
387 800 634665
416 652 833268
599 973 711427
269 404 226866
84 464 814798
60 204 571337
330 750 521721
246 533 503574
895 787 20980
794 188 221182
196 646 689524
620 530 997991
965 201 565106
514 402 881979
210 372 221611
951 712 351402
722 769 164127
322 166 842215
29 687 789972
973 503 461608
856 322 584466
233 791 425000
275 151 360806
55 390 826983
491 522 426786
134 211 901031
546 994 711513
306 909 120750
964 25 946022
265 465 340681
763 735 356516
278 633 723013
914 998 529333
16 953 253813
923 389 507837
442 666 768050
108 456 982054
90 633 177876
515 628 99676
580 215 241852
751 461 357456
807 529 289355
145 218 900535
28 328 773866
773 173 780170
932 904 670787
803 710 117957
681 250 521476
586 71 266347
970 436 546528
490 799 198463
850 806 985040
824 106 983946
224 628 698444
884 309 703641
766 865 35733
716 308 776574
115 200 40812
984 414 991628
35 115 740058
165 182 381470
916 823 177897
932 513 736399
473 348 73831
419 861 580417
569 551 988328
313 654 337240
47 945 784514
4 96 726590
978 959 356496
301 715 16415
900 995 535602
832 616 131244
956 696 79114
655 767 331930
582 799 252926
526 722 264738
248 214 360123
798 529 484417
85 918 45998
315 318 167479
332 234 212043
272 97 491338
864 949 770312
313 179 152323
376 523 674913
870 365 817325
526 237 91923
581 432 602331
353 455 317155
294 532 909089
181 179 991319
422 211 253399
832 630 62778
31 573 722011
454 96 39706
948 732 628942
84 334 896843
24 248 106133
190 201 894435
990 794 132503
866 399 184573
320 491 887364
436 783 815865
162 908 426570
859 95 483321
22 429 45791
449 95 68516
159 368 692924
445 557 50468
833 821 680926
138 810 841066
870 350 655173
991 330 819046
759 875 45111
55 134 247058
675 501 722941
257 42 755302
801 133 611042
199 905 452643
39 44 649465
689 855 636683
213 538 162774
473 292 73317
129 306 986065
726 445 539963
986 994 454793
387 245 262174
751 429 271197
703 622 780767
951 746 52914
237 42 247509
481 621 834482
188 871 828060
659 859 162697
174 580 95697
997 729 96552
74 391 763737
821 92 504708
612 25 31514
26 855 157143
283 686 948863
861 314 694684
792 791 386934
785 104 22548
587 506 581491
656 510 840005
695 727 122476
846 465 651447
227 187 967837
798 94 556856
177 391 57156
155 882 996504
681 55 181732
990 858 290284
693 902 240836
164 705 439564
76 102 170222
743 151 406807
297 954 188659
763 951 864556
979 991 233700
488 486 45872
837 660 630040
676 705 536909
686 48 219435
816 909 959471
992 730 952379
881 991 612040
387 896 311787
222 748 762763
681 203 622113
118 711 856242
929 383 317002
322 464 790074
247 390 575060
485 354 91428
488 284 20529
209 602 606388
344 58 432792
531 861 353971
206 853 171141
891 121 102255
100 45 417206
527 664 155256
338 185 972334
663 170 553379
866 648 22132
369 498 189768
67 616 152466
812 494 543302
368 721 123225
47 713 769084
953 585 873882
634 363 741520
959 919 426668
953 790 214442
634 410 201003
270 248 216823
188 921 923509
629 726 888936
421 554 576301
600 813 767411
399 198 151290
627 496 76495
273 409 684359
272 760 332666
430 741 757314
138 197 145333
774 262 149279
547 96 122244
18 957 70805
152 346 480176
802 783 718429
33 20 655111
536 989 635960
412 119 702873
132 652 401256
578 692 851707
56 580 825012
246 27 169158
283 459 700519
939 229 802262
521 353 763408
661 485 376269
487 868 229441
428 881 460304
745 755 116305
847 83 38791
654 957 19484
205 308 778527
472 817 285952
563 701 980042
823 798 787616
715 55 992059
133 250 704419
177 58 814573
914 741 950580
87 96 409179
39 509 945410
560 1 667270
413 9 607807
270 174 441653
557 50 40034
462 697 865454
615 811 620071
912 648 11328
149 246 748428
483 640 708539
23 384 246548
613 454 375860
615 689 40902
741 238 479620
285 703 28333
274 902 980807
82 498 186392
643 866 577568
734 160 361241
504 975 633329
53 600 583623
5 434 685413
428 537 462462
276 385 141161
510 842 657820
242 430 963884
379 90 643140
839 138 544165
685 896 753694
32 237 550731
388 449 458002
383 265 773276
81 855 902354
31 318 531033
620 78 636047
530 693 987590
673 767 901377
629 272 46189
909 599 237474
897 590 480346
699 167 99505
554 953 701598
227 252 544625
353 202 984654
375 143 400105
828 337 552195
215 804 374372
507 408 10074
4 732 936753
819 183 466611
879 61 387490
77 799 660212
425 126 211854
741 298 351877
498 622 81297
109 503 776851
509 637 399242
674 408 980752
856 47 292698
420 630 648367
478 902 859945
496 594 483819
22 982 849442
504 27 510335
644 865 777908
783 524 887533
341 107 36625
167 109 297593
126 638 151536
573 992 962989
740 373 388301
338 340 261077
970 914 393639
242 196 402882
968 898 688191
343 46 69513
937 629 948509
613 158 843971
842 713 720204
324 274 385421
480 615 43931
483 774 273735
792 106 884188
658 72 634711
86 437 85159
454 571 630565
978 452 51606
439 438 624927
348 600 409864
955 291 326324
357 965 15584
154 347 403931
751 437 697349
537 223 148811
514 133 911202
354 262 278211
864 181 351462
800 380 281346
975 458 102659
269 263 697613
564 541 497521
591 169 216366
84 139 166314
476 571 680753
122 286 984045
332 727 785703
30 593 108414
245 427 845669
355 269 318050
366 99 463620
462 600 221093
535 822 32417
268 115 197142
45 254 107612
650 353 630791
929 450 867611
837 637 984272
696 85 761159
154 579 610443
130 709 763915
381 284 273815
821 519 68378
948 772 662359
65 137 267816
402 85 915699
571 637 737645
263 548 228692
621 946 202023
156 785 932585
226 268 643607
290 689 970151
909 777 338754
538 134 418243
753 452 505200
949 395 777144
416 884 880814
947 602 994373
374 676 902925
205 696 907117
869 322 316642
518 486 853624
160 690 924230
836 608 585327
883 362 341206
529 312 820706
32 14 239475
694 409 801443
25 332 105601
540 734 590346
898 751 166697
963 371 779185
870 342 350489
974 945 117559
191 372 946752
915 813 214656
65 552 889749
486 991 648241
118 652 84560
284 60 224950
121 855 617261
186 846 317118
141 45 947630
366 802 142651
493 492 837784
906 983 459557
348 159 365747
391 588 202422
652 213 147660
349 360 592046
89 513 645876
190 441 87886
973 409 931264
970 56 123103
884 314 656905
34 65 308266
391 104 309740
792 198 709183
323 544 238474
122 642 577328
761 672 271687
245 192 446549
942 243 465356
726 668 763464
682 808 672135
833 103 324264
227 370 287400
916 70 740185
233 400 927588
394 41 52800
762 892 404659
707 478 647882
438 917 109332
105 709 960675
697 967 680710
363 819 180929
22 776 272078
59 162 174169
808 883 714038
394 869 993446
385 839 430091
968 47 698727
653 879 535772
103 187 204704
918 586 839231
991 490 478294
880 2 771662
545 571 88854
789 735 844644
143 500 544877
936 427 390818
832 292 318510
379 333 395182
982 731 907377
331 808 257649
705 894 423312
840 643 837655
716 206 132587
720 633 458512
102 504 58083
219 193 731859
600 644 609761
327 37 935128
347 712 259214
876 372 722780
713 996 747930
934 98 460895
25 382 251191
920 901 403302
165 213 606493
181 713 38587
86 392 615495
943 643 731627
828 254 216690
603 759 770309
913 365 987811
129 595 947039
317 758 576991
942 820 337555
1 526 519219
483 598 878332
831 500 49964
29 806 137211
766 7 875485
189 794 989239
17 983 216798
280 366 428182
158 209 206217
719 239 110023
457 54 562302
790 705 698554
224 563 552927
326 339 647524
535 945 976914
333 815 761470
148 579 95235
195 300 937860
954 429 891489
380 70 656568
799 57 348703
179 828 10911
504 890 253299
268 175 327873
403 603 984664
975 935 848044
865 887 68878
913 911 805039
252 577 618391
892 790 857952
725 931 777977
252 318 673753
770 913 725952
579 583 463477
992 309 462972
796 83 594518
317 523 649213
865 905 98272
964 540 943964
943 748 858941
363 54 770100
463 124 670424
446 400 989858
229 938 342948
308 271 864843
50 38 612565
383 710 473300
756 194 130276
829 672 499690
595 982 984782
203 854 969914
604 508 141395
879 294 84792
423 883 10937
316 575 361178
587 662 771208
657 952 232859
575 13 614862
944 224 630395
888 249 807386
48 70 440059
248 761 445635
709 681 207652
924 482 985888
13 614 931071
195 617 854991
19 87 675229
995 9 348209
30 424 376910
918 113 597418
904 554 659243
471 228 475556
426 291 974991
871 106 516875
45 746 556759
837 20 895312
696 285 169448
823 634 197416
383 92 974120
860 774 54604
872 421 404929
948 328 506489
814 520 67299
196 114 510447
256 587 116097
172 547 464308
761 606 176849
539 391 842000
71 150 35663
432 107 188624
463 843 509944
617 67 748038
613 212 482257
310 246 78406
574 520 757536
380 190 972776
56 60 565679
605 227 718858
670 26 917134
796 7 822541
983 486 482832
771 50 266134
934 689 463115
751 141 273292
233 145 993755
105 144 547614
772 893 187294
253 175 682940
950 611 534454
717 78 341340
9 267 524
69 667 240181
140 203 130058
654 411 231876
666 820 624350
789 57 298636
738 297 213756
379 468 923728
31 237 930522
764 888 245913
919 76 307827
826 706 195764
919 471 730119
706 990 365619
891 226 353688
140 83 793770
16 887 584109
846 196 428977
220 459 563600
351 895 180199
362 294 532305
374 175 150826
809 981 343299
866 203 107938
772 529 682877
273 719 967350
442 224 597720
692 288 364627
693 513 909557
863 523 807530
829 450 666998
52 660 185904
780 732 371649
991 897 425502
329 291 703235
577 719 318769
199 48 991529
871 393 584553
157 457 567143
130 271 30604
630 366 311539
278 314 583523
176 804 877961
782 387 463481
104 35 28007
164 371
241 282
354 320
60 570
263 3
392 11
640 474
339 873
899 754
675 755
116 312
867 661
344 336
729 165
869 599
970 502
367 20
490 767
524 402
8 883
504 862
544 585
40 751
582 949
434 735
296 884
650 438
68 979
998 487
845 528
538 336
73 734
931 237
989 452
855 733
470 830
50 242
712 329
441 100
130 490
770 326
55 598
450 909
230 378
188 624
970 948
159 722
17 536
392 440
872 122
947 49
892 977
5 119
74 737
132 594
791 184
44 421
551 185
882 710
745 802
828 793
112 185
702 708
506 618
454 444
404 562
648 525
91 78
897 989
52 579
423 721
860 190
782 437
496 469
115 335
389 987
860 676
879 119
638 336
44 765
332 593
514 642
237 211
372 419
550 589
640 366
475 129
779 406
273 599
338 898
262 370
106 845
238 959
351 542
758 621
96 745
412 431
688 395
604 266
701 418
884 829
189 793
800 794
443 999
261 881
717 936
569 221
456 88
256 516
656 334
928 450
4 663
597 974
431 862
316 98
448 49
267 286
986 438
838 181
403 137
43 164
912 942
878 338
574 940
284 490
514 992
387 505
761 725
839 933
952 545
901 707
763 362
251 432
769 707
477 424
365 659
801 649
613 206
875 775
902 929
168 872
109 490
302 953
551 780
633 86
657 422
855 445
184 259
828 555
824 986
109 132
872 767
392 398
163 655
489 485
623 167
742 816
258 605
91 961
71 340
717 352
819 251
146 272
173 390
222 95
713 466
223 337
260 764
248 204
314 417
305 469
905 246
772 520
799 481
305 411
87 534
314 979
799 321
462 764
268 545
25 476
955 346
521 767
808 522
554 252
394 700
249 141
812 6
556 386
981 526
175 950
464 976
160 463
987 417
979 841
651 654
245 810
501 988
636 607
254 392
532 812
99 456
139 727
432 615
708 244
356 124
47 738
362 427
31 723
328 865
65 471
372 459
962 769
425 447
520 175
557 856
495 533
533 189
621 529
573 265
638 16
60 299
319 230
693 191
270 609
423 986
696 430
205 242
728 713
293 490
221 152
772 433
212 191
463 723
816 597
99 156
721 876
989 403
393 732
106 45
31 976
286 397
983 518
936 657
247 298
971 391
771 282
709 339
977 683
451 569
853 473
810 728
68 914
487 436
436 971
663 899
209 528
806 136
784 15
859 410
679 940
121 700
650 949
591 237
39 287
112 729
442 302
722 629
81 441
682 687
87 746
333 618
124 697
208 557
858 529
183 283
872 623
857 347
339 913
874 185
886 420
822 458
777 29
91 195
366 64
286 498
780 955
68 402
167 618
826 610
581 787
45 798
666 11
882 707
196 519
893 126
223 139
773 740
872 260
549 162
909 465
27 926
890 245
908 956
564 357
117 24
825 535
491 817
685 376
459 811
550 285
50 684
136 762
637 815
560 637
200 202
644 898
417 283
328 63
958 558
202 57
834 464
726 404
323 102
521 46
726 925
177 732
216 866
618 970
277 715
314 646
412 403
85 757
664 33
528 227
280 593
561 606
999 512
868 714
571 691
454 477
585 952
613 612
70 482
589 4
95 96
252 97
785 453
302 184
153 528
761 760
107 725
9 396
390 809
603 529
133 58
420 141
790 819
650 357
838 995
146 478
18 525
352 724
311 312
913 253
146 528
418 821
495 130
73 410
277 588
267 713
79 913
131 687
980 816
753 568
927 308
207 609
966 852
420 992
390 724
372 314
628 513
301 404
157 713
59 130
549 271
876 906
787 50
579 569
234 557
912 403
585 303
909 70
787 876
153 574
558 545
73 873
639 452
713 164
43 168
966 235
551 916
413 476
15 523
844 556
482 596
232 671
19 931
461 275
713 301
496 276
303 23
254 873
443 639
629 852
202 712
130 5
865 313
40 47
509 702
966 704
282 764
153 44
279 24
637 689
991 623
759 716
897 326
917 97
288 587
435 38
386 569
326 200
212 783
292 923
491 881
441 173
572 724
531 186
300 293
854 264
823 882
496 748
412 78
340 971
686 472
794 489
627 532
44 3
617 159
361 216
195 806
502 363
167 30
910 705
17 276
544 129
16 574
337 742
40 503
965 245
117 342
297 868
286 527
227 776
902 183
95 990
379 555
995 130
882 536
850 906
184 212
988 410
482 275
931 320
397 745
902 249
245 949
898 785
905 243
243 814
84 272
62 389
5 554
9 330
79 820
672 787
128 957
640 596
885 160
135 916
923 860
569 173
814 757
292 367
965 784
475 717
44 827
902 29
55 817
768 115
788 353
886 829
768 710
173 992
881 175
107 56
26 240
380 355
536 814
102 365
250 927
29 109
172 910
495 678
826 562
176 789
579 374
677 544
754 377
916 604
261 447
345 61
738 733
177 425
212 321
42 421
616 766
16 101
573 354
785 607
727 427
641 960
2 85
597 212
965 645
75 249
235 968
175 716
315 899
279 857
832 196
486 750
456 470
612 151
520 720
276 242
844 814
635 348
275 709
374 466
745 418
723 496
442 994
870 723
308 906
693 282
853 472
996 120
832 911
577 962
475 302
111 598
467 1
238 745
653 277
760 320
973 151
404 55
34 893
711 140
647 970
805 747
123 701
523 642
321 978
262 54
111 910
732 379
498 78
410 447
815 383
819 895
243 198
831 751
283 457
488 133
883 939
85 662
362 523
10 662
859 141
589 555
709 926
642 737
147 315
295 526
75 537
600 407
170 214
138 960
45 53
787 352
400 437
111 489
698 450
275 307
503 161
717 617
251 791
193 560
44 66
877 830
319 269
677 256
601 775
998 155
63 371
446 747
534 312
185 166
715 146
653 296
843 486
750 447
834 970
41 296
847 969
452 343
821 394
691 402
186 432
579 678
531 522
922 407
469 124
261 91
101 3
223 711
520 189
415 327
683 421
794 297
730 930
508 321
700 519
114 38
148 883
650 666
360 890
792 981
525 353
969 122
528 213
835 175
678 588
834 872
884 9
60 19
527 939
925 621
427 598
298 474
455 7
849 32
238 859
134 515
902 391
991 929
988 185
640 935
997 852
198 410
670 199
335 606
484 542
807 345
412 870
275 71
434 468
105 286
437 549
326 539
352 742
269 562
449 661
509 353
614 229
667 525
770 925
379 690
459 761
626 14
357 38
886 661
959 201
267 653
645 328
678 915
827 518
525 420
72 986
564 484
391 880
305 872
862 709
608 303
362 678
670 260
600 448
185 348
5 536
557 702
797 36
79 37
639 591
901 622
415 352
188 575
737 995
615 589
355 693
69 909
338 699
635 315
436 394
13 21
331 216
128 63
407 320
666 47
244 545
279 50
151 207
612 628
636 631
951 563
130 326
620 84
948 434
57 115
960 950
354 990
323 857
380 377
562 726
997 658
650 356
441 414
208 23
830 290
832 828
328 450
857 257
804 140
790 545
192 332
942 915
576 936
292 122
914 333
878 125
994 775
993 896
837 684
986 400
201 936
382 499
530 170
313 332
357 964
426 114
136 38
188 576
815 483
518 493
24 817
611 357
959 940
329 621
697 722
909 698
764 872
228 466
292 434
371 488
463 46
894 987
145 609
228 791
231 655
768 473
895 814
473 230
781 595
906 971
695 586
977 646
73 625
387 250
616 508
501 654
482 89
356 974
219 421
180 254
841 612
268 310
647 28
832 816
85 42
900 194
749 610
278 642
903 106
403 19
93 871
232 372
934 5
978 521
430 82
606 895
715 555
977 731
73 140
431 859
693 987
783 258
901 740
140 663
45 309
276 430
699 611
213 155
347 362
578 102
554 640
825 641
262 914
550 498
723 348
968 215
975 812
651 467
598 279
459 373
85 33
855 73
98 472
170 84
393 704
82 283
471 703
700 835
530 794
189 810
566 669
114 995
65 134
992 613
519 946
243 948
245 413
834 413
601 493
800 717
128 703
220 74
549 855
25 695
647 899
357 939
747 808
933 449
108 322
886 824
978 727
940 740
623 459
414 658
570 28
592 40
335 71
366 169
444 864
718 460
149 757
46 468
88 675
329 768
521 22
5 276
461 20
295 245
426 810
651 457
172 428
960 91
72 624
666 114
380 666
677 393
828 905
935 519
38 407
278 248
430 980
541 729
178 899
458 31
789 906
170 384
111 541
289 447
74 994
438 379
637 941
829 800
837 989
514 699
405 725
299 73
133 122
254 959
983 154
934 755
802 946
953 496
746 807
76 949
701 293
219 597
663 746
917 887
510 722
966 256
862 859
706 275
92 698
280 902
958 43
819 247
984 468
273 449
191 681
703 51
937 905
778 785
330 447
655 544
440 992
426 485
71 946
986 422
972 426
619 262
829 932
345 268
670 79
546 196
125 725
827 2
358 814
881 525
470 933
585 938
251 535
680 116
873 331
283 17
598 787
167 191
814 943
680 274
550 706
204 951
388 610
185 579
212 580
18 299
203 780
629 12
695 511
703 740
589 476
253 94
504 958
147 393
199 3
272 377
95 207
1000 307
804 368
471 780
531 530
627 913
305 220
66 408
92 761
567 300
