1000 1000 1000
354 384 93119
423 436 594313
576 317 691604
560 470 606232
830 130 467107
413 783 680437
926 385 652508
565 820 770128
601 871 147793
168 717 577152
219 510 118780
990 102 797887
547 85 850680
543 575 955818
181 364 378053
586 347 554947
770 667 95238
329 843 482929
948 603 315525
201 826 847613
61 441 643692
709 568 917589
407 104 714123
258 209 247562
195 341 797014
10 205 217748
244 915 928486
802 712 862795
867 463 541558
518 337 354861
35 459 713637
515 405 811101
540 556 155257
82 11 100256
611 182 595864
329 336 503776
518 542 153422
427 443 377963
138 733 340556
925 456 233139
222 834 393253
689 647 913293
887 701 711186
413 275 471732
501 503 672941
707 669 815302
59 951 751224
257 57 936708
113 964 105365
704 934 608980
507 200 346701
535 961 347521
817 329 890571
879 728 840951
247 24 327328
999 193 496393
412 396 463935
343 51 50477
973 742 798592
846 489 222717
937 381 596703
935 212 923894
101 121 850620
630 943 404602
880 634 601435
213 803 768656
782 408 21348
619 44 232416
766 506 683874
106 32 818234
950 794 411398
822 844 48462
964 157 721058
555 161 558131
133 270 116784
854 689 629091
152 801 908043
480 61 741371
249 858 870259
913 360 854526
761 646 338956
656 883 579281
859 455 401117
158 361 158078
518 714 490515
250 906 388339
392 658 411518
532 666 811969
759 620 406672
197 481 414496
711 411 279075
315 323 948648
665 68 483442
56 536 232919
896 857 531997
98 403 837456
61 64 222567
642 540 486232
922 747 324665
335 584 728026
128 104 744415
514 958 886626
179 832 276296
89 298 136931
971 722 427912
526 460 723442
475 727 592664
183 32 196171
316 109 950867
630 517 992202
417 575 840440
505 520 889137
930 321 199148
338 216 925286
563 158 985847
478 426 70388
212 508 136325
679 973 230471
873 901 622373
467 228 839346
218 126 101963
837 649 785451
978 481 234895
865 399 251084
977 349 791982
691 837 23954
748 674 670342
135 943 471776
722 80 51612
688 70 19450
951 615 553816
507 86 354188
67 183 157509
914 333 350947
514 95 856084
492 129 811504
995 728 82008
858 208 158027
203 33 334089
938 88 779691
489 130 28227
429 982 406769
226 412 904902
179 433 573405
988 253 185974
764 191 301524
205 775 617306
894 276 924707
764 415 684511
820 792 892085
532 416 756565
915 856 635868
734 960 161966
277 258 551440
822 424 269892
88 459 798121
323 822 506066
750 739 596262
425 460 167480
757 501 358248
321 216 838650
38 857 942197
661 476 564031
656 340 151863
231 606 513300
836 141 768637
977 224 473256
320 377 759415
228 926 617936
303 950 628348
419 501 509314
285 648 975365
447 656 561116
165 145 937329
595 554 143069
421 115 972929
711 378 261224
983 502 651932
616 544 393926
192 607 841290
756 979 142051
602 693 50875
864 469 493070
316 516 726271
108 587 846331
895 940 406414
131 600 86338
656 64 326207
605 192 666784
659 881 499027
159 279 26227
396 427 132201
224 314 713473
742 21 915785
684 618 243375
22 4 653916
843 767 843468
23 455 607024
977 385 514566
678 377 771702
486 662 591857
29 244 701318
245 649 507717
146 874 817432
222 639 459294
398 892 730122
574 426 814588
777 790 773599
108 792 553475
747 343 146172
907 251 863611
3 619 127659
149 264 285007
250 450 231450
13 99 905680
982 41 46363
698 839 622385
161 30 77284
905 688 991754
89 94 577166
113 572 653975
984 657 280216
294 731 842168
916 643 150179
785 852 153008
879 170 876022
701 809 826857
69 924 569529
929 240 471725
467 921 358012
3 883 337900
828 155 276079
873 311 585723
52 243 996009
687 126 344401
519 125 700771
990 911 54921
376 209 357628
521 442 460517
910 594 733686
689 447 821000
648 528 575158
704 758 245049
318 544 244229
303 39 225509
90 273 354771
195 297 170843
977 111 426928
945 701 991503
612 482 708884
968 362 550426
67 542 51159
349 712 120694
655 794 924855
14 200 164677
221 707 848215
691 160 777545
912 632 710972
534 746 724523
742 982 738896
392 915 786231
15 28 564001
669 422 884700
811 462 491168
204 385 673390
468 651 651813
707 868 295397
870 153 771560
687 192 639006
52 902 917000
382 932 56343
491 815 506374
143 527 895797
230 107 180936
774 763 668096
99 70 21720
619 382 747683
283 345 8228
729 361 193007
356 366 917183
154 603 800855
201 439 503644
400 397 385267
886 382 47384
139 789 349887
486 460 973999
639 158 865435
543 956 453059
981 812 483339
763 863 856602
368 851 389879
671 89 364255
616 671 842986
717 432 434079
360 242 27988
204 313 37323
81 643 320842
20 677 693370
919 156 964675
229 830 158438
497 449 719899
456 516 924588
459 574 22866
354 973 37006
566 144 656459
302 662 625971
580 72 947024
73 765 468388
239 166 585290
37 825 273935
385 322 940748
849 958 719366
715 818 461639
950 621 10686
673 865 978773
106 23 605650
537 468 254129
439 815 580863
130 365 750522
538 927 818664
929 146 586102
95 167 715922
763 341 145483
497 460 292775
856 371 763718
148 21 751157
124 831 638038
677 398 101742
839 711 224847
486 79 369448
428 148 950633
518 891 814940
452 316 450625
701 796 737129
330 874 513237
409 148 187792
534 34 273739
438 851 313528
252 487 34152
720 885 343913
764 767 529435
233 3 499026
258 771 914162
871 616 75462
957 970 894753
637 35 383161
282 653 389632
215 954 687685
849 427 953739
80 667 375145
181 909 701091
815 378 180102
677 824 270218
131 384 862819
311 272 451752
972 385 516265
170 657 178314
588 715 628709
986 757 402144
207 492 393611
670 332 931965
617 402 891887
123 485 116697
79 370 39052
928 752 768464
3 36 652543
706 94 746146
282 795 879435
247 917 328371
783 800 389717
917 958 712330
327 710 954343
490 961 619796
813 406 273583
380 446 726817
526 274 978623
793 211 776547
988 339 912140
997 155 544244
949 85 632369
225 539 78671
411 848 873388
369 325 837524
700 239 417246
859 752 336454
369 218 910733
205 572 317071
832 358 519843
445 583 489848
693 466 946606
864 101 690548
595 714 559072
934 745 759252
725 414 268943
946 544 881106
593 842 548021
213 253 439816
698 253 695471
162 211 955256
100 524 515135
329 169 6276
689 519 249547
487 231 297205
976 680 437790
962 284 59959
122 665 709924
87 346 814489
670 877 34161
5 942 947215
20 300 760185
297 730 330673
260 57 721366
491 789 291452
215 798 197320
790 639 862094
642 204 692654
442 392 114028
351 517 827024
307 273 443582
318 77 489367
969 639 352783
406 298 599760
647 525 512976
439 858 792303
967 200 721748
130 164 33416
979 627 868179
797 195 392470
451 707 721769
586 560 850935
820 34 45015
734 150 982892
52 934 879935
212 270 483227
833 537 94825
242 179 294350
810 800 583682
265 62 437747
138 910 798874
383 193 806364
587 329 206052
254 542 144702
478 650 314551
268 591 133557
869 839 881873
235 300 596924
316 778 299473
185 907 214135
265 970 693307
847 761 548844
362 255 944822
476 372 714499
821 480 597775
105 988 339531
56 590 288758
12 395 45495
729 224 449405
624 738 700570
548 143 761054
393 893 830705
218 378 745396
83 963 747480
246 105 765438
498 617 799249
17 324 394658
872 663 872259
197 995 16614
516 784 274039
699 157 667767
896 435 893082
719 420 752484
913 454 449728
689 277 84513
832 360 259741
364 203 948103
637 277 780236
337 746 448336
273 364 887946
939 350 988510
281 98 257786
330 596 551027
792 14 293600
978 622 796280
707 349 471336
563 865 121080
661 854 940639
777 384 332388
787 36 963575
708 641 862927
687 833 31302
799 636 779826
447 255 580037
234 169 913831
901 464 878354
978 906 407727
790 701 553136
430 131 606638
293 856 990468
714 15 137644
88 965 152984
453 203 440788
672 18 28059
237 763 120695
627 989 770333
856 98 383240
468 404 371796
619 164 609887
615 212 437468
813 175 965048
679 149 489841
51 963 850099
514 99 647349
484 776 710548
793 172 182894
243 854 524034
859 870 462151
442 132 978826
218 929 645004
611 819 564636
762 511 145009
111 554 768586
103 73 307146
570 651 536526
621 275 472465
219 706 550915
416 245 743653
302 139 771049
308 626 527240
652 427 73379
356 107 120799
895 779 626107
477 715 978995
25 642 363162
489 722 794996
188 258 588115
959 476 406195
921 905 36887
912 353 135269
931 887 551360
450 381 345829
491 636 370505
455 607 580272
244 505 537297
76 324 963561
694 708 681565
76 571 660821
869 119 313878
141 553 904158
18 55 712133
839 277 363922
191 575 485468
314 803 48867
780 869 424558
816 555 608807
358 18 162420
349 368 669335
765 716 510664
828 411 384338
428 421 975788
290 64 376153
451 852 650050
899 870 166290
862 49 523091
107 442 599239
733 610 911754
148 66 154407
84 11 970360
932 492 59650
834 824 296656
741 15 994255
588 787 489834
646 878 554599
593 130 849282
911 178 168905
622 64 574776
343 446 52182
522 953 311056
808 923 90837
529 473 366834
495 749 491503
594 732 950761
694 290 526385
619 725 933990
100 815 555023
826 217 968955
834 181 1949
4 770 736866
685 214 881046
176 279 754742
657 811 414039
898 601 47927
314 871 325346
43 438 295881
75 755 136606
406 807 498035
609 146 281492
666 740 303906
895 124 364466
940 301 316710
482 381 174730
660 368 363697
444 381 521233
174 664 515485
531 128 936674
793 338 192421
521 686 932027
641 128 817833
659 498 810813
158 688 82796
12 276 320046
853 36 676055
706 961 153272
300 585 719414
22 528 293737
568 467 645048
182 469 632179
641 621 23409
132 936 794028
866 291 447066
751 509 204749
564 803 459598
199 787 10357
722 645 421964
787 183 93477
292 985 923449
380 912 788676
398 567 302429
657 123 234906
312 982 323812
507 199 731415
638 319 722845
249 47 961931
16 937 941500
419 477 313389
193 854 337497
273 379 990934
609 786 21617
995 315 306950
565 697 557538
416 310 553628
532 943 853425
282 22 502880
202 760 419270
926 343 348474
303 824 534572
575 447 262970
311 554 691284
194 788 772177
737 683 385873
160 668 435924
466 366 849115
345 149 592702
785 224 884814
102 532 714412
267 947 373994
372 832 922465
694 868 687187
982 679 431298
280 575 791504
498 461 709529
264 337 261134
825 122 773012
529 211 167005
257 899 307909
340 51 481007
364 462 419809
949 548 29662
1000 760 49348
771 315 603365
519 680 696681
354 899 318564
806 452 757684
235 272 347039
33 401 550635
640 413 612989
539 909 279414
547 448 1547
257 47 919268
126 258 960696
862 11 507943
210 970 776281
109 50 226901
874 361 799652
373 493 158376
703 821 538743
686 959 526205
772 705 154065
775 706 789142
217 729 610453
977 206 732569
939 137 182604
683 104 619345
712 125 948002
119 247 53546
973 87 963494
121 623 697784
794 519 950860
701 568 470511
322 476 383084
760 749 47786
933 902 809283
819 263 311718
800 102 867375
806 714 648326
714 265 897078
336 757 438862
759 859 710717
394 653 140202
935 40 339027
811 336 479847
510 395 477926
51 724 663223
532 994 870986
931 888 949871
204 93 950455
105 951 482378
182 788 82569
919 154 551142
31 56 584704
650 821 532356
550 135 194688
598 695 1418
862 563 912977
590 244 2818
633 978 802526
294 956 711130
546 117 959416
627 508 986724
648 707 989138
608 722 409494
520 909 179268
105 379 679049
209 257 373130
481 887 612540
959 193 301060
574 58 524880
131 228 245365
249 946 879307
200 674 331527
161 485 633112
69 250 861188
999 379 776771
576 693 598300
818 270 583871
791 306 41764
394 383 783842
966 291 916307
647 754 258918
766 468 372996
769 767 7720
2 249 981497
663 953 249258
131 174 407253
723 64 961875
307 879 619231
706 793 813484
83 640 61060
310 771 495842
48 60 518163
806 442 957769
991 600 135616
155 718 615317
55 759 774820
899 667 42785
461 469 240249
935 920 308266
215 766 121121
247 226 782291
781 271 964510
139 832 137121
529 858 445401
65 655 460350
908 28 286814
676 390 124344
250 256 991324
665 241 159233
618 644 39911
514 535 799982
354 753 818871
357 966 875963
775 981 150569
92 676 25923
543 130 844667
173 558 924874
753 622 346450
481 331 777973
137 163 414966
975 567 332879
143 719 803026
680 355 223236
622 147 294263
458 129 683239
808 166 795928
455 403 783278
47 721 766861
454 635 323634
411 787 812498
879 2 472754
344 52 189575
633 659 930127
175 740 950704
389 87 480144
923 211 536052
250 170 396637
36 152 648737
586 194 80006
925 877 890660
809 68 993211
79 791 341075
827 441 701907
862 592 77669
533 627 891016
89 311 296438
8 354 919991
732 37 747910
179 500 439075
120 823 746040
776 670 76913
279 321 397206
492 750 449067
595 415 6537
162 739 465918
886 276 883428
351 577 890046
409 613 161688
701 73 856287
984 765 808511
314 852 94076
665 673 76180
991 189 808275
627 755 104886
988 510 275845
531 857 840619
665 207 408472
590 925 555673
565 437 627830
148 909 535821
56 151 208109
633 498 355126
555 273 256687
965 546 800360
141 75 642642
339 336 434587
517 696 238543
36 170 108652
469 274 666821
219 464 344409
923 762 895733
456 793 711368
424 971 450245
759 359 672510
3 534 454463
928 728 848042
669 325 667922
527 990 706458
389 67 303822
99 654 944514
83 607 61098
785 706 263162
551 823 332288
361 240 474046
369 385 500621
190 939 576239
600 505 632435
407 304 764175
726 384 913977
562 128 739398
880 434 686791
614 394 295201
64 157 784621
903 544 37776
461 199 481179
12 591 322406
592 790 291817
498 698 438875
926 551 202831
104 38 32459
587 210 185899
338 156 811830
507 906 771775
361 468 719168
801 928 501874
56 55 280752
443 255 73229
742 642 159475
785 96 676350
641 432 223897
51 333 724951
199 983 685524
531 463 60366
492 384 510718
845 114 826684
905 393 63570
299 798 582751
922 436 443760
765 902 308698
709 407 819739
939 42 384754
632 84 949373
892 887 315474
209 401 444639
473 308 349254
333 959 688820
520 789 265089
4 869 132557
572 490 29209
137 908 825572
777 143 928775
5 130 953363
970 243 429482
723 922 264988
85 19 310403
131 752 366625
707 911 305721
826 607 947307
603 161 629204
502 661 819430
863 723 323204
868 300 330593
603 992 313625
107 377 819280
867 520 232522
296 503 834059
380 894 160561
819 858 280591
63 987 949515
815 102 319674
659 27 933115
884 392 344977
322 789 273029
790 809 759356
833 126 441557
389 936 282054
211 676 604344
612 103 591008
549 797 592159
301 612 602525
905 783 944994
898 687 762869
916 760 505273
435 40 333060
538 790 422210
237 104 686219
496 605 914752
22 85 653803
887 278 401432
828 161 997423
933 708 671636
438 554 603905
757 256 963810
135 353 600370
764 740 232276
473 828 549364
60 329 368800
373 726 330273
172 164 784927
413 460 69236
644 418 457552
429 977 68749
706 410 692884
291 729 196400
818 825 998321
933 663 919492
191 101 123729
905 321 993366
606 533 840899
941 792 413846
186 390 786231
815 899 919574
470 286 876804
611 556 253456
897 618 14307
594 927 229087
619 497 188851
799 696 440386
355 576 956470
755 867 202335
715 919 790480
1000 492 454396
304 832 23053
223 839 85318
316 893 290906
124 182 146764
190 457 933320
303 321 698370
279 988 163150
387 23 290433
68 610 740806
673 40 148163
361 834 97517
108 13 118698
370 321 611430
516 788 188280
954 526 512886
157 654 616982
311 942 869063
223 675 708495
913 888 519399
414 195 843348
352 63 911560
298 36
128 53
605 159
526 401
603 334
956 991
890 527
570 237
694 174
555 800
995 512
812 853
680 826
491 88
96 522
373 727
890 820
878 759
329 805
867 61
116 874
178 93
855 913
224 917
542 766
801 10
512 542
978 361
777 246
553 726
989 268
235 128
715 444
500 306
991 851
306 401
638 887
217 596
956 996
478 886
984 351
751 149
598 653
113 678
587 212
1000 694
300 960
562 585
373 662
11 781
165 491
857 559
648 565
960 268
859 512
150 856
491 513
703 873
69 165
641 300
902 322
16 998
915 700
354 948
481 776
428 978
413 948
785 454
604 572
953 613
91 653
743 427
311 300
464 791
725 103
506 812
418 833
466 647
323 202
963 359
45 540
397 575
469 958
891 598
760 427
338 447
35 699
312 879
555 296
770 61
286 889
516 996
895 650
796 10
388 752
950 356
538 192
463 982
358 80
573 510
134 332
253 881
5 322
299 116
689 941
197 28
48 484
39 341
437 675
391 965
294 743
977 649
705 270
947 102
793 60
953 96
116 742
425 973
904 10
927 506
240 875
209 660
970 992
67 719
404 197
235 594
753 312
797 40
56 661
215 798
476 961
725 483
756 577
509 370
667 778
28 225
528 762
814 733
390 445
880 371
828 73
1000 127
894 721
170 575
736 396
396 504
345 318
803 751
100 661
891 48
32 700
265 601
793 898
315 191
499 852
774 903
941 477
318 885
659 156
409 424
321 829
107 243
870 669
353 363
774 626
841 455
878 335
480 26
666 283
474 82
57 971
925 684
831 434
437 925
33 79
216 409
668 694
778 566
453 213
41 265
336 391
49 583
836 779
608 644
269 781
514 54
952 99
117 706
466 1
557 69
776 244
440 164
55 281
866 427
620 565
337 816
292 374
570 104
468 656
321 215
241 57
883 676
688 36
998 26
390 504
894 791
632 385
1 55
563 964
540 161
628 455
787 288
785 894
771 298
373 350
946 475
494 485
981 138
241 182
304 58
611 144
816 137
617 184
220 244
473 57
214 63
638 450
845 48
110 551
430 253
942 301
125 616
700 122
840 297
675 418
203 803
177 210
676 332
196 703
191 385
15 7
377 31
184 134
137 26
85 505
353 840
649 693
601 942
58 824
276 321
646 726
391 725
16 580
240 601
559 231
707 112
470 701
38 255
420 954
325 165
84 35
806 133
373 422
829 677
930 887
344 810
650 963
220 465
952 679
317 542
539 137
792 815
542 77
227 537
360 784
91 57
813 63
804 795
377 296
683 173
971 167
46 572
279 929
690 205
553 300
299 636
632 163
894 376
784 381
330 404
541 247
241 222
214 116
106 322
559 899
354 150
493 944
405 719
453 480
193 522
227 857
258 884
534 183
174 185
266 63
865 599
620 678
673 11
121 410
98 594
118 895
834 800
240 18
101 620
571 785
153 409
110 631
858 804
549 947
350 164
165 801
809 212
347 703
305 874
228 137
963 875
549 676
178 699
651 709
246 89
355 706
922 320
186 247
11 398
678 977
199 327
754 133
371 978
668 929
131 418
945 409
796 957
686 106
412 47
944 281
8 343
156 860
508 96
591 671
501 184
383 207
993 860
663 90
733 344
661 835
893 163
198 753
591 872
656 417
359 420
190 94
283 486
646 103
815 673
670 736
16 387
441 983
397 25
109 511
48 376
928 607
321 636
557 139
946 67
898 969
451 106
901 932
326 70
177 27
299 428
533 323
260 128
76 975
857 600
220 870
181 321
83 844
653 423
516 278
727 264
30 826
703 185
605 795
683 863
125 41
136 367
109 846
978 77
552 736
238 183
37 325
922 570
991 265
51 667
13 602
501 382
595 836
173 41
117 843
217 281
762 583
278 899
990 858
304 780
349 139
404 960
158 126
928 701
69 384
713 280
919 775
667 453
208 567
372 138
423 957
976 181
504 518
229 680
152 463
367 859
716 646
228 793
376 271
264 160
323 120
568 805
33 213
555 485
311 474
107 108
378 63
272 449
903 62
845 903
275 286
615 859
27 235
92 564
588 682
440 37
347 225
289 772
533 779
883 646
143 663
812 383
806 74
497 694
103 367
862 46
431 461
56 837
59 928
429 951
344 878
761 491
475 770
250 468
369 27
613 560
103 621
694 491
82 582
234 564
816 129
424 710
692 765
994 255
12 591
487 268
333 474
252 401
612 757
613 717
447 124
416 131
217 436
401 464
360 171
181 251
890 381
91 287
34 423
989 738
798 966
810 113
836 1000
503 721
775 825
832 630
717 230
515 863
324 348
684 150
911 833
273 619
468 57
558 642
417 625
481 879
361 47
159 368
339 398
163 666
682 981
85 193
645 457
544 395
367 565
729 101
55 408
206 84
216 622
67 525
25 772
886 476
302 16
868 799
179 550
833 579
343 627
186 885
693 324
37 113
700 359
423 982
120 256
140 398
669 604
113 89
370 809
469 243
115 130
346 432
700 222
823 798
908 514
209 58
639 793
148 120
346 818
470 871
921 145
211 898
555 947
264 494
612 430
4 338
417 638
665 169
367 16
431 754
723 329
584 679
145 151
588 440
992 686
733 753
60 587
115 750
370 700
944 541
199 468
708 714
224 922
18 508
922 259
343 310
682 914
905 974
917 462
700 601
792 611
334 412
696 998
939 427
618 125
433 236
379 292
309 188
120 216
675 975
750 158
192 628
506 308
234 574
746 630
646 331
985 129
960 728
181 106
101 849
699 951
643 900
936 132
895 278
409 534
821 948
692 27
787 234
596 463
365 263
927 239
48 326
842 304
683 717
275 455
680 552
621 386
550 309
910 461
978 762
692 174
96 865
954 824
190 618
366 618
504 336
214 80
476 778
141 168
990 179
33 470
380 88
736 846
490 456
325 496
382 294
287 454
476 208
169 495
378 107
618 247
693 403
693 851
881 855
673 745
75 594
729 605
305 689
132 852
831 363
221 859
59 955
171 272
498 111
345 110
16 84
998 429
538 31
302 551
206 828
349 611
481 970
522 285
495 660
153 466
85 367
398 343
689 138
816 650
504 792
379 655
654 815
291 771
537 324
15 220
677 939
787 94
535 163
676 86
742 903
479 193
316 317
992 781
336 817
22 790
503 153
133 713
13 259
218 67
272 850
682 874
156 251
258 690
423 901
255 696
301 355
541 273
500 227
835 987
921 697
933 138
383 572
184 659
478 279
817 796
129 40
845 505
413 956
433 119
592 240
922 907
790 160
789 530
989 938
255 866
346 947
158 455
729 87
533 999
639 885
338 861
170 736
10 168
279 622
938 989
2 540
855 183
984 662
742 917
295 466
660 723
812 845
143 670
795 364
178 27
553 956
315 872
645 753
31 297
489 737
708 747
804 529
293 708
931 437
352 784
618 12
899 476
199 801
809 125
158 962
560 457
461 251
30 964
752 331
14 675
501 493
582 123
72 519
692 514
287 189
27 620
990 566
834 718
51 29
732 78
122 496
823 375
409 4
233 505
909 325
317 974
657 906
50 828
349 54
627 825
476 606
239 833
635 905
354 530
184 266
312 127
968 424
368 863
151 869
341 574
346 249
86 26
759 215
391 886
971 6
804 241
74 505
572 807
361 469
51 238
302 289
485 570
518 576
25 816
333 432
811 989
96 246
744 990
382 358
140 97
49 591
166 610
376 4
322 935
632 707
389 67
597 40
788 533
45 226
803 833
4 372
289 653
944 820
674 324
461 958
811 421
353 41
289 996
960 976
809 999
368 161
976 154
85 121
171 538
205 92
535 420
373 504
353 805
344 394
86 83
110 567
211 434
514 172
149 207
481 613
129 728
593 872
804 617
390 50
611 487
46 856
595 855
86 974
817 39
778 138
834 923
783 353
715 40
347 176
313 996
107 411
298 890
563 744
329 473
569 756
692 157
777 820
376 300
584 669
778 898
364 659
360 748
490 772
461 135
78 325
791 289
678 234
588 861
918 546
223 667
172 496
918 253
84 242
671 802
972 292
237 77
616 245
790 446
934 928
104 39
18 291
998 847
474 778
86 786
538 332
358 509
680 956
745 261
104 816
646 616
856 909
336 922
164 855
974 96
690 485
339 704
431 802
406 774
855 356
746 951
255 871
430 536
949 673
198 367
709 24
726 744
285 694
13 672
522 483
526 604
960 763
280 690
900 714
135 766
140 670
135 733
189 43
583 692
739 280
819 609
236 72
95 624
844 977
266 398
632 368
336 913
358 121
694 61
547 699
904 903
875 305
237 652
332 449
153 570
546 39
649 461
315 130
154 282
435 373
33 718
424 326
890 375
590 457
876 969
867 901
131 857
435 469
804 716
364 727
548 416
66 24
440 273
795 908
469 140
731 169
680 599
672 124
286 878
615 274
652 862
20 376
599 404
924 714
180 430
573 934
944 935
43 985
688 911
124 496
257 224
973 759
320 921
802 876
306 381
32 396
957 228
669 148
404 424
750 544
597 768
983 166
709 408
877 707
993 981
799 644
287 565
407 150
170 859
380 301
656 126
387 551
638 211
592 721
