1000 1000 1000
290 215 205790
717 612 192938
200 619 653374
135 896 824537
724 674 652412
139 580 234047
367 951 101682
700 463 920057
188 909 780450
630 438 398153
203 251 766382
859 17 998357
817 145 112095
498 82 526056
924 502 701153
108 419 683694
73 252 449667
208 167 996987
255 208 347897
366 774 88771
635 452 930971
166 11 292384
405 671 565030
9 192 847890
440 65 16312
764 846 613688
276 642 502294
905 975 324186
853 147 240488
232 15 817761
891 273 569
8 44 499546
225 215 41338
369 684 825913
553 826 717822
436 654 166418
877 485 361661
919 733 655904
349 749 501907
940 714 411073
182 276 383361
16 184 185142
222 744 741993
958 912 889957
107 3 906515
516 501 40536
724 594 738028
427 592 932861
332 392 600196
481 435 346598
933 115 708686
352 368 808840
960 100 927969
726 689 484095
759 217 410427
549 822 115846
262 676 466811
859 701 3521
219 796 94693
185 395 881590
196 281 754848
142 262 878477
671 466 258681
227 686 518805
642 776 7904
438 373 858625
291 194 547431
338 116 460068
798 385 598344
35 727 840891
276 916 627486
165 269 917794
584 555 947560
124 3 39195
963 310 133260
938 233 767565
679 837 946576
342 234 888577
757 535 44321
954 149 812580
865 222 244558
355 648 736714
11 471 689099
274 738 703399
30 21 816497
615 735 999126
179 700 957242
339 598 153620
861 704 443592
475 844 415492
636 166 263453
650 768 284266
620 400 894050
869 383 156658
445 227 851170
279 672 955497
483 146 64654
565 958 612289
22 171 215929
745 163 126352
25 390 799580
841 929 836943
412 283 50897
727 890 828188
92 84 602969
976 807 39802
520 693 858392
111 570 495950
148 577 31638
434 791 167266
439 157 605054
82 620 880101
127 149 125921
645 559 336807
298 980 210034
294 926 562206
173 310 580233
169 622 853990
183 473 350498
897 591 91067
133 125 285533
228 621 382463
766 674 24894
403 902 630712
5 208 537964
453 856 894225
388 246 810868
644 699 995414
269 165 463046
116 409 162043
977 428 948916
889 955 181716
684 989 747064
567 69 339547
141 404 701101
594 447 29039
536 861 68243
414 708 624082
870 509 47309
494 773 405801
393 93 686245
575 261 417661
963 116 854788
475 684 982590
230 564 590141
473 934 550077
747 171 723777
490 971 435823
461 609 623658
580 735 541871
469 662 83315
417 1 549818
238 819 816507
406 198 356595
928 182 162055
30 189 597215
559 993 582784
631 891 671784
908 897 743087
441 79 235676
969 473 574662
244 653 610541
366 319 859864
202 213 157745
656 676 127902
815 114 41313
871 158 762802
582 733 449244
614 871 633110
972 266 66723
645 830 725932
469 656 786844
368 691 532157
613 940 817425
991 404 191092
710 980 88753
46 893 299746
198 134 983052
612 434 238522
639 633 41561
302 261 728276
928 192 377137
659 740 349804
433 436 885203
568 298 214114
17 40 902368
476 771 893498
514 725 548575
619 499 648860
161 487 869305
668 918 83667
192 156 330683
373 143 36304
526 25 743193
556 395 450149
716 135 853671
46 180 62476
327 912 830432
2 873 882080
755 285 967521
236 427 580449
148 25 504492
157 592 384883
397 317 503912
32 793 609053
435 420 246430
556 262 32204
777 838 908988
86 503 159184
92 975 691860
358 562 351451
118 159 557147
584 482 823111
733 578 489644
867 444 206095
587 920 136901
363 914 470291
677 644 440519
464 258 920214
870 30 460344
663 982 124225
716 395 277826
326 355 832672
872 346 780595
274 661 816546
960 391 220093
299 143 759579
566 674 272246
260 69 27652
177 527 675479
598 173 810488
881 189 141247
236 15 89206
197 697 19375
790 715 372579
22 682 524302
744 305 459335
59 549 463012
554 704 65230
165 201 902433
904 873 14279
587 529 120661
690 875 998438
645 231 717623
979 400 747075
827 757 984608
579 292 137243
613 733 33168
815 835 53772
186 1000 671910
790 841 671195
716 728 333866
108 90 25456
664 537 994372
249 914 749782
1 297 238404
225 900 997502
348 238 228443
595 957 135163
138 358 660894
812 680 531653
59 119 842952
939 90 474232
504 118 503222
501 701 521620
478 314 425771
968 94 358525
376 169 66700
834 865 203386
420 831 789539
370 955 982904
811 908 399838
747 341 713415
3 741 834959
966 485 639897
110 80 570795
455 438 452360
130 114 595790
261 341 852367
481 218 516659
380 213 327950
304 502 622718
469 914 646537
363 251 959029
586 343 112039
853 79 519040
845 58 318709
371 193 230254
760 500 433058
792 93 210929
28 396 594755
647 684 62047
172 43 462542
895 471 155378
633 207 36129
416 513 739399
126 979 56635
265 140 983136
379 387 916479
523 48 825123
445 603 816694
357 794 18587
2 151 924748
1 385 201716
567 945 264848
187 441 851330
796 513 275894
943 394 957049
12 174 60758
442 479 115572
199 504 902061
957 777 209072
146 312 10137
648 708 195920
956 491 951520
842 559 215576
825 309 343143
228 767 868404
185 226 822333
309 202 570353
264 637 52240
709 902 129409
126 172 791412
813 642 564537
478 671 748065
955 817 56788
296 582 940083
417 428 576624
769 250 589226
508 231 150734
920 345 908714
88 665 751892
320 549 721403
608 94 439756
67 756 623048
408 46 606052
692 519 685090
445 270 717678
370 45 504956
490 524 642784
354 935 958894
539 637 462163
451 443 826036
515 353 289414
913 987 167342
144 4 472218
437 774 812959
507 700 370005
218 620 251697
547 727 76642
463 956 277102
17 421 355853
682 855 152966
996 656 643785
705 228 64142
892 345 717740
192 277 880061
865 828 459824
968 814 243630
827 161 521778
516 851 87971
649 483 388980
453 248 948607
533 986 200925
885 849 215369
108 595 585974
237 738 152878
288 749 984492
138 14 176445
200 220 346643
897 714 817578
557 640 369951
9 305 567566
421 45 314475
999 175 536931
545 338 473716
697 96 411723
993 292 283741
439 337 254280
741 538 407339
667 380 281731
35 41 683400
254 542 868872
38 384 571778
76 978 647942
395 347 965899
284 918 906065
532 625 327608
700 491 884577
303 160 412421
161 55 953811
326 46 286733
177 460 964261
311 448 844116
27 80 247932
867 397 852607
691 477 177248
105 169 626713
249 393 996796
66 309 265998
840 853 191073
372 795 754673
834 832 547074
201 245 406264
953 819 403383
984 221 342076
557 37 347708
217 364 264700
370 766 549361
955 909 855961
465 382 600602
719 913 271706
37 317 385502
564 740 19431
334 162 211147
908 340 774160
727 967 560398
891 382 321221
721 385 631549
589 507 887453
392 306 954383
207 629 174226
571 929 201632
906 908 516353
318 543 122480
69 254 661101
514 801 733154
514 688 519867
785 787 261440
142 472 611253
909 609 197107
892 69 69640
72 390 720974
593 387 377672
387 455 958722
999 299 967849
74 207 716329
172 390 827846
131 451 552126
761 103 346973
837 965 308448
62 504 948431
117 251 245461
363 217 502818
656 375 660099
631 551 828032
222 327 289015
722 49 770615
419 316 215648
205 619 331449
903 724 934610
255 61 438364
613 746 615365
535 962 43097
262 932 285142
119 980 945743
181 290 732099
157 316 83071
826 179 744370
122 165 672719
385 801 694760
229 616 919433
106 330 954772
959 439 792988
641 600 734788
207 637 676120
221 224 843500
157 553 540980
619 900 272932
753 505 554634
835 594 310120
635 819 649495
544 725 292953
226 451 84541
945 850 270969
384 538 876675
980 130 945776
498 524 633745
8 156 352459
314 375 835703
777 938 806266
871 521 924261
126 521 727952
194 96 576115
116 828 688837
520 625 584793
506 552 84149
645 860 244341
252 734 390304
493 436 641673
827 598 821354
819 674 148732
802 17 469146
421 137 970711
128 588 618141
819 98 411592
963 386 79555
621 279 416481
505 473 717886
157 353 287000
422 330 775464
623 516 384582
99 243 848572
141 616 187433
164 830 851226
911 224 249380
367 873 428485
365 148 594172
26 838 168871
30 329 630748
531 683 482249
67 326 179856
391 849 728606
418 295 285579
14 375 793079
758 404 940003
715 622 830478
123 337 848401
191 220 139773
540 821 976500
589 844 823814
623 709 321869
573 442 481931
269 801 505347
524 321 181589
901 139 362270
840 335 380048
457 77 547022
318 830 473995
749 58 542819
133 211 817018
13 794 980500
434 769 853749
710 648 239803
197 284 940793
401 757 180693
9 960 998436
149 45 653317
518 10 966843
676 15 503823
960 715 233830
123 456 536351
743 794 316464
533 822 770498
470 425 941834
855 423 392169
263 438 953799
435 817 602540
188 977 902495
606 906 171651
941 858 621422
260 512 490572
823 602 532789
386 183 866954
584 119 782229
177 288 316386
478 219 300889
807 430 95390
960 804 371627
863 562 934380
721 611 724124
230 758 297054
451 990 527454
382 299 710506
487 400 451915
62 870 643689
679 294 831390
158 308 177306
575 179 760631
772 460 990494
677 179 920218
724 3 564667
167 489 84718
489 615 763163
211 907 387904
336 799 753805
95 842 810560
988 592 179969
577 301 751232
752 464 958734
261 22 615290
147 708 258093
876 265 739657
325 171 745789
505 866 203116
589 130 397248
333 421 585737
149 881 194010
682 110 859814
930 850 871191
657 817 728240
598 151 629796
646 784 372470
176 451 397842
425 291 947756
497 166 82264
597 617 578219
478 268 402384
315 218 76461
603 524 685623
286 967 218580
764 667 244592
198 734 167074
268 680 825984
399 888 295360
929 408 787985
825 837 704953
387 162 800625
320 589 342014
754 617 882706
412 190 152674
887 967 904777
744 555 590557
928 22 632273
292 273 325068
119 488 912840
237 546 181869
474 318 558895
170 764 514085
130 186 430572
183 689 955452
622 736 271497
939 303 388509
71 558 174260
708 271 223705
475 338 104767
592 256 416739
636 810 475552
964 283 434899
400 163 179760
327 174 128293
146 357 29294
574 668 605817
997 628 198459
120 985 370131
254 206 442270
440 464 122714
313 337 150655
936 143 155547
672 581 780014
58 584 981318
914 68 929307
439 312 70765
967 479 965341
427 297 780554
847 154 334126
213 602 515768
234 325 919531
737 195 986871
471 523 529750
576 948 705322
936 205 355478
452 638 490971
74 406 780212
151 854 826611
808 958 656734
395 375 997893
943 401 827877
337 110 610754
993 975 931457
812 102 288516
339 452 708297
845 452 51141
753 815 861566
823 457 537255
832 141 579008
538 277 246636
1 85 824725
458 153 560061
10 508 271911
808 955 957094
166 249 275204
974 476 92182
882 576 956574
724 210 715937
720 624 262026
271 568 644416
62 799 437315
679 140 537293
70 475 249511
183 78 463818
198 849 245559
63 709 682841
79 368 99929
51 683 790147
976 901 712856
275 654 390899
858 422 368288
819 55 872634
876 969 221508
274 93 830475
190 188 877754
213 737 99454
279 173 650588
251 314 297295
786 946 861415
593 256 697438
435 119 241469
718 179 209327
276 869 723492
318 107 11754
796 328 772103
864 31 594586
93 126 60979
362 945 641776
747 772 441305
130 118 248190
818 731 53264
621 361 111166
735 157 330002
690 886 875979
307 467 492988
253 761 428453
486 960 594449
519 431 924720
615 29 364854
235 42 385907
287 181 722613
128 415 573275
645 32 27516
611 57 637752
553 274 673756
820 13 172860
188 227 161485
159 278 117825
68 495 644647
499 401 593666
819 678 43944
276 576 798111
7 619 516595
42 505 161243
41 366 82701
18 814 420639
799 980 725152
546 429 189751
924 908 55483
639 439 187666
854 202 181454
169 435 903876
261 958 977007
107 2 738246
368 636 140634
38 394 255987
473 267 592747
797 654 607562
166 904 866148
88 866 921648
65 802 143467
979 17 67949
142 758 963851
238 777 447661
530 419 231536
261 460 28287
120 60 120557
800 799 710487
988 363 993016
458 204 134733
154 674 891435
379 258 892446
462 283 474883
664 657 854504
996 167 275938
824 73 176176
423 448 314895
663 770 796254
316 450 66803
477 924 48637
29 747 809244
134 278 504382
657 73 808251
505 713 933107
425 498 347560
707 964 451991
819 947 508698
403 991 9411
744 804 833010
518 643 65464
264 481 30575
834 438 465946
195 849 605241
861 34 459184
423 184 581465
158 28 448551
775 670 319229
456 895 690383
768 895 537335
180 721 145690
12 132 775549
350 963 86050
585 71 167016
285 619 863138
233 536 17655
53 475 149370
506 365 641291
823 81 793902
525 427 976234
997 671 388645
705 608 55422
801 163 59308
751 131 991830
709 102 164594
869 520 578594
994 607 956236
166 951 811193
739 680 520240
14 476 36756
265 117 983292
680 383 59474
447 769 948399
362 3 352948
253 59 24940
230 752 694305
312 451 906876
169 195 149409
134 96 739851
349 483 1124
892 908 616040
761 844 441978
618 660 52167
342 789 365723
635 651 552384
113 964 640798
215 349 239504
310 47 438723
355 902 684309
89 699 193260
14 907 629205
781 127 147422
612 693 214453
975 928 417859
829 692 287428
210 484 465321
221 616 516592
859 601 260289
148 703 540173
636 54 965027
949 452 652179
995 462 299911
368 500 210526
985 850 903371
138 761 409454
494 286 101042
161 601 156135
274 897 983137
987 454 54481
708 975 376738
319 981 159191
845 680 107875
337 706 530762
627 553 124150
512 232 486045
760 792 625617
849 499 842664
370 74 933133
59 881 772903
491 143 247785
802 562 942842
425 699 522118
463 141 439140
525 84 40235
861 676 814671
950 192 492992
27 333 530949
70 207 917013
566 690 350198
753 555 828890
566 192 344951
387 245 172518
247 609 720702
248 169 79794
832 972 554537
787 455 121629
741 665 94967
227 274 934889
39 352 214732
519 98 223162
440 369 276399
295 180 184284
9 739 70093
77 471 938620
391 768 953653
798 495 12971
567 157 60955
899 460 992417
864 45 753368
244 482 658870
911 445 229862
178 176 774120
634 463 160103
730 411 651162
777 465 765981
655 514 469009
966 116 116977
295 562 466679
306 232 774831
474 546 154265
625 981 513734
768 902 736683
842 177 653386
778 781 506114
514 743 749171
551 949 749335
65 964 749149
910 356 23049
538 939 13129
592 959 534745
349 312 23321
29 725 689069
246 486 579478
204 610 879439
141 275 457515
758 119 309165
877 552 535145
185 870 398041
32 940 237187
48 177 770953
200 968 157521
167 42 43479
805 386 38031
513 274 680448
395 605 819805
460 924 896102
203 445 818879
282 537 425615
584 221 936988
696 4 307622
506 531 366210
256 270 498295
372 753 716382
121 513 88886
575 932 80326
563 22 184503
535 175 278705
14 962 823733
923 310 78395
818 290 622733
991 125 108068
663 725 818881
628 857 316815
252 208 945144
940 603 182470
106 857 847739
689 627 296946
968 247 509176
309 113 253478
38 102 450304
489 219 861907
741 894 480395
872 60 691859
915 587 636273
195 257 190689
514 629 596528
709 500 599644
423 623 250155
599 283 227786
701 769 862311
419 151 322705
74 864 362830
90 432 135805
647 491 160878
472 918 104448
66 694 72761
573 520 93035
469 129 709125
236 919 439095
950 527 666443
358 921 1537
88 250 550570
134 856 871623
294 891 208035
116 819 482095
341 477 307036
404 274 722110
992 105 866336
774 660 17507
948 297 693083
894 122 407852
268 688 628769
243 107 217997
404 125 660453
698 88 607838
232 54 172228
51 360 614171
67 457 675514
153 164 992805
523 130 34409
227 321 606014
66 370 594776
375 363 162062
597 981 713072
196 30 576802
159 873 924926
38 308 564522
700 796 751222
204 789 772345
200 420 764588
899 584 707271
656 374 134107
826 757 204400
670 122 194656
53 397
868 335
571 758
477 798
295 430
666 466
877 305
520 528
618 742
348 30
484 176
580 648
536 717
211 923
474 970
711 588
495 851
221 361
29 46
250 686
961 744
971 840
447 190
902 85
485 164
630 809
63 745
41 137
338 704
404 914
277 863
997 25
666 202
391 100
384 271
536 671
236 708
934 128
994 731
796 698
312 172
648 20
626 98
520 794
270 36
895 866
32 949
179 712
470 610
106 608
772 298
199 578
256 288
953 288
630 122
83 17
756 973
556 521
63 389
479 45
867 761
675 267
541 420
211 871
995 267
606 262
193 85
543 589
189 997
285 130
76 673
683 688
834 190
384 527
12 897
344 793
296 614
799 837
195 844
596 399
433 78
75 844
871 57
968 129
323 828
10 332
354 578
965 881
752 353
957 749
627 6
273 518
623 541
661 312
673 749
774 672
184 9
649 451
350 911
986 591
394 563
464 312
9 587
999 987
535 213
132 693
618 12
420 820
94 733
620 380
841 47
625 538
999 277
543 603
958 701
277 301
259 83
823 540
929 862
530 981
256 113
155 238
731 426
799 75
631 462
67 857
490 266
716 173
104 130
895 716
727 60
121 972
100 389
472 713
107 425
71 33
665 775
124 591
44 570
44 810
177 608
852 783
348 814
729 497
146 456
272 583
281 580
806 709
646 167
881 744
21 350
164 853
851 486
349 250
943 643
897 995
403 947
790 341
406 491
15 902
773 943
898 442
52 982
293 278
249 747
651 79
664 772
818 163
439 669
344 390
498 37
920 229
927 351
280 613
690 297
670 500
385 511
677 326
848 184
652 576
525 799
998 80
220 210
369 905
811 38
971 579
903 87
903 344
99 812
60 774
647 480
453 867
614 784
313 19
173 403
508 268
146 684
26 609
402 986
306 441
401 983
351 272
828 651
920 276
857 601
617 648
453 488
654 931
636 531
94 41
747 15
397 792
304 755
279 868
144 26
467 42
415 170
245 591
618 704
794 80
752 968
846 83
787 713
288 180
362 54
324 225
610 901
183 477
279 386
182 887
919 260
669 875
190 358
971 223
82 750
212 102
431 40
797 143
539 43
667 382
26 906
235 929
682 411
194 236
167 323
837 540
527 238
481 174
151 114
291 79
562 548
872 509
328 873
789 180
956 998
975 641
139 951
603 714
99 770
358 923
744 92
549 545
848 650
989 633
712 288
27 137
652 772
68 165
449 307
373 610
293 282
195 910
45 637
428 500
317 690
243 227
203 678
286 831
627 406
194 726
826 63
268 876
686 341
674 190
236 430
335 521
472 79
121 427
888 508
910 375
128 348
449 477
54 42
704 7
358 76
737 308
726 478
319 871
18 727
640 792
872 554
634 129
836 693
600 457
108 700
680 100
228 974
800 991
10 558
811 863
802 130
992 746
626 143
674 596
166 217
160 90
140 991
949 650
97 228
432 440
801 134
764 337
296 810
535 147
512 625
679 194
664 922
711 576
775 994
564 509
136 478
826 917
362 484
14 788
641 56
702 264
257 975
575 21
705 846
741 578
637 915
718 82
137 650
542 507
300 768
98 658
218 411
504 331
200 647
317 597
626 265
629 979
15 310
934 643
779 780
996 985
891 415
45 20
620 756
157 783
323 120
226 264
28 777
984 371
806 611
885 679
277 867
469 23
30 478
622 577
622 506
772 786
730 275
949 590
975 894
133 635
386 649
834 878
16 72
633 180
686 232
118 202
257 470
438 892
654 16
703 624
442 841
997 803
378 537
726 58
187 802
599 841
474 851
220 686
140 455
130 182
415 222
151 622
78 138
544 538
495 234
769 712
247 994
111 405
187 687
649 86
705 959
81 136
604 861
46 583
938 24
925 153
512 261
586 251
196 823
819 801
681 629
644 202
661 859
875 257
358 862
76 244
983 636
676 207
614 313
314 577
729 314
376 221
267 229
142 561
434 797
607 353
420 193
152 180
524 965
143 781
713 7
464 202
182 539
841 848
738 950
390 3
800 901
909 562
583 45
426 448
98 724
763 203
384 110
389 223
876 585
884 755
533 968
205 74
478 986
318 26
414 715
172 855
481 817
571 64
683 815
792 208
915 156
665 501
637 85
75 43
949 429
434 273
274 147
563 218
120 419
29 876
611 138
282 676
954 126
257 679
721 970
47 337
317 149
656 200
299 804
42 297
79 386
161 152
824 854
315 212
306 340
820 984
778 330
514 386
917 379
121 774
840 486
639 371
56 320
176 28
537 556
994 839
154 361
641 969
23 203
539 430
981 551
644 124
193 634
498 385
896 426
377 311
623 187
999 278
987 259
913 433
17 133
931 286
638 520
922 386
767 120
236 970
498 779
902 906
402 916
868 864
765 666
27 225
184 529
513 634
192 327
451 439
74 335
597 231
507 456
860 660
649 295
822 62
751 207
56 9
715 607
14 201
322 43
982 204
690 192
940 167
942 188
165 150
652 939
576 656
378 146
703 304
67 134
370 60
85 901
379 624
246 171
450 187
65 837
433 432
180 440
112 709
253 898
65 863
127 111
324 714
337 508
443 868
910 246
846 642
28 75
736 841
121 511
278 878
896 736
974 85
928 449
420 748
500 1
734 40
515 572
825 517
145 343
929 114
754 560
307 34
717 243
117 59
693 733
651 841
793 27
419 299
629 371
282 860
725 201
924 786
416 162
519 930
850 580
327 608
503 538
185 594
806 291
171 333
35 700
58 782
827 336
650 962
226 222
617 597
567 586
763 621
502 265
990 279
476 377
254 527
701 134
600 436
512 941
43 193
801 203
233 988
533 950
66 49
377 706
336 119
66 500
443 673
157 994
982 37
663 143
870 416
965 250
145 390
316 816
283 534
481 524
562 59
841 909
698 538
945 991
145 178
62 607
692 262
653 155
375 460
3 551
863 81
221 64
352 291
580 779
873 942
451 74
285 77
420 212
497 69
59 582
474 251
829 484
822 901
321 581
904 311
65 100
790 814
844 262
317 584
495 170
874 720
390 971
35 941
463 647
571 28
102 51
32 48
344 900
592 552
283 430
854 424
796 39
872 766
303 940
555 373
946 881
549 988
769 397
537 47
322 763
262 460
641 297
383 758
644 428
890 524
927 72
509 427
192 11
651 142
276 586
235 52
838 66
208 609
334 280
161 762
791 40
353 597
350 312
807 829
433 229
686 602
244 515
125 686
493 465
167 656
593 474
811 667
540 884
333 943
451 107
193 286
436 790
678 455
244 912
704 830
567 103
43 744
634 400
110 970
171 495
621 690
191 314
612 788
906 230
850 213
690 520
187 779
83 613
876 522
739 9
129 527
806 618
841 311
777 477
368 136
443 422
939 117
158 404
223 902
538 714
113 197
209 30
445 305
459 429
402 909
314 587
836 241
310 198
888 423
385 331
995 94
875 287
482 698
359 750
338 16
642 631
144 430
906 253
745 591
259 621
962 522
371 798
40 748
566 179
464 416
986 234
479 917
372 560
170 335
696 594
318 732
931 908
456 103
923 764
413 247
309 183
59 184
69 290
405 328
160 761
817 347
28 755
612 758
262 283
619 430
154 182
524 352
86 643
426 642
6 565
691 888
239 386
908 479
703 743
203 557
475 201
43 774
63 244
626 311
673 430
453 965
45 516
714 414
129 211
436 798
297 151
730 682
371 718
399 439
795 733
537 611
63 865
222 738
547 702
705 57
941 618
81 566
705 626
897 732
341 611
776 642
70 242
649 685
80 427
691 768
736 132
777 650
52 650
10 191
104 785
841 388
722 336
117 935
807 914
9 620
523 173
44 880
539 205
130 561
901 713
15 754
190 572
698 426
818 772
671 941
734 406
658 273
688 550
418 34
61 610
291 37
641 415
281 7
698 122
19 197
276 112
821 725
156 989
964 691
721 159
229 93
261 291
460 446
775 118
32 493
340 748
269 622
408 43
880 126
353 840
158 619
675 456
676 673
300 31
711 773
648 163
187 613
621 681
143 284
88 654
47 905
692 406
872 241
849 416
935 695
594 119
961 826
444 769
443 246
517 450
98 856
537 320
955 358
94 904
43 100
697 967
519 799
462 706
989 620
834 389
344 49
643 526
822 634
406 842
596 244
807 870
335 796
731 511
588 352
544 657
920 364
267 466
809 901
776 542
314 657
260 124
73 76
862 255
195 963
320 837
438 299
225 899
349 25
158 926
254 939
387 170
766 909
926 485
355 541
595 748
856 646
712 20
252 935
529 73
482 84
460 825
472 387
197 73
260 24
530 406
649 304
175 436
78 104
82 737
270 557
175 882
271 805
636 924
111 116
797 332
361 607
368 726
588 644
130 8
163 599
111 335
901 365
140 80
894 883
631 71
754 983
165 18
952 589
801 782
131 234
187 384
538 563
950 764
857 790
855 976
12 519
765 585
154 675
466 500
7 751
813 293
575 113
139 995
801 877
224 449
273 80
857 92
828 728
101 667
862 697
966 169
550 408
835 220
960 258
657 817
985 957
836 325
813 821
290 668
403 895
87 940
207 272
