1000 1000 1000
20 163 229332
373 259 310000
692 759 544470
564 51 461515
506 612 315533
325 604 842574
800 940 483249
647 345 978947
446 994 843836
816 633 251574
815 449 937581
936 967 218041
177 884 828552
638 897 768479
488 932 582290
591 171 611714
689 984 277527
596 436 894079
393 22 944166
58 702 953143
318 37 817042
170 728 212686
674 45 395377
905 789 573997
22 11 371486
295 916 556098
730 688 905912
274 760 723261
120 520 330851
666 999 518290
16 966 115140
29 197 889340
755 572 12999
626 577 887927
243 758 369307
544 677 2627
86 206 15475
167 544 331685
729 326 848069
235 301 355623
897 556 209420
422 11 268181
554 847 866887
964 797 65
298 13 554426
919 842 292094
677 839 970858
451 196 791014
729 473 652451
73 50 46358
832 325 581428
750 768 760559
243 815 953456
395 524 45397
396 224 69293
405 410 555825
217 261 291718
325 479 416113
670 479 913946
15 551 21445
345 619 476365
276 440 535202
662 9 238276
682 182 290433
451 695 49324
672 960 699294
707 845 505906
661 160 228859
588 64 456393
33 797 284125
859 314 576745
8 994 901196
301 262 914252
76 566 86613
590 255 408306
706 980 320650
540 136 736220
145 307 507326
875 35 514195
32 213 324491
73 84 775520
656 90 721934
361 549 549203
860 484 548648
786 882 825087
806 642 194237
534 452 295354
339 991 447415
270 600 996127
468 539 769602
875 183 158094
501 583 686351
900 406 450472
183 90 347923
733 341 41814
40 216 528262
387 146 295297
839 264 467495
411 221 806105
699 924 755829
971 236 917713
692 411 882358
70 230 284959
934 945 436018
154 906 857982
571 35 228150
851 120 524526
264 37 603988
808 268 137072
829 462 945055
442 440 837389
287 920 917874
122 720 996046
679 771 360232
978 702 497283
283 921 766178
377 62 50111
106 825 172359
602 801 665816
866 190 325885
899 660 78569
115 343 210291
664 904 956178
827 943 392281
535 850 887797
395 477 751012
348 466 482808
583 20 525837
917 854 448455
391 505 833937
925 399 492050
570 697 25520
603 648 960265
304 835 792432
442 612 462437
829 888 205529
320 327 979873
476 992 720952
617 681 746170
463 942 554463
44 713 422965
449 209 793185
386 349 66840
878 739 681177
308 413 392493
776 956 804834
468 848 349892
274 942 594334
105 547 261808
862 177 250929
718 887 434311
201 526 647109
330 713 946788
764 797 137862
751 754 110759
651 409 14373
508 447 688114
360 841 887255
245 977 194603
798 24 521621
504 284 900223
160 291 875995
168 313 770715
234 88 242220
28 294 72563
229 555 42442
279 282 911869
470 816 577921
423 540 671476
797 343 747419
976 420 448344
839 889 355819
441 982 888427
479 878 57924
436 428 706163
543 336 732609
632 651 195261
393 407 600253
688 355 506646
547 357 876762
235 169 884562
860 585 829628
332 582 896583
602 895 892557
553 991 637137
302 444 604921
566 726 740237
596 900 251441
82 661 847968
214 534 469226
199 168 198384
559 677 594141
660 890 50343
938 126 388103
276 524 741302
995 15 596712
886 892 411149
795 180 428230
453 474 138214
391 410 49834
175 259 317369
815 94 182623
312 351 691975
729 28 19832
903 941 569746
85 347 864392
6 636 179488
152 350 607210
644 778 448702
36 602 759545
44 599 390521
284 29 213975
469 704 994149
19 259 992681
98 486 169560
188 681 927894
106 718 162606
385 588 470285
951 330 428613
694 808 922495
632 5 823103
900 428 220319
193 960 836549
377 931 383655
152 793 984257
621 699 181140
40 777 200929
525 255 554086
657 548 523161
10 286 904163
812 850 911263
713 236 947219
736 10 82287
122 790 256900
361 516 197831
395 369 993990
742 989 448553
340 26 546733
369 77 644830
187 940 673172
633 817 439280
31 839 432406
297 995 708589
311 125 579349
208 888 322281
866 662 713334
873 855 896058
591 251 106273
851 591 342332
668 253 498243
864 567 512653
913 125 272909
720 973 343824
524 859 168692
989 746 694444
44 2 114
830 26 924043
41 584 42753
374 110 628574
553 248 673957
436 300 443605
723 594 984609
315 812 688106
940 543 501694
18 155 197845
575 336 225098
59 98 343639
670 510 962069
62 701 92594
533 889 602868
45 391 243565
766 868 492671
255 146 140307
212 477 977493
368 417 441074
610 375 953173
5 865 340958
227 98 487076
2 905 482605
266 231 753580
789 632 220795
289 567 756569
267 181 818406
220 443 17949
321 758 278353
261 139 4971
778 876 494243
296 666 254461
349 75 729735
862 550 315280
357 845 30443
421 402 82725
49 605 548803
140 414 230464
676 926 335621
936 11 354794
597 540 723629
828 506 559281
534 968 213561
347 460 580517
575 111 676076
726 865 488539
930 953 964173
787 492 92587
983 612 588071
409 67 666100
887 328 890632
495 970 89045
898 643 231364
637 246 626036
523 572 820722
215 500 173881
217 594 955883
831 90 935889
526 580 865744
129 506 88749
978 472 419843
591 180 990851
919 359 362347
749 27 344202
509 629 784627
772 157 261696
869 340 569929
770 517 864549
687 216 125218
926 379 612480
302 898 883250
838 473 251735
569 895 535990
658 461 884537
986 832 296044
760 700 966390
673 50 486679
176 131 37923
40 285 545150
464 686 727641
431 415 28012
984 227 325492
175 864 675567
965 829 121494
440 390 337179
495 604 513572
318 32 222599
397 930 918598
861 221 229964
910 725 741929
571 404 322059
759 42 716799
309 595 57255
666 414 236411
142 907 996229
395 429 250903
365 529 914640
859 77 717521
550 732 269561
816 922 323431
542 939 491825
513 529 886816
65 151 438384
396 303 174213
182 499 631663
201 274 771298
48 257 151983
670 12 778824
788 837 947315
844 885 337740
208 634 233216
519 912 371399
392 963 845922
711 435 508309
336 601 436007
579 866 425688
32 258 204131
627 419 427701
793 893 127533
435 785 646740
611 385 949663
669 290 243811
248 813 933976
654 331 825105
384 544 556155
710 97 552469
134 441 215023
402 80 469926
567 133 617823
235 302 219074
383 958 180793
719 343 439658
6 624 403442
637 800 839778
909 300 378814
251 582 464500
212 119 828378
706 959 504492
974 466 753412
166 942 771355
241 218 482303
672 753 633366
424 56 467603
982 220 92790
802 16 173896
136 933 33687
107 131 717744
155 672 151260
472 510 706140
864 554 978536
701 587 152420
819 960 709028
505 126 177186
630 216 204477
23 47 777461
182 101 708133
333 941 567552
875 221 927503
206 367 410218
594 684 264246
242 778 325214
717 544 77205
298 936 423115
911 133 224878
903 997 332259
946 433 668997
898 803 651934
523 655 96036
731 517 406838
219 693 485207
717 597 404394
958 288 577199
638 136 693373
174 685 324417
297 6 769526
174 880 862630
293 453 39968
545 880 663291
334 38 339914
827 782 100896
770 916 485830
253 723 927739
715 938 787116
44 521 488628
385 180 812182
72 159 813305
71 315 91043
391 512 985529
659 571 111350
129 306 761259
168 566 514167
11 257 847878
493 457 227535
935 971 46793
966 244 79277
176 140 499635
457 132 105478
64 738 935177
344 106 253198
196 408 362005
675 291 466370
901 621 451811
245 921 939041
567 603 984068
716 543 237100
300 203 956813
555 390 813355
456 950 637975
154 708 136169
204 683 572735
994 530 532725
237 206 190693
212 139 370593
420 933 845743
281 706 591109
565 371 281413
969 115 971515
491 487 308757
967 295 307042
616 700 126607
121 146 225246
184 96 783975
651 534 280468
53 327 733848
370 200 497648
674 759 382685
571 1000 446561
402 484 815160
499 939 889177
791 556 289390
863 811 228368
639 586 373703
684 395 996608
728 709 399760
54 829 401896
970 912 77402
547 534 739980
59 897 469754
150 671 46513
450 228 706377
479 44 77987
967 640 143972
592 591 251889
663 743 167276
287 603 57837
811 576 897349
89 219 190831
472 774 768472
883 811 982481
662 480 180627
377 988 75251
523 968 492773
161 210 573878
775 319 773765
830 704 29506
496 166 402347
32 696 600835
334 493 846547
569 405 712869
893 725 580735
719 804 33886
448 775 904628
647 524 324131
674 941 924409
958 828 517551
53 822 277790
888 227 661121
565 541 819825
347 63 883037
332 361 657864
882 281 980744
414 276 893884
589 773 97166
900 197 439274
790 900 115710
803 104 10931
684 188 664618
964 995 151483
649 645 630826
172 569 890475
109 284 833624
643 722 794481
243 418 440084
799 558 563005
449 340 831551
688 535 704068
139 474 926082
180 214 317374
559 818 500934
843 915 484330
167 828 465019
337 904 944647
860 61 987091
649 236 785626
96 719 996166
22 778 76269
65 733 631054
882 137 671373
411 801 746219
737 924 733769
76 729 389726
453 561 83255
568 491 985648
506 189 27696
964 983 496234
633 252 350033
645 171 555228
824 731 274363
945 22 221528
22 784 976530
363 832 697334
65 846 78528
401 974 158161
705 220 220720
223 337 131910
308 525 746453
427 62 777722
66 896 264163
713 565 627986
121 719 766483
870 988 573050
833 506 621857
119 659 512545
742 123 541584
546 776 707130
931 665 694178
658 170 870907
707 151 18594
189 520 567391
384 316 197469
391 233 539110
943 731 661666
398 635 94225
968 571 136135
958 279 193129
584 646 265702
725 473 416759
392 164 952218
429 915 67147
549 511 502084
31 913 198136
480 150 819850
501 300 428052
118 908 669397
533 657 41530
232 824 640529
91 881 454729
74 613 127343
598 761 238309
349 530 475236
855 185 834035
335 993 34665
167 751 516064
416 82 160186
264 860 442265
652 791 690521
609 203 753617
238 743 225291
61 415 330368
817 773 409240
738 139 596449
911 73 763917
68 186 980401
461 212 656188
129 95 800437
675 565 362232
53 364 810227
694 729 951516
382 837 48053
111 228 993795
95 828 777867
948 707 562255
591 813 149768
852 725 814884
640 809 633794
813 211 254187
315 765 980436
504 429 937106
65 98 839518
881 406 501385
873 189 73345
985 341 155141
455 727 588774
310 748 39359
745 372 196790
632 579 586420
490 645 280865
275 60 322660
809 183 711962
490 734 583253
320 140 734487
73 549 736719
984 344 683475
680 726 294943
218 395 83214
332 349 963927
781 268 479242
831 257 161354
237 242 751629
318 100 621523
336 242 944164
96 702 534413
73 982 319388
379 665 338266
663 146 79817
913 92 63390
349 847 778497
77 803 194115
441 834 672415
224 995 333941
759 853 653379
160 440 686373
310 330 763087
702 537 165192
24 861 178537
822 704 365911
804 513 506814
969 813 165007
437 95 591995
780 578 378608
970 149 159379
743 271 378176
957 963 782207
537 149 747655
343 965 881143
801 28 826834
489 398 714428
565 327 50227
842 73 491984
253 845 505534
246 536 296889
558 25 175307
883 216 391300
665 545 483192
620 865 367230
828 952 43942
472 728 863547
830 413 981433
938 614 528209
781 819 492763
897 145 799835
154 178 803064
671 72 925561
105 755 292353
955 89 756365
956 982 185195
881 868 882686
439 701 767983
831 23 595766
99 832 36042
568 539 539045
549 409 894717
963 211 607742
45 832 550732
987 818 896311
2 790 99968
455 524 847372
235 492 864550
9 690 403515
246 11 256016
521 984 954182
435 779 455634
120 424 233590
24 238 819972
456 207 878037
884 404 295812
1 125 989233
206 919 797491
683 183 635486
29 263 8310
961 694 274418
751 485 196021
769 224 762441
861 234 211421
455 740 192576
475 103 646623
114 640 145596
427 940 99760
804 420 834531
681 707 427913
324 207 323679
646 76 824615
989 95 506593
87 410 375754
478 299 877338
29 786 56504
746 139 315457
404 937 797114
272 484 819217
159 556 565851
234 902 153930
608 183 886638
568 24 56494
283 553 500103
236 73 749636
778 189 203774
685 919 279383
776 913 201266
534 618 287157
848 952 836162
174 471 956530
549 290 229523
160 783 836196
738 936 8207
171 728 129319
825 467 611618
977 585 541017
342 476 479357
906 256 531228
427 683 357718
128 686 659161
244 554 107556
218 983 654458
394 625 520613
203 60 297325
874 867 198233
26 515 310502
933 277 706438
58 12 730139
455 60 223797
450 868 811080
667 837 281329
660 380 180907
964 349 365005
48 697 852935
91 441 691677
240 795 109539
845 116 33785
475 591 302409
668 822 166080
620 696 846474
156 554 310865
722 512 628023
749 317 722321
64 777 855015
573 340 330282
597 129 500854
629 148 855625
899 167 239554
682 562 787293
882 433 597038
107 259 204380
612 32 474849
696 170 982335
296 512 923589
591 432 143875
266 331 851915
550 493 550057
415 925 726372
790 489 117429
211 743 581063
948 232 246832
349 950 987824
160 984 734312
879 699 979869
736 731 105901
145 978 547921
252 337 898580
173 453 704659
330 669 717942
362 737 983405
18 421 733423
20 566 364784
168 220 7905
784 922 889837
519 850 595441
810 372 633595
682 681 473223
769 299 947638
459 183 690000
543 406 817660
871 465 929149
836 723 313776
893 412 508036
490 563 99385
868 580 23132
416 179 884546
213 631 416451
226 690 988089
931 368 615098
533 119 493074
72 991 609925
269 10 120388
833 949 468141
209 320 628680
814 75 25408
347 402 362911
381 171 357262
475 765 953612
471 323 140716
987 561 191636
15 814 470067
202 420 11714
344 229 819391
20 710 483431
110 464 60594
406 69 327380
649 368 661041
812 496 734112
624 166 142628
541 366 367911
866 219 254968
764 102 21959
772 393 111967
902 559 607011
344 886 377356
617 336 877602
90 494 25722
97 582 583151
484 871 142436
386 939 195641
329 532 316171
724 75 703026
731 157 404598
976 607 459537
503 228 577003
278 956 398482
206 999 320633
584 635 309043
116 315 599408
630 889 792119
498 429 978981
314 750 640805
318 17 84657
548 704 418056
24 661 583152
605 215 6511
292 13 401413
134 777 799340
13 782 213650
120 701 160086
423 709 779203
923 274 170825
906 864 347650
793 240 704291
323 714 16833
722 179 414792
772 745 486646
928 517 877341
121 129 937560
483 42 869966
732 704 356773
444 420 381129
504 57 553054
588 847 361090
359 596 910727
916 44 948976
726 795 199850
460 776 504269
902 261 302483
54 237 824408
91 244 69459
730 573 10900
694 153 563007
450 764 805704
213 44 849328
806 77 962879
192 407 785091
479 769 445768
116 338 139032
750 398 519669
490 534 998613
652 971 650014
966 389 483490
873 31 980253
90 902 366380
408 338 287569
27 83 51557
55 280 404445
689 645 855744
105 859 31016
489 621 811448
781 480 726557
301 818 565640
807 998 655915
408 376 605106
396 309 625028
316 636 43002
297 875 601824
150 739 437162
635 966 853944
887 899 369230
949 87 815630
187 815 354231
791 107 58850
404 741 527482
860 371 38204
206 513 534064
457 195 200103
490 193 398646
355 852 870194
989 897 358892
815 204 993135
639 863 545336
666 906 297526
551 30 607234
481 317 172577
980 949 663032
119 77 421519
284 750 818121
620 670 886947
711 442 265452
795 138 835332
50 978 668569
793 606 567709
287 685 894156
587 42 497629
129 79 581127
486 707 539446
99 542 72654
351 234 43104
200 861 994731
43 373 483669
193 562 905578
661 27 448724
533 730 424476
909 218 383457
106 555 336278
758 562 657345
831 199 893681
709 777 60992
876 573 839882
895 856 776493
214 705 727105
738 891 676826
486 153 866876
632 698 244127
401 928 655396
521 492 422038
391 517 241124
1000 529 216158
166 82 877295
923 349 276890
958 360 451641
13 131 923634
348 456 424954
862 205 373647
210 657 467441
496 774 130977
387 159 2268
473 514 327706
874 144 616579
718 603 124658
186 375 604077
572 92
251 901
19 703
414 895
516 711
903 986
949 961
840 634
137 491
713 307
527 890
765 635
827 993
842 328
978 879
348 997
17 385
481 312
837 595
870 86
331 538
695 939
145 411
378 638
619 92
372 267
213 842
785 550
926 641
239 805
778 774
403 918
39 782
897 948
584 711
783 381
740 270
209 134
286 686
317 404
541 254
896 435
493 667
158 658
779 537
878 644
84 605
34 904
334 877
330 793
876 197
32 413
525 130
676 441
421 858
145 114
521 721
429 757
638 493
789 615
121 42
189 804
799 277
195 627
710 884
227 823
689 27
635 334
567 976
256 773
492 927
198 617
477 605
203 559
591 360
828 788
152 284
597 909
107 295
164 415
943 461
494 110
295 595
103 448
658 447
165 595
916 373
28 746
411 714
346 587
946 724
972 67
439 40
782 335
528 681
750 540
761 654
937 38
591 292
940 380
215 151
938 737
966 908
523 987
465 752
586 160
854 297
517 91
552 764
521 114
526 861
706 42
468 169
734 527
543 317
297 696
516 103
121 848
864 148
123 246
873 471
819 549
498 320
559 987
970 985
396 957
357 769
774 760
656 740
987 49
712 600
608 485
930 577
481 537
955 653
828 1
225 904
93 324
512 519
195 101
677 279
776 842
773 526
572 448
949 185
234 956
226 12
896 331
297 748
122 394
288 919
254 78
283 209
104 395
302 743
327 768
640 583
270 584
245 725
26 233
539 670
41 433
373 872
280 75
42 1000
316 60
861 737
897 971
245 827
109 276
974 392
44 796
349 687
452 343
423 412
842 11
890 77
106 630
297 678
778 299
43 596
895 576
964 717
621 810
33 222
914 334
767 986
578 536
755 864
179 287
842 421
194 902
586 12
732 100
174 869
325 444
245 642
842 396
91 370
218 585
989 498
448 304
344 749
361 662
898 411
764 40
438 142
116 66
947 53
542 59
68 572
432 462
464 505
823 505
459 16
480 218
515 511
607 52
523 562
929 341
193 438
709 938
275 152
926 447
845 327
178 651
660 941
85 585
957 721
885 368
277 735
495 499
729 277
295 496
878 543
267 828
498 226
583 340
401 388
505 525
96 625
742 268
572 359
795 782
418 258
972 903
975 159
422 78
577 676
48 398
115 565
309 501
804 151
275 544
504 800
198 844
188 285
396 262
653 545
489 19
392 235
388 31
434 440
151 801
329 700
90 276
225 260
32 935
951 446
743 469
584 270
283 500
393 481
442 345
711 485
249 489
487 774
540 569
319 890
465 374
402 741
509 300
159 484
356 378
2 573
652 651
336 172
330 885
407 887
946 637
210 474
642 712
624 50
350 995
236 325
412 915
597 575
697 741
111 557
953 589
543 381
674 234
778 107
569 887
118 389
786 954
862 455
947 392
729 615
33 567
563 881
448 385
536 450
582 518
520 815
696 26
813 678
722 338
69 28
114 578
870 613
892 440
203 390
566 42
283 604
93 19
866 909
877 729
309 310
244 993
945 403
7 520
612 425
482 274
969 805
907 374
575 205
871 544
217 78
722 676
438 387
122 16
994 107
283 257
842 723
843 12
716 479
783 94
731 900
603 340
534 584
653 755
609 175
906 752
584 774
886 655
947 403
431 535
588 210
562 67
497 337
339 201
719 28
456 822
156 496
62 703
324 59
161 601
916 529
287 33
561 688
980 523
792 124
830 806
230 642
2 581
952 120
4 47
60 370
10 47
670 350
729 755
75 567
325 96
256 573
388 603
450 866
955 585
702 278
262 614
57 139
27 313
137 824
486 101
714 641
245 233
728 100
381 440
82 533
219 184
29 25
275 398
428 478
922 735
357 328
7 784
422 133
37 613
530 257
897 597
920 745
106 939
836 715
235 14
499 99
505 705
155 295
738 690
991 59
787 374
845 516
985 634
739 344
864 659
773 491
389 981
488 394
303 695
241 787
377 524
757 779
273 971
378 165
411 367
435 688
901 302
863 489
291 301
210 308
972 513
952 582
227 431
321 941
525 908
135 909
408 828
576 915
777 254
58 309
716 717
104 519
359 7
601 63
799 474
281 65
121 265
709 866
817 626
546 960
868 185
165 695
920 317
348 196
738 50
251 421
727 92
646 423
179 66
540 413
140 727
585 327
615 697
674 31
776 813
813 812
892 288
5 266
626 743
977 263
477 383
565 711
827 508
325 399
960 125
984 5
730 141
971 781
637 635
505 501
888 346
240 473
718 184
974 958
636 298
247 442
512 653
800 385
767 237
910 73
726 609
702 470
545 237
213 165
965 821
144 44
873 895
109 599
200 729
40 996
647 78
686 399
749 772
204 285
133 447
399 580
100 318
196 368
696 309
848 638
678 424
721 396
91 62
83 574
627 410
298 874
452 554
285 852
58 460
57 58
211 611
361 175
540 324
651 443
969 998
349 496
144 629
722 245
230 861
929 23
983 189
270 321
81 856
462 914
537 13
575 79
291 351
268 52
421 356
467 398
715 537
802 867
75 362
29 719
242 982
721 560
204 65
123 450
615 647
584 274
296 422
486 14
411 92
272 106
406 588
469 683
534 492
504 271
495 65
184 378
583 976
345 762
130 589
457 659
15 511
531 498
480 881
878 709
517 794
397 256
961 333
311 169
922 464
920 436
908 40
717 310
909 738
299 557
138 563
575 949
343 736
935 60
338 269
135 534
559 785
883 208
389 647
674 464
478 438
824 258
666 537
730 611
516 414
310 921
42 74
247 904
560 602
876 598
868 202
145 295
403 841
690 169
9 547
70 47
316 684
978 881
777 578
913 961
236 114
353 366
947 666
680 637
155 860
610 665
872 368
115 58
232 570
419 978
7 887
756 280
675 267
20 441
193 173
184 464
125 112
878 596
405 42
826 370
318 432
128 558
356 991
655 485
21 428
692 245
62 660
578 546
435 836
191 129
426 560
201 8
471 39
716 892
744 76
356 256
498 869
648 915
458 711
188 970
708 831
142 313
685 874
761 733
540 437
300 531
612 669
418 505
858 990
962 260
493 775
176 584
767 243
697 234
864 696
754 143
603 147
801 773
430 193
137 273
646 383
353 518
855 138
845 195
838 623
946 29
586 226
237 824
22 882
347 81
47 10
833 766
508 928
669 339
448 74
323 965
656 627
967 642
739 937
8 846
635 360
298 31
696 279
59 449
805 730
486 177
784 533
913 149
693 903
826 849
818 875
501 635
692 719
231 215
871 720
589 26
257 219
164 314
239 485
209 187
821 147
194 451
729 953
458 270
688 846
600 129
174 205
624 522
169 324
287 445
717 384
378 375
857 983
679 686
247 859
137 295
647 604
599 845
244 470
364 367
443 542
327 474
179 784
156 194
79 827
233 484
292 490
169 629
457 587
354 379
296 395
658 243
193 55
429 385
207 156
823 482
616 711
383 587
24 404
618 970
262 906
875 204
204 12
880 869
474 961
919 786
99 268
236 48
20 787
843 421
660 275
99 997
6 401
401 374
487 418
208 196
933 322
590 685
293 496
649 381
548 599
317 193
630 110
614 630
329 608
235 946
945 363
536 610
892 388
571 34
407 232
975 791
518 596
299 279
191 508
754 30
319 487
643 793
290 96
882 430
718 118
124 833
599 892
790 663
52 776
726 174
159 455
855 291
480 230
296 809
730 418
597 328
107 855
675 562
935 156
975 622
148 749
646 120
975 262
717 814
180 141
770 60
457 159
441 280
795 897
334 573
870 944
888 43
360 649
995 260
573 969
101 743
484 356
137 561
471 585
989 85
374 923
447 931
692 785
571 741
911 110
742 698
555 232
301 159
854 52
709 743
285 894
891 578
940 597
661 682
377 973
222 726
160 986
573 378
568 443
366 196
403 3
590 280
297 784
674 420
149 983
848 172
749 469
507 725
461 607
194 212
507 922
272 576
316 634
452 995
500 390
514 668
433 401
543 383
128 338
129 658
477 892
787 441
854 133
460 713
839 610
696 240
119 608
667 10
744 451
796 629
754 866
712 981
624 737
898 287
160 60
624 465
398 409
952 335
568 758
470 214
731 934
6 724
307 71
967 446
574 550
958 559
489 495
30 782
952 817
69 896
369 440
945 585
768 160
773 142
443 55
112 869
47 891
646 578
409 759
340 322
885 177
224 803
640 246
357 321
217 546
146 858
707 292
434 754
635 928
148 742
471 858
172 508
188 560
231 952
487 912
306 40
420 5
931 472
697 629
629 149
194 869
367 197
726 929
85 396
191 440
772 55
797 30
633 212
27 375
601 343
46 546
945 134
597 378
327 693
771 757
367 138
197 96
749 921
649 728
440 319
260 394
140 929
835 218
975 773
346 615
988 216
543 205
841 926
142 368
92 316
821 110
857 175
561 844
925 277
158 311
837 675
738 516
702 837
826 96
245 48
346 376
632 41
432 993
266 286
441 47
362 292
857 368
612 774
334 458
773 267
188 192
42 872
993 552
457 65
522 823
293 235
476 154
813 196
755 149
796 432
172 735
537 836
518 228
520 982
412 320
494 666
939 281
