1000 1000 1000
607 778 40297
342 964 338780
822 494 695221
170 88 437554
468 899 601016
705 393 588002
591 566 713350
502 638 374538
60 929 979431
308 931 389819
833 911 124501
487 622 145212
658 428 331392
850 156 200964
207 820 57356
49 587 909827
290 281 980815
462 311 547096
363 848 278741
454 680 412698
701 731 169567
187 776 270737
9 342 631262
825 207 350652
760 180 979706
556 272 93195
459 281 416527
366 660 26660
989 864 690348
612 868 944800
118 12 801685
656 89 910348
976 768 689344
438 222 151211
851 258 784537
537 962 915057
474 546 438976
213 505 96648
925 846 678984
564 386 777997
256 823 801337
531 449 357137
73 394 599820
893 84 909403
92 362 552883
309 783 977186
480 675 893137
982 218 335829
761 351 262140
405 520 783253
958 339 73280
171 337 832056
746 88 373533
853 646 926790
45 540 585606
206 873 663357
899 425 865506
754 797 524239
322 699 856269
611 104 948577
333 700 197718
597 118 951500
181 281 544448
956 679 529181
957 148 732483
459 886 527703
988 611 779339
404 258 335150
461 765 1846
565 703 518411
736 370 804183
615 875 164045
649 498 309495
280 892 443972
702 978 839057
336 935 362166
218 85 418452
901 272 753437
38 847 925859
489 903 778725
861 833 850966
280 430 90480
366 578 330360
981 390 474259
812 586 125705
740 962 871896
951 55 377980
936 657 439804
26 618 520376
932 310 39473
421 305 295768
540 457 240987
826 117 906157
612 661 141461
490 307 879801
541 642 259371
912 517 819060
845 474 786976
867 144 141897
933 126 847143
878 70 322840
603 921 445292
313 291 704115
583 17 818570
311 194 675043
193 267 217620
399 407 667875
704 318 400079
278 717 44641
242 877 879796
402 23 246018
440 816 935601
222 705 814813
304 521 299879
891 470 809853
780 169 479083
795 273 927906
968 515 20423
358 847 220606
270 549 38200
78 65 227578
852 228 957615
405 589 615345
546 71 277267
956 11 61873
55 881 388155
828 498 955647
619 337 184566
648 779 733650
939 100 75653
454 323 849429
50 880 895454
323 811 90983
333 576 571689
62 850 985756
605 436 992133
514 287 111548
471 472 705857
726 209 40130
884 339 606949
366 833 915484
211 80 866345
890 597 251567
661 182 99259
620 261 745489
486 529 537467
965 295 838799
880 41 993152
951 509 888488
129 472 518931
625 372 801038
682 407 97073
464 837 393193
193 576 328267
402 213 294870
150 378 286023
203 879 20578
87 474 306622
259 830 887314
806 710 653694
668 350 75036
351 338 324424
167 155 493869
373 830 466897
501 982 776547
837 156 699972
40 765 547091
215 892 825788
193 945 732866
410 778 788939
122 448 773229
734 149 371192
532 211 760963
722 799 336443
111 103 380200
750 729 837057
888 166 151731
456 447 359724
164 133 433902
841 558 326930
895 422 89818
887 811 339196
938 110 605994
635 837 885926
350 973 665222
66 384 679171
748 867 836104
798 154 785336
168 823 382400
812 248 222494
367 72 79538
22 560 258627
406 14 555412
48 574 623912
876 783 690386
981 681 878786
605 157 583565
321 837 484859
143 981 955478
358 777 23472
942 64 680053
866 585 978162
234 604 409958
765 947 317576
646 58 91032
838 148 446185
410 159 964270
581 698 932229
480 205 891841
399 609 29371
992 337 58778
271 736 94305
589 684 502266
242 755 15746
143 76 961108
129 577 728921
642 195 876111
57 981 237593
908 981 419911
276 847 334503
457 564 93067
950 427 379356
352 734 536734
211 871 670597
69 315 653305
254 398 105765
295 121 651205
233 874 417008
281 290 602659
219 707 171343
331 395 487270
355 507 547425
888 957 334677
55 965 808182
224 909 726700
617 663 416341
46 574 811865
142 637 165941
753 932 991874
496 191 106437
693 24 154684
956 728 209382
945 729 812179
315 327 822957
472 39 298439
434 327 993124
946 280 715147
100 777 895689
554 814 255750
324 879 869963
432 548 531539
950 833 153874
447 14 397571
174 507 296758
174 873 308632
837 242 940548
576 285 411594
561 508 876862
494 640 878084
131 583 49306
602 196 70502
881 855 12673
348 829 459907
220 42 504655
423 318 624802
201 693 232855
355 555 468478
770 935 338782
547 38 143816
708 83 957982
333 253 45410
57 353 466754
975 529 949092
901 364 95598
727 78 526553
187 515 160950
456 519 544321
367 105 542052
482 17 208718
267 71 129781
248 317 54569
685 479 37211
889 105 310892
717 825 560698
314 198 797736
650 512 1133
177 217 696223
268 843 111296
521 604 945353
817 47 142581
291 844 609105
2 385 497410
537 18 320918
44 527 614351
714 116 52717
26 662 349051
195 892 38619
536 379 480853
227 494 830942
72 69 635877
652 508 807267
591 103 702499
703 60 46095
486 640 435709
262 366 182393
875 893 569556
306 408 487788
184 867 657789
901 700 243047
657 744 292865
566 551 897119
432 409 837407
346 378 51641
427 235 372231
479 810 519251
18 453 573280
746 386 635450
27 833 148545
896 558 72819
728 993 65721
431 776 854708
733 166 541385
412 500 199914
853 73 998054
684 766 936308
885 156 673659
909 521 260644
101 7 616611
588 903 352386
716 654 175473
431 262 139723
707 952 527977
491 895 21228
679 975 153926
845 407 247114
937 829 715892
194 512 961659
583 755 206806
434 984 447756
386 953 785280
190 478 90427
568 603 546555
384 418 290364
434 161 513414
553 11 183287
805 252 401361
371 913 650246
139 614 823170
823 795 195385
985 488 434866
261 720 272148
817 732 328879
537 112 858829
287 27 859130
147 298 791697
390 749 464264
740 14 661566
874 382 515971
725 242 577384
134 493 679368
394 743 326230
709 254 367785
449 851 557828
819 903 219050
318 631 935073
603 173 39558
745 792 327825
784 798 182057
828 408 958058
439 30 356149
215 252 779769
9 420 206400
773 981 767164
204 500 806226
702 346 931239
865 901 279913
134 298 637025
901 931 215223
107 916 110022
698 636 563425
49 497 849509
172 828 281216
695 999 820673
751 947 621154
417 534 952531
134 284 484296
958 61 144388
492 38 213351
345 276 636533
69 141 465640
915 8 627577
3 408 588266
461 484 213207
99 659 914750
160 933 781067
152 948 615272
943 27 81988
901 599 523682
225 629 348709
37 692 715802
490 620 489030
12 134 246129
417 621 180979
21 92 528125
761 441 967721
965 850 437062
306 590 128926
740 439 633226
855 14 328568
993 206 405819
400 805 530195
965 863 940862
696 693 982078
149 685 54251
670 19 591740
306 912 792722
998 881 719621
474 427 823026
263 988 751620
398 141 296322
996 958 669017
484 762 106347
445 348 82455
637 672 976265
861 262 56133
998 628 835824
276 356 47455
386 901 234851
556 309 570259
220 911 486620
974 840 851206
654 127 414601
573 366 597199
479 75 952331
960 403 241914
407 873 447607
474 90 180228
715 677 602135
331 640 764963
237 485 219944
990 454 532989
643 318 305499
730 2 226669
157 167 886039
452 277 763012
898 923 344436
746 500 716932
994 170 547391
647 137 444709
275 286 531450
708 689 899346
534 760 796955
395 118 230762
473 251 464522
556 804 807170
588 677 700262
274 942 575328
247 979 44095
500 112 365759
232 636 863642
751 652 845776
183 187 852147
369 480 652789
973 488 251380
605 516 769478
390 973 565377
516 318 859341
901 875 377838
824 344 881868
878 900 223941
192 559 179956
459 641 365571
609 452 60782
793 812 578649
82 261 59285
179 220 764205
309 18 178999
356 814 380377
83 442 860569
263 129 967785
422 854 879537
465 47 216543
862 611 581164
99 889 23024
431 402 315241
690 561 752327
272 577 296762
385 719 156991
484 522 14440
292 183 412907
626 233 449453
796 944 502223
406 440 186169
776 692 597542
848 20 674544
8 485 113373
426 199 274025
602 492 128020
789 887 884654
48 754 128034
82 347 575809
126 73 297360
219 699 465875
262 865 192218
946 455 759372
93 814 259828
382 860 568009
773 6 965121
59 61 886231
739 414 616091
17 37 540859
537 444 492752
274 152 494507
507 204 526369
302 826 130772
900 414 89731
257 428 328788
41 524 181920
585 708 649983
426 894 583189
707 163 481885
182 688 631284
357 263 574952
933 184 41601
643 377 922576
134 507 329847
580 94 299384
913 735 868354
580 784 653561
444 280 780036
515 20 326492
224 581 910291
466 115 127266
195 587 832503
691 964 996094
22 407 551343
199 598 286296
782 141 593963
207 769 765578
965 525 821265
46 452 524516
784 283 642170
699 93 90281
728 213 874100
754 63 445778
491 143 995391
722 269 332808
323 144 888211
111 690 192492
772 460 618518
359 819 628113
880 690 46184
967 641 382334
557 30 192730
405 602 913391
259 854 233648
909 342 551251
280 710 310308
310 308 117966
926 950 322853
500 885 960438
810 785 80594
526 902 607447
397 382 678593
943 912 481969
557 705 444540
911 426 660343
26 769 517185
321 699 569616
723 489 332928
13 994 258968
593 586 521438
510 600 676190
281 293 672118
827 771 133477
100 915 848533
8 427 986469
80 135 166459
756 766 818762
247 736 250847
994 782 345329
685 905 308394
738 231 902448
908 987 315512
304 628 18189
105 736 745181
913 194 234308
230 473 597852
627 425 477060
440 183 154159
12 808 576112
361 363 61892
712 440 356320
949 743 249980
30 277 738847
279 732 97388
665 706 296109
28 717 264990
385 596 1469
68 761 922063
57 341 388342
654 971 165553
617 993 508979
2 163 124905
707 665 102661
863 12 5583
880 557 302062
413 846 572275
619 436 763238
10 707 784532
674 668 478552
735 972 195817
355 502 789092
762 652 533402
930 473 426908
524 393 988614
773 572 697225
266 336 815165
139 23 225382
318 848 442117
335 33 242721
837 252 154199
847 401 555295
360 12 893408
529 87 513783
806 826 290179
363 113 834548
270 375 854164
80 321 160278
264 974 152221
807 684 754831
835 125 785627
653 235 73672
389 377 416192
833 452 11995
193 769 197680
341 456 547481
994 40 436613
538 508 476164
787 253 958350
234 41 601620
313 381 787146
334 446 410867
733 413 629295
856 332 671747
76 403 475752
496 7 212885
9 684 843280
360 681 712242
24 197 19066
266 673 164244
811 429 254442
7 782 682028
967 39 836827
648 622 622940
357 378 142906
399 955 340219
43 106 317544
685 219 793814
819 791 411193
835 829 996971
665 835 970105
899 657 222767
975 623 722980
191 23 258375
266 724 997803
566 884 995153
540 283 336218
138 377 370137
633 584 764263
230 194 638310
767 164 108654
669 235 159773
254 270 102492
279 260 329011
690 998 92111
756 487 943122
866 378 939739
667 612 905815
160 172 485832
339 711 285076
926 456 793232
189 150 35341
477 567 918371
333 78 971453
765 209 612773
270 437 111312
922 933 795308
957 375 11561
612 137 327557
228 596 730588
36 838 284846
351 598 811890
660 59 479451
935 693 43370
893 840 960692
68 973 3636
24 226 540947
773 884 117494
16 491 77256
400 343 962249
661 401 169430
878 156 881659
785 348 746422
637 711 995660
836 155 685009
559 255 78259
737 454 594248
712 16 599961
105 91 118830
387 729 397979
461 371 213707
123 718 923595
294 308 600473
564 309 837101
7 774 502664
417 346 132476
744 800 743867
733 741 260836
387 971 528202
741 681 793415
848 52 19393
314 70 476667
554 180 759262
393 22 452616
249 290 383317
485 705 773100
729 453 327309
274 362 499673
584 924 847778
290 513 735860
657 864 287395
426 754 900566
710 223 580115
627 266 407436
295 417 776362
291 519 561689
294 805 773588
652 375 452529
510 890 800303
650 334 433022
117 496 363982
839 931 682332
647 479 680507
104 298 630431
388 4 7086
767 185 492170
623 266 170329
58 244 314711
615 749 244703
520 355 45492
312 718 298902
745 520 771458
9 388 316618
605 349 481943
45 719 214395
257 274 629051
820 718 48091
376 377 99756
649 808 588051
478 516 53340
620 676 44542
140 739 793839
384 907 824939
977 985 365760
843 122 330013
973 806 356763
483 131 338188
662 533 699779
190 891 613155
581 541 655788
823 884 246082
264 737 16447
38 50 816316
416 482 304219
726 56 453527
362 682 101456
639 450 508113
72 849 59684
507 531 449176
447 74 778192
275 62 682703
9 309 677442
722 391 280014
586 293 189275
95 17 864352
37 432 749424
229 815 602820
718 364 722763
339 550 461935
24 343 454185
902 224 252935
542 292 819451
845 616 402151
788 98 987176
147 434 402144
565 542 649351
366 626 299444
364 111 601703
76 834 392731
350 807 904906
594 375 875008
444 639 844259
237 210 111042
860 346 634909
508 858 735862
78 166 813334
882 278 792865
281 200 443550
903 173 355265
126 575 373435
85 161 390083
154 814 920934
541 405 319180
711 404 344204
865 12 409139
17 342 324560
282 836 933571
914 697 289286
897 837 613499
640 27 615352
816 364 633487
900 121 709666
409 788 961767
36 144 687800
803 586 405981
880 575 592221
707 814 328130
798 896 731179
998 335 9240
216 245 742384
898 702 290134
323 47 920621
220 936 336745
144 391 649496
369 854 574575
724 687 719129
319 438 834749
98 607 148622
883 345 976152
846 139 781449
411 989 156925
481 305 418830
660 955 970332
842 758 270616
603 137 292630
65 496 509396
285 623 938053
580 108 364962
881 947 767859
764 903 724761
427 287 466783
159 366 712961
690 215 236669
334 737 828441
904 982 224500
398 385 710609
863 696 227233
121 488 153167
312 1000 265937
325 47 491564
203 881 840
945 287 708150
428 927 951679
565 44 717422
786 277 242079
912 611 928457
481 918 422602
690 953 191601
559 879 841553
290 109 948483
817 778 585852
967 939 745425
37 634 632135
137 649 892959
39 259 799585
991 132 610472
622 857 726318
785 858 464408
142 326 129412
524 287 86929
694 183 627248
300 58 761193
442 126 83952
779 111 348008
392 855 321080
341 661 683789
693 948 754671
926 487 631560
111 108 151921
800 910 929919
98 246 170893
56 139 578443
525 320 632518
367 727 252217
612 533 243796
51 365 370764
806 784 681635
510 588 950648
286 708 342737
60 744 585575
140 102 274482
799 664 732470
716 855 834125
149 768 355062
316 444 550430
54 310 967021
792 448 498516
672 710 548821
591 631 131666
589 632 406362
453 34 620336
338 575 888286
376 808 547577
704 994 625910
798 306 492589
4 509 370604
156 540 59263
817 863 294014
390 112 141590
611 739 202459
116 212 592910
819 585 432555
49 705 447734
760 196 447046
668 468 590673
658 780 215161
873 400 378647
879 676 592839
182 816 336051
609 755 168804
193 126 400965
748 700 501241
255 105 209120
58 800 91173
268 817 635339
152 889 806072
800 907 229121
552 847 223480
285 162 530675
407 565 95774
404 649 584195
479 475 337112
240 132 107977
292 20 367943
183 518 200208
873 519 63744
999 987 911896
82 647 726541
397 670 525460
42 781 290667
733 577 34475
820 715 48012
846 18 231096
268 417 91796
101 249 784140
189 394 518622
816 510 307241
194 606 269558
10 175 261127
1000 55 748830
844 772 974929
952 494 852428
568 502 310822
224 670 940392
990 17 857563
185 469 785937
601 896 209846
816 520 116631
728 295 920050
887 574 191360
840 696 350016
467 26 165573
782 609 464194
701 395 993364
520 994 70863
667 478 125965
547 378 538932
215 449 512391
812 921 450096
285 151 70667
706 516 280117
463 776 137238
304 134 402412
355 840 601
709 460 906991
737 294 369851
294 823 143567
535 525 851091
73 652 243150
535 476 183536
889 820 764579
926 720 259987
870 630 3067
837 342 891250
892 506 671093
626 660 511349
754 711 940259
773 927 294010
475 348 115470
53 756
579 406
656 1000
227 162
373 15
204 937
747 683
816 518
726 757
601 281
732 861
774 571
704 69
976 860
650 109
442 783
67 127
372 613
373 52
262 557
448 396
674 705
734 824
649 498
558 35
340 410
531 140
11 152
254 972
633 439
631 45
829 702
999 55
97 760
471 533
38 909
689 5
685 582
789 307
39 324
868 349
52 160
752 271
430 795
241 176
982 998
280 618
869 386
639 917
140 873
502 2
116 154
38 132
965 144
865 898
113 770
615 829
809 899
745 911
166 723
401 393
193 890
871 675
842 363
692 455
892 806
682 29
990 188
409 95
346 854
642 318
241 910
175 18
171 971
608 613
563 439
190 679
136 996
211 698
700 73
639 510
224 697
827 125
149 564
137 304
964 266
737 95
77 174
940 204
907 432
75 287
317 793
640 42
589 202
932 861
203 300
614 659
858 56
617 490
121 600
125 381
123 99
788 93
887 188
198 699
263 34
428 462
219 880
799 226
110 133
857 782
31 52
795 580
753 253
796 228
563 777
727 496
151 25
380 528
757 694
869 742
592 889
249 91
927 91
236 423
572 702
236 972
296 713
852 906
636 543
484 627
209 279
838 199
8 940
145 56
849 86
952 63
302 37
852 444
744 356
741 505
408 571
220 182
175 491
314 573
917 141
241 111
900 34
641 604
789 172
540 366
129 842
81 13
169 30
971 747
318 690
859 944
368 885
113 358
170 122
558 710
483 337
275 712
141 867
554 725
624 88
971 872
223 755
167 720
393 68
48 782
465 77
222 12
926 989
306 571
386 830
366 491
645 33
698 582
226 672
615 500
280 498
327 631
18 610
666 503
711 936
537 438
560 228
382 693
208 473
233 404
743 623
91 429
509 959
238 441
492 426
50 839
797 473
104 531
193 765
10 28
889 456
272 644
709 689
403 923
272 234
61 611
41 453
94 924
714 442
375 592
716 881
698 448
583 125
790 420
822 182
63 262
872 445
187 78
175 275
453 574
828 681
925 391
920 184
117 457
723 793
741 645
752 669
398 70
94 598
874 898
399 123
73 437
876 143
28 206
630 705
868 198
341 124
755 175
308 536
553 866
346 374
344 47
761 607
520 448
914 628
114 701
70 406
159 880
165 934
889 626
850 861
504 331
36 844
254 709
813 557
627 936
718 679
192 502
887 869
710 680
699 118
767 342
153 173
563 441
67 298
204 539
82 158
954 677
799 58
542 936
867 967
769 547
398 870
893 650
787 472
986 260
65 990
977 299
162 682
36 639
215 843
779 202
720 491
72 780
976 716
602 415
638 606
860 268
604 425
167 83
83 480
403 982
900 587
817 517
399 867
898 338
607 993
152 597
427 646
227 128
53 163
508 748
246 226
413 737
287 298
86 209
256 957
208 500
292 53
381 188
850 274
125 546
428 716
897 790
59 374
163 281
200 736
371 421
579 707
954 171
614 440
474 756
755 56
403 520
985 44
998 968
529 173
213 150
166 364
920 211
136 579
440 407
887 137
767 60
253 409
149 443
987 306
147 372
986 631
66 640
515 968
756 817
382 109
674 864
941 441
955 373
161 764
290 930
883 295
159 392
348 396
252 719
493 506
113 456
110 123
919 638
617 840
616 383
304 515
259 799
769 419
60 701
552 51
649 426
317 139
717 16
528 51
136 488
403 54
492 746
752 556
889 208
781 142
528 723
646 549
474 83
699 946
633 641
92 951
741 455
483 147
144 198
761 872
90 278
151 976
308 489
878 490
471 48
598 217
765 643
234 293
166 331
881 15
412 371
61 23
134 905
719 472
584 33
655 978
280 410
160 358
329 237
697 710
155 796
636 361
39 144
994 385
55 297
956 200
651 513
115 445
141 904
903 323
980 656
634 537
963 618
565 306
859 582
561 998
156 350
871 478
71 898
392 459
693 132
196 62
720 492
725 688
864 124
693 338
598 261
586 37
20 263
624 443
570 148
735 211
33 836
831 936
699 905
602 449
264 300
761 145
489 413
709 616
32 605
479 678
573 735
191 990
785 817
104 744
686 359
121 285
100 968
900 966
356 341
370 333
504 752
948 417
400 602
898 244
477 539
662 568
873 765
226 748
291 849
796 211
575 95
40 364
355 920
590 122
378 878
278 477
317 658
571 614
123 693
476 382
927 398
99 894
809 737
497 439
811 45
390 226
333 804
341 785
424 566
469 939
398 837
536 411
622 297
215 288
100 4
587 869
518 590
604 249
895 506
693 551
527 150
677 991
16 749
462 146
690 248
977 385
574 824
951 877
789 813
336 527
153 112
326 480
946 491
43 858
674 903
326 244
953 68
489 681
72 556
452 584
344 896
562 644
763 824
890 516
313 445
110 835
796 2
23 585
3 205
142 375
241 370
380 438
591 952
385 847
349 968
848 275
700 268
24 772
541 669
267 385
866 939
873 756
699 160
181 807
353 916
630 737
550 241
911 69
594 712
999 219
751 545
992 348
484 734
379 240
604 535
432 930
632 310
242 922
280 243
120 393
397 425
28 273
280 566
527 649
635 277
722 523
254 167
197 313
898 644
306 58
241 622
499 433
955 958
127 229
737 956
432 353
757 346
510 293
199 680
284 858
856 784
689 49
386 202
639 611
285 760
135 721
282 194
538 956
195 459
257 86
344 441
180 670
778 16
966 38
810 118
550 896
834 695
302 899
435 826
359 874
788 472
809 725
944 836
559 21
127 780
984 915
507 180
150 800
828 139
34 101
683 554
341 11
634 219
760 651
753 799
803 998
753 158
16 342
259 74
488 98
185 19
364 557
411 27
173 774
419 635
844 192
513 907
153 219
622 676
798 632
836 985
708 664
10 16
420 5
799 149
704 607
677 204
161 663
689 330
479 408
690 520
396 880
370 576
615 163
754 169
188 248
723 630
697 424
621 278
849 925
210 428
580 864
700 544
411 281
850 867
752 794
693 382
483 395
824 850
542 366
803 152
905 939
374 873
525 740
459 102
435 74
899 393
709 589
447 273
627 999
175 520
478 113
22 144
696 43
427 129
809 878
272 907
875 556
358 793
901 478
398 67
938 644
313 714
651 800
95 151
303 99
330 963
265 557
947 975
594 71
171 189
282 403
715 804
730 634
419 662
923 285
54 469
199 75
283 400
950 896
524 154
825 139
922 523
50 974
670 652
249 961
704 702
375 366
635 314
54 165
270 401
990 848
251 236
896 128
267 212
861 565
382 330
55 848
423 552
647 516
765 829
428 408
754 387
777 461
943 588
495 13
845 168
477 569
685 72
750 881
567 924
378 230
381 471
963 691
65 833
497 767
770 803
821 971
9 406
33 753
177 356
373 506
401 396
802 190
500 504
697 431
953 378
220 253
466 361
107 498
871 8
736 927
331 471
531 364
141 22
269 139
248 904
239 116
451 13
867 185
144 126
466 74
335 412
475 857
635 368
921 663
699 420
580 772
705 783
758 577
198 907
574 321
499 626
215 51
561 707
770 224
73 233
391 330
691 12
671 562
417 324
315 928
484 388
29 62
349 412
149 468
804 437
949 436
748 576
644 199
780 855
814 685
454 697
137 519
51 376
608 136
964 798
19 918
930 410
579 277
205 55
338 524
760 788
808 468
714 956
878 471
229 727
470 662
337 86
560 841
353 82
334 402
628 4
519 10
989 85
990 993
163 270
116 960
968 80
184 114
844 845
501 5
546 100
444 285
809 143
996 545
835 576
896 690
898 887
137 210
708 844
758 914
965 626
306 634
829 849
702 284
52 346
385 200
28 654
38 48
550 694
478 309
723 164
840 631
924 727
879 72
201 561
404 944
701 828
798 321
79 831
184 67
105 173
362 944
67 773
566 257
960 202
596 806
80 260
517 89
971 764
995 706
971 843
54 443
145 170
503 356
318 114
655 511
266 764
80 37
880 130
211 702
311 163
759 460
377 833
63 735
847 590
627 497
738 826
293 107
458 773
5 925
290 90
572 217
857 505
907 711
729 283
620 273
387 993
207 815
72 388
510 219
232 13
137 254
662 237
361 816
513 782
143 547
939 567
357 151
653 842
251 526
375 313
939 736
596 516
909 175
635 227
226 572
862 505
579 767
406 6
754 42
756 771
903 53
545 233
348 418
109 193
896 338
547 356
710 973
2 443
119 916
916 576
115 970
258 330
747 782
588 84
536 553
853 757
172 117
644 216
863 2
475 549
2 523
51 996
943 542
205 864
726 879
953 457
785 652
338 360
519 569
319 158
555 333
690 797
318 538
668 972
887 392
502 53
273 496
544 98
565 885
645 714
170 902
84 40
755 132
863 3
49 561
311 662
115 758
157 665
252 75
393 221
677 858
37 747
85 547
115 204
455 784
162 561
332 234
659 443
995 553
625 699
455 415
844 91
992 668
964 202
656 946
171 899
791 585
402 597
286 491
154 827
143 649
564 141
482 611
320 52
48 27
488 649
739 409
61 613
643 431
336 65
489 357
394 646
566 926
52 773
764 872
54 687
836 702
82 854
293 745
554 305
146 354
