5000
00 85
10 2595
01 2249
11 4183
11 317
11 3657
10 1406
00 3014
00 4472
11 1693
00 4040
11 285
10 3492
01 3301
00 829
11 3402
00 1420
01 1133
00 2626
11 586
01 823
00 3610
01 3932
00 2882
01 1192
11 3778
11 2695
01 1791
00 1366
00 3545
11 4121
01 3725
01 2949
11 3333
00 3198
10 3715
00 2346
01 3353
00 524
01 996
10 2770
00 3349
10 800
10 167
11 3035
00 795
11 3654
00 2119
10 1040
10 2874
11 4324
10 642
11 1880
11 2343
00 1630
01 4389
11 3519
01 78
10 3699
00 581
11 474
11 3332
11 54
10 1607
11 54
01 231
11 4444
10 3000
10 4560
01 2619
00 2195
10 596
00 1021
10 2661
10 2712
10 3490
10 1699
00 347
11 3183
10 4901
01 1957
00 2857
11 55
10 2923
10 4202
11 4709
00 3674
00 1842
10 4998
11 3003
10 3248
00 3653
10 38
00 3232
11 4828
01 1722
11 3879
11 4810
11 603
10 349
10 2423
10 2157
00 4
01 1477
00 3313
00 2031
10 4929
11 1870
10 3852
01 3883
11 3690
01 3708
01 1371
11 3953
00 698
11 3230
10 3573
00 684
01 2983
11 3207
10 3390
10 2185
11 3102
10 3501
10 4171
01 1117
00 419
00 3069
11 4610
11 350
01 3715
00 3260
10 2254
11 3488
10 4445
01 3967
00 2342
00 2161
00 2196
01 2867
10 1374
10 349
01 2966
01 4684
10 3866
11 2681
10 271
01 3049
11 3226
11 3395
11 2885
11 509
11 4824
11 2448
01 2813
00 4791
11 3658
00 1147
10 283
01 570
00 1893
11 2491
11 757
10 4572
00 4047
10 4893
00 3847
10 2258
10 4236
01 1268
11 3783
00 73
00 865
01 3840
00 882
10 2021
11 2267
00 2043
00 4653
00 157
01 295
10 3292
10 1300
01 1245
01 4954
00 655
00 1588
00 1241
01 1257
11 3682
10 1204
10 1527
11 4626
01 2817
10 1815
10 901
10 3521
10 1194
00 3018
00 4126
00 3835
11 4713
10 316
00 2400
11 4269
01 2291
00 1648
00 4568
10 2828
10 4910
00 2859
00 1706
00 1189
10 542
10 2500
11 3189
00 1605
10 280
00 4773
00 1421
00 4042
00 1058
10 3462
01 1742
10 4344
11 4264
11 346
11 2854
01 2084
10 3376
00 1575
10 4019
00 4778
10 3822
11 1881
01 2344
10 1770
10 3640
00 1766
11 1579
10 3310
01 3681
01 3819
01 881
00 1972
11 2801
11 2044
10 2486
00 1314
10 3658
10 1983
01 3105
01 4835
01 1555
11 513
01 2982
10 1574
11 521
00 558
00 3209
10 991
00 3023
01 3916
10 4712
00 2251
10 3485
00 520
10 4977
11 2200
00 3525
10 4630
11 4135
11 4497
01 2646
11 4572
00 2600
00 3364
01 452
01 622
10 1097
01 2975
10 141
00 2082
00 1902
10 2126
00 2765
01 4141
01 4286
00 1030
00 466
10 1723
11 4525
11 3004
11 240
00 3242
11 999
10 1157
10 4620
11 503
01 4147
01 1623
11 2996
01 1742
00 548
01 1853
10 1436
10 2437
11 3288
10 550
01 4265
00 4393
00 100
11 2054
11 2129
11 502
11 309
00 2257
11 2968
00 506
11 4656
10 3431
01 3860
10 4466
11 1465
10 1138
11 729
11 2130
01 2007
01 4600
00 764
11 160
01 118
11 2455
11 3571
00 2312
10 4258
11 4210
00 3522
10 1344
11 3017
01 816
01 1575
00 2909
10 2056
10 4333
10 2494
11 1771
00 284
11 4662
00 3620
01 768
01 3538
01 720
00 4799
10 3057
11 2407
01 3088
11 4659
00 666
11 832
00 1604
11 670
11 1593
10 2425
11 824
00 3724
01 3914
01 3513
11 1816
11 4074
11 2260
00 355
01 2651
10 3086
01 4090
01 1974
10 877
01 1940
00 3681
01 3789
11 1155
01 3257
10 895
01 2014
01 4435
11 3171
11 4473
01 726
10 2408
01 4430
01 355
11 250
01 4393
11 1136
01 707
00 1334
00 4618
10 4781
11 2518
01 873
00 735
11 3195
00 4112
10 4775
10 3471
00 2613
10 1799
01 2348
11 4103
01 979
10 3080
11 1430
00 3938
11 95
00 1511
01 154
11 2054
00 1312
10 3866
00 1086
11 1513
00 1027
00 4246
00 2757
10 1455
00 1236
11 4543
11 3460
01 4429
01 688
10 635
10 2226
10 4200
01 4164
11 1454
01 1259
00 757
11 1614
01 310
11 1555
01 3657
10 4435
01 3552
11 2593
11 3001
11 654
11 2960
11 992
01 4107
01 1343
01 2396
11 510
01 4579
11 1224
11 1
10 656
01 1686
10 5000
11 1491
11 1987
00 441
01 2491
01 3416
00 2492
01 1641
11 2343
11 2397
01 696
11 1387
00 856
01 2006
01 2908
00 2084
01 1060
01 4713
11 1468
10 3186
11 3406
00 2026
01 1767
00 1849
00 1478
01 1503
00 3728
01 1789
00 470
00 3501
00 1101
00 4133
00 85
00 2177
00 2651
00 3718
10 360
10 2303
11 3159
00 4403
10 2363
00 4604
11 2814
11 1962
01 2139
10 751
00 3085
00 857
00 141
10 771
00 3665
10 899
01 4335
01 2101
01 4694
01 2503
00 3238
11 4108
01 4051
01 3393
10 4470
01 1531
00 1931
01 2694
00 3292
01 4991
10 2476
00 4508
00 2165
00 1286
11 3891
01 158
10 2975
10 1125
01 2877
00 2194
11 4815
00 1697
00 2975
01 4214
00 3608
00 182
11 262
11 1926
11 4489
11 2113
01 4311
10 4087
00 4279
01 3601
00 4854
11 3158
00 1974
00 3017
01 1458
10 856
01 859
00 4551
00 2822
10 163
11 2796
11 391
00 3065
11 786
11 4885
01 1231
00 4542
10 4156
10 939
11 467
10 1427
11 2340
10 3988
00 3506
10 4637
01 313
11 2812
10 3910
11 4120
00 1783
10 865
01 2303
00 3635
01 4444
00 1799
11 3048
11 4474
01 1723
11 1884
00 599
00 1249
01 2691
11 3515
10 3952
10 2639
10 463
01 4956
01 9
00 2255
01 1486
10 3729
11 3567
00 1815
11 2308
00 4561
00 359
11 1860
00 4678
11 2584
11 5
01 3659
11 3889
00 116
01 4678
00 3169
00 482
01 2353
00 4200
01 3411
00 3439
10 373
00 2408
01 789
00 1396
00 92
11 2531
01 3758
01 2677
00 3547
01 3621
01 1561
01 785
00 4424
00 4860
11 820
11 588
11 1031
01 2972
00 437
01 2179
01 2022
00 3252
01 143
00 588
00 4904
10 3926
10 3248
01 4826
11 1917
01 2442
01 4756
01 1876
01 4007
10 3371
11 3146
01 4574
10 397
01 3167
01 4734
10 724
00 2524
11 3914
11 300
01 885
10 2120
10 378
11 4267
00 70
00 734
11 899
10 3206
10 3258
11 2900
10 2108
01 1691
01 3007
00 3230
01 1208
01 4951
10 4355
01 4777
00 1980
10 1823
10 4986
10 1795
00 2758
10 2768
11 3825
01 3720
11 3243
10 1175
00 3781
01 1174
10 4472
10 3736
11 2507
01 2176
01 4865
01 4714
10 3232
01 3022
10 643
10 3544
00 137
10 2555
01 245
11 1809
11 4916
10 1012
00 4378
00 2472
01 133
01 3870
11 3159
00 2643
01 3553
00 4183
00 2011
10 735
01 1093
01 4755
11 4393
00 1929
11 4454
11 3312
10 190
10 4646
10 641
01 3154
01 4824
11 3242
01 4787
11 4951
10 1132
10 3348
11 4954
11 147
01 1055
01 2863
11 2914
01 3483
00 1357
01 1074
00 1871
10 4301
00 1412
10 56
01 4800
11 1061
01 1816
11 767
01 2914
01 1032
00 3999
11 2604
11 1384
10 1276
11 534
00 2476
10 1888
10 1293
10 3649
10 3228
01 736
11 2849
11 222
00 3824
11 3235
00 2388
11 762
01 2823
11 4760
00 1819
10 473
11 1364
01 291
11 2996
01 4785
10 1838
01 801
11 3347
10 1383
01 3064
10 3999
11 294
10 4039
11 160
11 1707
10 4072
01 3359
10 4531
11 2312
01 2233
00 4731
10 3518
10 1325
11 188
01 4417
10 1870
00 702
11 2494
01 4734
01 1760
00 3472
01 116
00 526
01 304
10 3688
10 1668
00 2895
11 205
11 3219
00 1810
01 2750
11 186
11 3182
10 4596
00 2431
00 677
01 1487
11 3566
00 2400
01 475
01 4050
00 2902
11 4038
00 1417
00 1203
00 4839
00 2453
01 3908
11 2409
10 2929
00 3315
11 1353
10 3696
10 430
11 380
01 3973
00 2246
10 2717
11 3791
01 3812
01 630
01 2435
00 4310
11 725
10 2878
10 2756
00 2033
10 3947
00 2068
01 1277
11 1587
01 3405
00 4324
00 1707
11 4962
10 2190
11 3387
11 620
01 1498
10 4924
10 2318
11 2637
00 3545
01 2964
10 618
01 1577
00 3772
01 2979
00 2372
10 776
00 2023
11 1509
01 4290
00 1740
01 2568
00 1425
10 4151
11 2644
01 355
01 514
00 3890
01 1020
00 3239
10 2791
00 2503
01 3282
00 3126
01 4147
11 2523
10 466
10 2048
11 3572
10 4947
00 714
10 3560
01 2735
10 3949
00 3382
01 2740
11 353
00 3972
00 131
01 512
11 4247
01 607
00 4079
11 2610
10 4998
10 2249
01 2198
11 3903
01 106
01 4713
01 3973
10 811
00 2202
01 2355
11 1914
10 1452
01 4849
00 4677
10 4481
00 2431
01 3230
11 4322
11 1448
00 3704
01 2348
11 288
01 3523
11 3789
10 3337
10 3925
11 3719
00 1771
00 1066
11 1181
01 1786
01 4246
01 4004
00 1820
00 1584
01 4716
10 2452
10 1481
10 647
01 4329
11 4478
11 545
11 4723
01 3267
11 1537
10 3679
00 4249
11 2519
01 1328
01 2665
10 543
11 4601
11 1273
10 4285
11 473
11 247
01 4490
00 3831
11 3060
11 4534
10 2918
01 1731
11 566
01 1682
01 939
11 1696
00 2860
01 113
00 926
01 1267
00 2217
01 2784
00 3275
10 4831
11 740
01 4259
01 2241
01 594
10 2642
11 2336
01 1244
00 4882
10 399
11 3571
01 1728
01 2539
01 4936
11 1450
10 771
11 1449
11 4203
11 1378
01 883
01 4483
01 2820
01 1960
10 3043
10 4293
01 1000
10 2136
11 257
01 3781
11 4197
10 4375
01 1282
01 1750
00 2623
10 4516
00 2570
01 2839
01 2124
00 3386
11 280
01 963
00 648
00 1302
01 4600
01 4225
01 1008
00 727
00 4614
00 1685
01 554
01 439
00 2800
01 756
01 602
11 2118
00 644
11 4323
11 4950
11 3295
11 989
10 904
11 4522
00 2968
11 1145
10 3782
10 819
00 3309
01 3605
10 660
10 1919
10 1013
01 1126
10 4934
10 3002
11 3074
01 4272
11 3649
01 2097
11 460
10 3042
01 66
00 394
11 1182
01 823
11 478
10 1658
10 3061
11 3942
01 3386
10 4876
10 2328
00 4266
00 1188
00 1599
10 4250
10 1905
00 3880
01 2384
11 3152
10 1488
00 3170
11 2259
01 305
00 1084
00 4017
10 2973
10 4319
11 818
01 1401
11 4788
10 1274
10 783
00 1776
11 1596
11 4637
11 3607
10 4433
00 466
01 3246
10 241
11 1130
10 3180
10 2625
10 2048
10 3209
10 2830
10 540
10 2282
11 2098
10 4438
11 4132
00 1228
11 3922
01 3248
01 3581
01 1235
11 3998
10 665
10 3965
01 36
00 4555
01 1135
11 4329
11 3380
11 990
00 1278
11 3597
10 3176
01 1453
11 2003
10 4647
11 685
11 4155
11 4148
11 692
01 1831
10 1871
01 1150
11 3536
11 52
11 1861
11 1012
00 585
11 3970
11 4794
01 2821
10 3955
10 3604
11 1755
00 4614
11 405
01 48
00 870
01 2467
00 249
00 1979
11 4846
10 1841
01 1991
01 2498
10 3418
11 1630
11 1538
01 4658
00 2989
01 4366
00 4919
01 1455
11 470
01 3958
01 2317
01 1016
00 3761
01 4764
10 4423
00 2208
00 971
01 1148
01 2394
01 2853
00 1658
10 2156
10 4605
01 4421
10 1129
10 3608
10 2770
11 1307
01 2111
00 2509
11 313
10 4413
11 40
11 4257
10 77
00 280
01 2000
00 1168
11 3508
10 3352
01 4534
10 2240
00 1282
00 1060
10 4935
00 1141
01 4982
01 3439
10 3582
10 4748
00 4994
00 128
11 1465
10 155
01 838
11 2690
00 862
11 3030
10 1701
10 1091
11 609
00 1627
11 732
00 2296
10 2574
01 4430
10 3466
00 4230
00 1716
00 2492
11 3690
00 2314
11 3968
00 1355
00 1401
01 3817
01 309
00 847
01 117
11 1320
01 857
01 1557
00 3603
00 4083
10 1082
10 3155
01 200
01 4241
11 2139
10 2061
10 3480
11 525
11 523
01 3953
11 3681
11 3045
01 478
00 707
10 95
01 4006
00 1505
01 4920
00 2784
11 3885
11 2882
11 3230
00 1129
10 4231
01 2900
10 3705
10 1806
10 1993
01 814
00 1207
01 4101
10 3288
10 4083
11 2956
10 2563
01 3264
00 18
01 2757
11 2380
01 2984
11 4807
10 536
01 854
10 1987
10 4191
00 1217
00 3357
11 4615
00 3247
11 4910
01 3648
11 1442
00 3221
00 4859
10 3257
00 207
10 3772
00 3277
00 4856
11 2891
10 3099
00 4874
11 160
00 2813
11 1790
10 1486
01 3295
01 905
01 1034
10 3055
10 3209
11 3132
01 940
01 664
11 1868
11 4666
11 3169
01 2825
10 2525
10 4969
10 2190
10 2692
00 1088
00 3831
10 4009
01 337
01 3475
11 2479
00 3646
11 2690
11 235
00 4687
00 1009
10 4486
10 516
11 92
01 545
01 3225
00 1324
11 1355
11 3202
11 9
01 4639
11 3528
11 4450
01 4506
11 588
01 1154
10 900
11 161
10 989
10 4796
01 750
01 324
00 3306
10 3893
01 4702
11 87
01 2942
11 4768
11 3928
11 4688
11 3567
10 3931
00 329
00 683
10 1865
00 3027
00 4718
10 1733
00 106
01 4877
10 2052
10 2716
01 2895
00 3366
10 2752
10 812
11 4932
00 3603
01 400
01 819
11 3303
10 3288
00 4991
10 3252
00 1116
01 4
00 1620
10 95
10 4858
00 42
10 4803
00 2679
00 1011
01 224
00 2057
11 1401
11 4295
01 1820
01 4835
11 138
01 1897
01 129
11 2767
10 1880
11 2999
01 1493
11 216
11 1167
01 3101
11 1269
10 1125
01 4429
00 2041
00 3821
01 2329
00 2182
10 3256
01 2364
01 2995
10 4111
00 4502
10 2557
11 103
11 1014
10 2657
10 1535
01 906
11 2624
01 2422
00 1541
10 3034
10 3952
11 1033
01 3725
00 4178
10 4557
01 2056
00 748
00 1553
10 4260
11 2263
00 2399
11 1563
10 3048
11 61
11 3011
11 1660
11 1401
01 1228
10 1581
11 3003
11 3721
11 1964
10 90
01 2845
10 4263
01 4192
11 3470
11 2941
01 3703
00 4830
11 224
00 2073
01 4159
11 4146
11 3227
10 999
00 2611
00 626
00 861
11 531
10 41
11 4267
10 2131
10 1081
00 3541
10 1633
11 4514
01 1752
11 4724
01 2010
00 495
10 668
01 1260
10 2931
10 2087
00 723
10 4545
01 3944
01 2710
10 1992
11 1160
01 1071
11 3411
11 2674
10 3887
11 316
01 3105
10 300
10 330
01 277
00 4327
10 1325
10 4431
11 807
01 2616
10 3257
11 4914
11 1502
00 3594
01 4549
00 2257
01 409
11 722
10 4631
00 735
11 258
11 789
00 3986
11 2308
10 713
00 80
10 3245
10 1514
10 3529
01 3127
11 1243
11 2232
00 703
01 3345
10 1603
10 3419
10 4337
10 338
10 1073
00 366
01 3668
00 1694
10 290
10 4849
01 2589
10 1395
10 3003
10 582
11 1856
11 3686
10 2306
00 4012
01 4571
01 644
01 2818
01 1559
00 594
01 2258
11 4994
11 2165
00 4371
11 453
00 4038
01 4362
10 587
01 1186
11 4747
10 692
00 2079
00 1925
00 2190
11 1663
11 963
01 725
00 3524
11 4584
11 3564
01 3805
11 1826
01 877
10 2169
00 1067
00 4478
01 378
00 2029
00 1660
11 2468
00 1396
11 3741
10 2085
01 3304
00 169
11 1863
11 2347
11 3817
01 2333
10 4048
11 539
01 795
00 838
00 2773
00 3626
10 1620
10 1192
11 10
11 3341
10 1447
01 104
11 4237
01 1624
10 4786
01 1764
10 1498
10 3409
11 1611
11 344
00 3599
00 3286
10 694
01 2994
11 4897
00 4826
00 1192
10 1574
11 212
11 2187
10 2182
01 1313
10 2246
01 1950
01 3109
11 441
00 2860
01 2056
10 1242
11 2770
11 898
10 2317
10 2891
00 762
11 230
01 1812
10 3011
10 3005
10 4053
01 2736
11 4489
10 2040
01 3211
01 592
10 4033
10 169
00 4214
11 143
00 2424
10 668
00 3346
00 2747
10 1075
11 934
11 4989
01 2977
01 4576
10 2973
10 3564
10 4174
10 3730
01 2037
01 1740
01 495
10 1496
00 1124
01 817
11 3561
10 269
00 1182
00 4104
01 3713
00 3640
10 2265
11 4064
00 475
11 1381
00 3905
10 1436
00 3174
01 1177
10 1739
10 1
11 1245
11 2570
01 140
01 4533
01 4982
10 787
11 1114
00 2741
01 1126
00 4611
00 42
11 4318
10 2602
00 749
01 200
00 4388
10 1599
00 1272
11 1465
11 1741
10 2482
01 2360
11 4018
01 4205
11 3263
01 4810
11 441
01 298
01 4117
11 3172
11 3067
01 801
10 2687
01 1657
01 4443
01 2983
11 180
01 2464
00 1105
11 1016
01 2103
10 2180
11 1071
10 3977
00 254
10 836
10 4316
11 1912
10 1190
11 2620
11 1724
11 4538
00 1884
00 4137
10 173
01 3252
11 3965
00 2425
11 1107
01 1962
11 3581
10 351
10 2524
01 4482
10 4635
00 4658
01 1243
01 2849
01 338
00 2021
11 3928
00 1243
01 4601
01 1623
00 293
11 270
11 2707
10 4580
01 2481
00 3134
11 990
10 1193
00 4961
11 3121
11 4351
00 4500
01 2593
10 3716
00 3379
11 1360
01 4846
10 2051
10 479
10 2900
01 3045
11 4092
00 1215
01 3795
11 900
10 916
01 3962
00 4516
11 824
01 1815
11 579
10 3187
10 3693
00 4891
11 1857
10 4053
01 2912
01 2324
01 4095
11 1359
10 2094
01 2577
11 4675
01 3159
01 285
00 1564
10 4346
00 2680
11 3242
00 2949
11 3937
11 2761
01 2568
01 2015
10 3573
10 4446
01 4398
00 3408
01 2002
01 2020
11 4473
11 116
01 4767
11 168
00 2509
11 2393
11 1959
00 2895
10 2127
00 2876
00 449
01 62
01 3357
00 3529
00 1168
11 835
10 2883
11 2958
01 4642
10 3457
10 1742
11 1632
00 4564
01 1471
11 1260
00 4691
10 4547
00 3361
01 833
11 3653
11 260
00 3364
01 4227
11 74
01 1892
10 1869
00 1374
10 352
01 167
11 3242
00 4480
00 476
00 1260
11 1070
01 2972
11 1131
10 4438
01 1640
00 3258
11 4937
01 4595
01 980
10 1588
11 1491
10 1273
00 4279
01 4225
00 3344
10 2643
11 3686
01 4750
00 987
10 975
11 494
11 2678
11 361
10 1681
01 580
01 4576
11 3041
00 136
10 3046
11 953
00 150
01 4496
11 1863
10 3941
00 3429
01 4213
01 1358
11 225
00 2588
10 1102
01 967
11 2411
11 1800
10 3254
00 2247
00 1695
01 3534
11 3811
11 4939
10 4363
01 434
01 3594
11 3592
11 1090
00 3018
11 1976
01 324
10 3636
00 1362
00 2474
11 3651
10 1371
10 4816
10 4693
00 1273
00 14
10 1393
01 1573
10 3285
11 2538
01 4305
01 305
10 1715
10 731
01 4062
10 1244
01 1440
01 1542
11 3525
10 549
00 4730
01 2953
11 2682
10 1775
01 3724
11 232
11 83
10 3856
11 4397
01 2368
11 4308
00 1565
00 3952
11 367
00 2868
01 763
01 364
10 3249
01 645
10 2126
00 2949
00 1436
00 1591
00 4165
00 3944
01 1371
00 3021
11 2076
11 1507
10 3934
10 485
01 1167
11 281
00 4464
10 3891
11 4364
11 4721
01 4390
10 2997
10 696
01 4678
01 2293
10 4672
10 249
11 4671
01 4523
00 2696
01 2906
00 4320
10 2740
00 3227
00 3368
10 1606
10 1550
00 2837
00 1874
11 2711
01 2077
00 3829
01 3716
10 1814
00 3159
10 1798
10 4042
10 682
01 1296
11 3613
10 3923
10 950
00 4205
10 2448
10 3578
01 3649
10 3580
11 1788
01 3253
10 3567
00 297
01 3037
10 4842
00 1437
11 3313
01 3345
11 4492
10 1137
01 2986
01 3133
01 112
11 1438
10 3208
01 2581
01 1773
10 658
00 265
11 2015
11 3903
10 1739
10 313
00 4424
01 2690
11 989
11 3837
00 4060
00 4525
01 677
11 515
00 3449
01 2003
11 1360
00 3455
10 2820
00 419
00 547
01 135
11 1969
11 1640
11 4364
01 4558
11 3702
11 3888
00 2950
00 2444
11 3079
01 4280
11 2752
00 892
01 4722
01 2172
11 1126
01 1875
10 3300
10 2003
00 621
00 1694
10 4810
11 3201
11 1762
10 1851
11 880
01 66
00 3578
00 3566
01 179
11 2132
10 2714
00 605
10 4978
00 3125
01 2544
10 1092
10 4568
10 4000
10 2151
00 3257
10 3650
10 4355
01 4630
01 3855
01 3182
01 1003
01 1065
00 4262
01 3977
11 2213
10 4493
01 176
01 4848
10 2981
01 263
10 4172
10 4167
11 2450
11 2701
10 1335
00 4988
11 55
01 3186
00 429
01 4691
10 3675
00 669
00 4987
10 3650
10 4169
01 3970
00 1350
10 862
00 31
00 470
00 676
01 723
01 1882
00 4230
01 4810
01 727
10 2767
01 87
00 523
10 2031
11 4475
00 3062
10 1231
11 1167
10 4291
10 2217
01 4160
01 4221
00 1683
00 4315
01 4709
10 3966
01 250
11 4995
11 3642
10 2646
00 3523
00 1421
01 2173
11 811
00 1917
01 2942
11 2874
10 1081
10 3123
01 4195
10 2527
11 2478
01 1443
10 1169
11 1768
11 1639
00 1530
01 62
00 3730
00 3040
10 445
11 4349
01 2747
11 736
10 4512
01 3645
11 567
00 4841
01 2642
00 4698
00 4115
00 571
10 631
01 569
11 613
01 2233
00 1091
10 3391
11 2033
00 4600
01 3100
10 4514
00 4277
01 3782
10 3567
11 3869
00 1909
10 3824
11 3337
10 911
11 422
11 755
10 2399
00 3467
10 4430
01 3459
00 1318
11 4408
10 681
10 3758
10 2747
10 4426
01 1853
11 1888
01 1443
11 782
10 4822
00 2167
01 3698
00 2066
01 3257
11 2720
00 127
00 2945
00 2460
00 1679
11 501
01 2490
10 2123
01 1442
11 1578
01 320
10 4243
10 2422
00 2115
11 1170
00 3562
01 3703
00 1893
01 3204
10 757
10 4707
00 1709
01 2195
11 2279
11 3447
01 2576
10 3405
11 1103
00 359
11 2515
11 2733
11 3130
11 3705
01 1162
11 4330
00 4668
00 97
10 276
01 3439
00 154
01 118
11 4908
00 3819
11 1714
11 3410
11 2904
11 1570
10 312
01 3165
01 85
01 1097
11 2849
11 10
11 608
01 1773
10 4963
00 4647
10 2342
10 3684
00 4906
01 1960
11 3684
11 1521
10 940
00 3843
10 2887
11 955
10 1885
10 2237
01 3843
01 2438
00 4410
11 474
01 4407
00 2663
01 1649
00 4064
11 3678
11 451
10 2014
11 3819
11 2318
10 567
01 3007
01 289
11 932
01 985
10 3720
10 3215
00 877
11 1804
10 3286
11 4826
11 4166
00 847
10 2671
10 862
00 4492
00 430
00 2391
00 73
10 3356
10 3662
00 59
01 4551
00 1218
10 3732
00 4153
11 3654
11 3629
01 1925
11 790
10 4403
10 1088
11 382
00 453
11 3938
00 2409
11 4669
11 69
01 785
11 2502
01 2133
01 595
10 933
00 578
10 3125
00 4907
01 4506
00 2939
11 41
00 3778
11 1182
11 3349
00 2830
10 574
00 1085
11 2303
00 385
11 4931
10 3085
01 253
11 2592
01 4854
01 2491
10 2539
10 254
00 957
11 2460
10 240
10 1466
01 4716
00 3044
11 935
00 1896
01 4985
10 968
10 3870
01 2533
10 1936
01 1815
00 2954
10 2398
00 4798
11 3420
10 96
00 3240
00 2281
01 2588
00 3741
00 2272
00 29
11 2702
00 853
11 2700
00 1799
10 2637
11 4447
10 4015
01 2197
00 942
01 3679
10 400
00 4180
01 2311
01 4209
00 4579
11 4991
11 2789
10 659
01 3093
01 277
11 2533
10 4266
10 2491
10 83
01 4171
01 4012
00 954
00 5
10 4149
10 1203
00 4296
10 2320
00 3471
00 3935
11 2712
11 2138
00 999
01 2956
10 4081
11 2647
10 2498
01 1039
11 2879
00 3092
11 3868
11 2868
01 775
01 1599
01 2019
10 3786
10 1214
10 2332
01 4388
00 1948
11 1106
00 3105
11 1763
10 896
01 3926
01 1682
00 1454
00 707
10 3337
00 2508
10 673
00 3754
01 646
00 2925
10 3202
11 3330
00 4284
10 177
00 3030
10 696
00 3551
01 2158
10 3210
10 4752
11 2556
00 4976
00 2050
11 1217
00 4849
11 3804
00 2316
11 4502
01 1001
11 384
10 188
11 3526
00 1051
10 3296
00 128
00 4276
00 2690
00 1042
10 2509
10 318
11 333
10 2914
10 4399
11 1457
11 688
10 1373
00 3228
00 146
11 4552
11 2361
10 2504
10 1542
10 4915
00 3530
00 4386
01 2745
11 4524
01 4325
00 4516
00 2066
00 4786
00 2432
10 1230
10 276
11 2256
01 15
00 3027
00 2990
11 4837
01 576
10 4321
01 843
11 885
01 2807
10 4868
00 2601
10 3005
11 2217
01 2834
11 4933
11 1946
10 1292
11 4416
11 4596
01 4986
01 540
01 4650
01 1491
11 4608
01 2303
01 262
01 3422
01 3331
01 4545
11 1929
01 1412
11 4679
00 1663
01 3543
10 2992
00 2729
10 743
00 3430
01 3105
11 2206
01 4469
00 1395
10 2026
11 539
00 3951
10 50
11 2081
00 726
10 4465
00 1177
01 595
10 1946
00 3600
11 2116
01 3253
00 3398
01 1554
11 4833
11 3708
10 1542
00 883
10 3917
10 3356
00 4382
01 4289
00 3180
01 4292
01 1078
01 3535
10 3764
01 480
01 2936
10 493
11 202
01 620
01 2466
11 669
01 4338
00 4022
10 4914
11 3935
11 4098
00 147
00 2051
11 1269
10 3759
10 3576
10 1076
10 2182
10 2845
11 3122
00 2177
11 4038
01 2690
11 22
11 1079
10 1643
11 331
00 1681
00 3651
01 3649
10 2644
11 4391
00 1027
11 3621
10 499
01 4183
11 3154
11 781
01 1668
10 2244
00 383
10 2101
11 3461
01 2380
11 1110
11 2555
10 2499
01 21
01 4051
01 4955
10 1810
11 2274
11 3726
00 2226
01 760
10 537
10 4953
01 246
11 2850
01 358
11 978
01 371
10 220
10 640
11 2199
10 567
11 4324
10 19
11 4483
00 3982
10 431
01 1131
00 2573
01 1301
00 425
10 4039
11 4905
00 3978
11 3960
00 3946
01 4116
00 1673
11 3576
01 3122
11 4827
01 4263
10 167
01 228
10 3419
01 3570
01 4474
11 933
11 258
11 222
00 893
10 2066
00 3739
10 425
00 1766
00 624
00 4469
10 31
11 4898
01 2107
01 4180
01 2837
10 3189
00 946
00 4501
10 3753
01 2349
00 4264
10 4909
00 3040
10 311
11 932
00 1738
00 2677
01 3231
10 4105
00 3959
01 4831
11 1899
01 1781
01 4723
10 3371
10 160
11 2797
01 2721
11 3020
11 4522
11 382
01 4992
01 3626
10 3743
10 4084
11 796
10 4047
01 4331
11 3086
10 618
10 1770
00 3356
01 1584
00 736
10 575
01 279
10 1310
11 4449
11 4396
00 3344
11 198
10 404
11 613
11 3861
01 4798
11 3204
10 1336
10 2419
00 929
00 2160
01 3049
11 1670
10 1061
00 2652
01 405
10 2308
00 1255
01 3677
00 98
01 1170
11 3235
01 481
10 1244
00 4492
00 632
11 3539
00 864
01 4040
11 3922
10 2866
11 3172
00 314
10 4461
01 4633
01 2436
11 3753
10 1191
11 1231
10 702
10 1751
11 2006
11 4216
00 4198
11 2076
11 693
00 4865
10 3306
11 2099
11 1930
01 4703
11 621
01 3986
00 114
01 3456
11 1463
01 1189
11 4377
11 3567
11 426
10 586
00 4438
10 1979
01 1597
01 3693
01 397
10 3248
01 125
00 1661
11 1978
11 939
00 221
00 1205
11 4403
00 273
11 477
01 890
01 4006
00 4991
00 4191
00 2322
11 22
10 4467
11 3210
11 4626
10 2225
10 2024
01 898
11 1023
11 4652
00 1821
00 781
00 4469
11 3875
11 3045
11 2951
00 1058
10 309
11 959
01 542
11 978
10 1414
01 4272
11 3646
10 931
00 898
01 1611
00 1860
11 4274
00 192
10 1798
11 2886
11 899
00 1955
00 4159
00 1616
10 3372
01 2753
00 3257
00 3647
10 433
00 4423
10 2131
01 4329
11 2665
10 2370
01 1937
11 4570
11 2151
11 2231
01 4304
11 3856
10 976
01 4226
11 2765
10 2215
10 954
01 3170
00 3478
10 940
11 1498
00 3979
01 1886
11 2669
11 4804
10 2993
11 4716
10 3302
10 911
10 2970
11 260
01 3181
10 645
11 3419
01 1442
11 3126
11 4166
10 3425
00 1325
11 2694
11 1053
10 2049
00 226
10 2659
10 3159
10 2912
10 2828
11 561
10 3915
00 3179
11 3009
01 3702
00 1235
01 631
00 2199
00 1950
11 2775
01 2328
10 98
01 4726
11 3146
11 4708
10 4287
10 1836
11 330
10 897
10 3243
11 988
00 3524
00 2114
01 4787
01 4723
00 812
01 3333
01 3092
01 3279
00 919
00 247
11 716
01 205
00 3484
00 117
00 198
01 4496
01 1878
11 2451
01 689
10 895
01 3739
01 1104
11 3129
01 1935
01 1839
01 2824
11 2283
00 1732
01 4296
10 703
11 3060
11 3899
10 3594
10 3163
10 1345
11 3873
10 164
10 618
10 4784
10 2772
10 1233
10 3791
00 4724
11 4081
10 822
01 4248
01 228
01 660
00 2761
10 1937
11 4300
01 3794
00 1967
10 1217
01 4809
10 288
00 3709
00 1036
01 3616
11 1084
00 2631
11 2030
01 4727
00 1683
01 4722
01 4070
00 3289
11 2800
10 4453
11 1055
00 1085
11 491
01 4251
10 2671
11 4566
11 4590
10 4665
10 3411
00 235
11 664
11 2214
10 704
01 1800
01 1157
00 2549
00 1107
00 922
00 299
11 515
00 3537
00 982
11 598
00 142
10 4607
00 658
11 3972
10 4763
10 4905
11 1337
11 3840
10 1279
10 534
00 570
10 4306
10 1950
11 4449
10 2121
00 2372
10 4822
01 2808
00 3859
10 3605
00 4507
10 3824
01 3437
10 3690
00 3875
11 4558
00 644
11 1191
00 1811
01 1127
00 4630
01 3209
01 3271
01 1808
00 1982
10 1469
11 157
11 3638
11 1019
01 273
11 3754
01 733
00 4025
01 4730
11 18
00 3852
10 2293
10 4892
00 499
01 3390
00 4588
10 4844
10 3378
00 4609
10 1627
00 3383
10 4683
11 1706
00 1327
00 427
10 1524
11 4694
01 1158
11 3485
11 2705
01 2482
01 4700
10 2928
01 1936
10 3987
00 821
11 2459
01 2502
10 1382
01 2448
10 2939
01 2663
11 2775
00 1961
00 4140
10 433
10 3725
10 182
11 2123
00 3569
11 1155
11 1082
11 814
01 3899
01 2752
10 172
01 65
01 4741
11 4159
11 4399
10 4081
10 4068
10 3054
11 410
00 3516
00 36
01 3986
11 737
10 3614
01 4371
11 3903
11 3321
00 517
01 4158
11 1892
10 3607
00 2045
10 1321
11 1589
00 1361
01 4388
00 769
11 702
10 4218
11 4861
01 1613
11 4718
01 4937
11 3856
01 4384
11 472
10 2113
10 1327
10 1568
01 3314
10 3289
10 2521
00 3537
01 4177
10 4317
11 1139
01 993
10 1330
11 475
10 4328
01 125
11 3634
10 3294
01 2015
10 3593
10 358
00 1484
11 4381
00 1419
00 746
10 3515
11 1638
01 4863
10 4501
01 4391
10 1967
10 2964
00 4178
10 3605
11 3630
11 893
00 2927
10 946
01 991
01 2183
11 706
10 2907
00 1272
10 4408
01 2318
11 1325
10 2780
10 4301
01 2729
10 2902
10 3683
11 1714
10 1455
00 2905
11 1047
10 2557
10 1551
10 1389
01 2063
11 1507
10 3245
10 1550
10 3688
00 1448
10 3845
11 4185
10 4462
01 4018
00 3038
11 3435
10 2334
11 4430
01 4995
11 1409
11 2230
00 4232
10 4898
00 585
10 3274
01 4734
11 1736
00 102
01 519
10 2469
11 3450
10 935
00 4899
01 345
01 421
00 792
00 490
10 280
11 4326
11 2822
11 4530
10 3766
01 1242
01 2902
01 4334
00 1097
01 1141
01 941
11 2598
10 1718
01 2309
01 3401
10 2829
11 3793
11 496
11 3973
00 2048
00 3808
11 2897
10 1304
01 4924
01 3968
00 2766
00 2390
10 2175
00 2981
01 3972
11 4548
00 1205
01 4229
01 1056
10 815
01 1204
10 2237
01 3519
00 4
01 1656
00 4641
00 3125
00 881
01 4655
10 2783
01 4073
00 3849
11 4245
00 2083
10 3022
10 1483
10 431
01 4379
00 59
01 275
01 2539
10 1644
11 827
00 1166
01 3797
01 2979
10 3348
10 1961
01 258
10 740
00 4043
10 1057
00 1992
11 1668
10 1285
11 2092
10 1939
01 1970
11 671
00 4853
00 969
11 2089
10 3317
01 451
00 3878
01 3118
01 254
10 4714
10 3247
10 1192
01 3013
10 1727
11 4410
11 4898
11 3433
00 4335
01 875
10 4137
11 4437
11 4095
11 4640
00 4555
00 4367
11 3604
00 3412
01 797
01 964
00 2996
00 1359
11 1004
11 2089
01 4803
01 3532
10 4188
01 2883
10 341
11 1360
11 4474
10 3871
11 3913
11 3432
00 2165
00 3721
11 27
10 2058
10 4760
00 3424
10 4185
01 938
01 3905
10 3039
01 3430
10 4046
11 4412
01 4524
00 2953
01 4754
00 1255
00 588
10 477
00 148
01 2902
00 2644
11 4561
10 1159
01 3352
00 3849
00 4929
10 1515
10 2783
11 2528
10 1434
00 2850
00 1507
00 1846
10 2593
10 3419
01 4023
01 1879
00 2788
11 1731
01 1617
10 2466
11 2382
10 4654
10 3701
11 1002
11 510
11 3761
00 3537
00 166
01 2487
00 1993
01 1874
11 1873
10 2360
00 372
01 2157
00 945
11 2701
10 4511
11 3006
10 3379
01 4284
11 4909
00 4906
00 3596
01 1368
10 3662
10 3095
00 1104
00 3975
10 844
01 946
11 1438
11 663
11 1974
11 3392
10 2649
11 452
10 1328
01 2389
01 2792
01 2859
01 2600
10 2191
10 1390
10 401
00 2218
10 4274
10 4777
11 3651
00 4444
00 2653
01 4606
01 1766
10 1194
01 1570
10 4450
01 4584
00 657
11 3697
00 2434
01 1924
10 4263
11 3933
01 2107
00 2041
01 296
01 2947
10 2778
00 387
10 2905
10 4506
11 1243
10 3191
11 1128
00 4005
10 3220
11 1914
00 2873
00 1209
00 75
00 449
10 4442
10 3765
10 1947
11 4946
11 3223
00 2124
00 2850
11 2208
11 3221
10 3939
01 3645
10 3770
11 4986
01 1200
00 361
01 1764
00 1138
00 2456
11 643
10 1723
11 1427
01 1199
10 2479
00 2124
10 105
11 4764
00 2028
01 1612
01 4201
11 4657
00 3261
11 321
10 4137
01 2502
11 1889
01 422
00 2045
11 4486
00 2107
01 1122
10 4290
01 4254
11 689
01 2209
00 1702
01 2021
00 1464
00 3128
00 1086
11 3422
01 1445
00 3828
10 2877
01 3286
10 412
11 1730
11 2466
11 2451
10 1724
00 3328
00 4674
11 3354
00 4257
10 1753
10 393
10 648
10 3279
00 3188
11 1884
11 3401
01 1068
01 2389
11 3433
10 1875
01 2606
00 2489
11 3764
10 1674
01 1560
00 4085
01 3010
00 4236
00 3088
00 4118
01 2145
10 2550
11 51
11 4490
00 957
00 2092
01 965
00 2244
11 276
00 156
01 4013
10 3923
00 4922
11 779
10 311
01 379
11 740
01 1253
10 4527
01 657
01 1888
11 1352
01 347
01 394
11 2154
11 1473
10 2073
00 2931
11 2616
10 868
00 4356
01 4001
01 2982
00 751
10 3610
00 4234
10 3705
10 3494
01 3664
01 1658
11 3127
10 151
00 1379
11 2549
10 3772
01 1287
10 1359
10 2522
11 949
11 1906
01 1955
11 3941
11 3472
10 1422
10 4994
10 852
00 4466
10 4464
01 4083
10 4378
10 2646
00 1364
01 4505
11 1085
10 1907
11 1024
01 2514
10 2843
01 622
01 2281
11 363
11 3168
01 2795
10 1451
11 3313
01 3161
10 1039
00 1724
00 1689
00 3987
01 4096
10 2744
01 1920
01 3307
11 3290
01 1550
00 738
01 3230
10 4322
01 4384
01 2038
01 1378
10 1510
00 3110
11 1031
10 963
00 4970
11 2299
01 4539
01 2797
01 180
01 4957
01 1863
10 4535
11 4448
10 4144
00 2313
00 125
10 1203
00 1898
10 1307
11 4421
11 819
11 2160
01 1725
00 2522
00 2388
10 2166
10 2027
00 2778
01 2555
10 4626
10 1290
00 4995
11 2142
01 3080
10 3126
01 1865
11 42
11 263
10 2782
00 3401
11 2202
10 4913
00 2165
11 2080
10 205
11 1430
01 1561
01 1203
11 2544
10 1617
10 4663
00 4887
11 2703
00 776
11 756
01 4410
01 591
11 4087
10 285
01 3607
00 1374
00 4996
00 3519
01 3525
01 1944
11 4668
10 1334
10 3224
11 2826
01 819
00 1369
01 781
01 1666
00 887
00 2067
00 3497
11 988
01 1893
11 1450
10 3529
10 1046
00 1785
10 2644
01 2867
11 3844
11 2329
10 4084
10 226
00 3883
10 2746
11 1056
10 621
01 3905
10 2280
11 1693
11 2688
00 1618
01 3904
11 1519
00 504
00 2140
00 4313
11 93
11 2634
00 283
11 926
10 4882
10 3155
00 2564
00 149
11 4349
00 1217
01 181
11 2210
00 1049
11 431
01 3186
10 747
01 3324
01 1852
00 2433
01 717
01 3788
01 1924
11 662
10 4052
11 3996
01 1660
11 4038
01 2702
01 3689
11 3609
10 4439
00 3944
11 34
10 3392
00 797
11 4110
00 1219
01 2999
10 37
00 2638
11 2688
11 49
10 3165
11 4052
10 768
11 4869
00 3129
10 1118
10 4966
00 3999
01 1943
10 3089
11 2136
01 124
10 3099
10 4522
00 2043
01 2041
00 2482
10 3701
00 1692
11 1179
01 3602
01 4111
01 1264
10 1824
01 799
00 2951
11 1340
01 443
10 2223
01 1936
00 4309
11 2787
11 4006
01 2743
10 4015
11 484
11 4377
00 483
11 1441
00 4963
10 3398
11 3790
11 1366
01 469
10 1985
00 728
10 1100
10 4831
10 2120
00 3340
00 3433
11 4750
01 4671
11 312
11 3168
11 4528
11 4387
10 3952
11 2550
10 2089
10 642
11 3667
11 4474
00 1501
10 920
11 3563
10 3032
00 1107
00 1027
10 1696
10 1125
10 999
01 2502
10 2909
00 2901
11 1535
11 4657
11 527
00 2934
11 3926
01 4126
10 4477
01 4926
01 3754
10 1181
01 594
10 4400
01 2913
11 3616
01 3275
01 50
00 2647
11 4582
10 1031
10 1025
11 4017
01 4955
10 3616
00 3618
10 100
01 2901
01 1798
10 161
00 4869
01 1120
01 60
10 653
01 1337
00 3233
10 1496
00 3345
10 3974
01 3134
10 2798
11 964
00 2304
00 4995
01 3156
10 3057
00 2163
11 1958
01 4655
11 3630
11 2582
10 4211
10 3491
11 3624
10 173
10 55
10 3742
10 2540
10 349
00 2056
10 4997
10 1327
00 1820
01 4610
01 2412
00 2054
01 4245
11 3163
11 1297
01 4829
10 159
10 727
11 1977
10 1275
00 3694
00 3643
10 2744
11 1035
00 3879
00 2093
10 1484
10 4371
11 3215
01 4697
00 1137
00 4833
10 1379
11 4500
00 3813
10 1136
10 216
11 2116
11 2797
00 4350
00 2316
11 2605
11 462
00 8
01 722
11 2037
00 212
11 506
10 3609
00 1192
00 3708
10 51
01 1949
00 3515
00 581
01 3406
01 4659
10 3028
00 4386
10 2346
00 2304
01 3440
10 472
10 1610
11 2001
01 1506
10 2222
10 3876
11 2116
00 3377
01 6
11 373
10 1324
10 3858
01 3608
01 874
11 1016
00 368
11 279
10 2528
00 3092
11 2403
11 3145
11 3372
10 173
01 2205
11 3450
00 971
11 4496
01 1629
11 4864
00 49
10 2802
11 3847
01 1584
10 37
01 4801
01 4201
01 4871
00 2978
10 416
10 3239
01 4481
10 4126
00 1542
01 4071
01 3163
11 990
01 2071
10 2101
11 1588
10 2919
11 4672
11 1286
11 4495
01 1030
01 2390
11 3464
11 4401
00 3264
10 1342
10 3063
11 1312
10 3562
01 774
01 1968
01 3937
10 2952
00 4617
01 865
01 1569
10 2977
01 1462
00 3822
01 1844
11 1152
11 985
10 645
01 480
01 1307
01 423
00 1330
11 833
11 4455
10 2181
00 3483
00 2029
00 2689
01 4128
10 227
00 1697
10 206
01 446
11 1274
00 1585
01 3491
01 4514
00 2090
10 1267
00 4205
01 4275
11 1066
10 4356
10 3256
01 3269
00 2807
10 3600
01 2595
00 3765
00 1452
11 4637
01 1489
01 440
00 2945
01 4327
01 3280
11 331
10 1928
01 3605
00 2605
10 915
10 2128
01 1969
00 453
10 4758
01 4005
10 4955
01 101
10 2039
01 4381
00 3126
10 2514
10 4493
01 2460
01 208
10 1593
10 1900
00 16
01 3141
11 2646
01 4785
11 1725
01 2611
10 448
11 762
01 3744
11 4583
00 3242
01 1538
01 1791
00 4029
01 1858
11 423
11 686
00 1187
11 2381
00 151
00 2434
01 694
11 4817
00 1582
10 2593
11 394
01 4152
00 3033
01 2383
00 1509
00 3658
01 2541
10 1154
00 1091
11 1571
00 4575
10 4334
01 3331
00 1560
01 756
11 2736
11 2759
11 2997
11 3754
01 1006
00 1159
11 176
10 2645
01 2140
00 510
11 4839
11 1465
00 720
01 4898
01 3245
11 621
00 2430
11 1743
10 72
11 2029
01 531
00 235
10 4309
00 1254
00 317
00 307
11 4977
11 614
11 4448
01 1411
10 3952
01 4728
10 4018
00 1241
00 4225
11 2571
10 2447
01 617
10 3168
10 3643
00 4708
01 4553
00 2897
11 4293
10 2271
10 1366
00 3354
11 2454
00 1292
00 1789
11 1352
11 595
11 312
01 2610
10 1192
00 4105
00 4561
10 1475
01 295
11 3366
01 2236
11 3012
10 3298
10 2733
10 1060
01 2539
10 302
00 4525
00 4392
10 3029
10 3328
11 4674
00 1325
11 4950
10 2356
00 3473
00 2791
00 4308
01 4937
00 3335
00 699
10 4116
01 1370
00 1745
01 1014
00 890
10 645
10 461
01 1822
00 3268
00 4015
01 4150
11 3680
01 1806
11 3917
11 1843
10 1736
00 3975
01 1708
01 680
11 1131
01 3545
11 3969
01 2962
01 4390
10 3268
01 4640
10 4878
11 495
11 419
10 3880
10 4673
01 3587
10 572
01 2556
11 129
01 2613
11 3531
00 3555
00 313
10 37
00 1030
11 864
11 3496
11 2789
01 1786
01 65
10 1234
00 1556
00 1235
01 2763
00 4868
11 4718
01 1375
01 699
11 4291
11 4609
10 4531
10 294
01 1996
11 2505
11 2363
00 4568
01 3005
11 1476
10 4485
01 2816
10 2345
01 1005
11 2573
10 185
11 3031
01 3772
00 2617
00 1922
11 3819
00 1427
01 4390
00 3166
01 4738
11 1761
00 1296
10 555
00 1801
00 3435
10 3214
00 3246
11 1077
10 4853
10 1314
11 3292
01 1771
00 3388
00 484
11 4842
01 4457
11 3181
11 1543
11 1812
10 4803
10 3054
00 272
10 4729
11 3262
00 3796
01 4533
10 4684
11 3414
01 235
11 587
11 1252
10 4491
11 4152
10 3431
00 2388
00 1663
10 1568
11 3677
00 4986
00 200
10 3937
00 4587
01 4115
10 2156
11 2496
10 3453
00 2196
10 3678
11 3808
01 137
01 3458
11 2877
01 4744
10 1500
10 1569
01 373
01 4333
00 3755
00 640
01 3067
00 4443
01 3490
00 2634
11 420
00 1383
00 2446
11 2174
10 4102
00 2591
10 4742
01 3351
10 1092
00 1967
11 1045
00 3091
00 1445
10 1884
01 3848
01 4127
00 3621
00 4060
00 3469
00 1944
01 3321
00 2316
10 2353
00 1123
11 3542
10 2311
11 3201
00 869
11 4657
00 2740
01 4001
10 1570
10 4191
01 3024
00 3367
10 457
01 3014
00 4182
10 4799
11 2597
01 4753
10 3638
11 1119
00 2460
11 703
10 4770
01 404
11 4292
11 3996
11 4105
00 4586
01 2000
00 1509
01 4520
10 2447
10 4726
10 719
01 3370
11 2080
01 1450
10 1136
01 3126
01 4697
01 835
01 1523
00 2073
01 2760
11 2845
00 2167
01 4815
10 3466
10 3804
00 360
01 2893
00 91
01 4439
10 3762
11 505
10 97
10 2953
11 1685
10 1343
01 4992
10 3352
01 2435
10 4637
11 174
10 4617
11 202
01 446
01 200
10 4409
11 3911
10 706
11 1547
00 3997
10 2408
00 3099
10 371
01 1490
01 2625
11 3240
00 2437
10 3932
01 1399
01 2134
10 3648
11 4034
11 3575
01 4193
00 4967
11 2071
01 2470
10 62
11 1191
01 730
10 4649
01 3843
01 3926
10 3830
00 478
01 4244
11 2649
01 3057
00 120
01 3414
01 4829
01 2480
11 334
01 1463
01 470
00 1808
11 1868
10 163
11 3154
11 2773
11 3399
10 112
01 4045
11 4622
01 4316
01 186
11 1517
00 2791
11 1000
00 1782
10 4623
00 1436
00 1729
00 954
01 3792
00 4667
10 2418
11 210
10 4236
00 2122
11 2178
01 2771
01 1392
11 4660
10 3941
11 4907
00 2266
00 4535
01 2312
10 2983
11 4887
01 2223
10 2960
00 1994
00 3924
11 2347
00 4818
01 1699
11 373
10 655
10 1108
10 855
11 2048
00 391
11 1345
01 4186
01 1810
10 2930
10 392
01 4049
11 2279
01 515
10 4797
01 706
01 4284
10 3312
10 365
10 1905
01 1984
01 815
01 21
11 3219
11 4142
00 3427
10 1146
11 1598
01 1956
00 4105
00 1617
10 4438
00 3510
01 1272
10 3856
01 497
00 4370
10 1788
11 3491
10 1131
10 4485
10 4505
10 4582
01 1465
00 2939
11 4126
10 3440
11 2513
11 2242
01 2886
10 2558
01 2023
11 4174
11 1536
10 179
01 1577
01 2078
00 2463
10 1253
11 3683
11 4300
10 3809
01 3610
00 3226
10 264
10 3491
11 309
10 4996
10 861
00 4881
00 2533
00 4189
00 4865
10 194
11 3286
01 674
10 488
01 4570
00 3077
10 1473
01 3120
10 2573
00 2743
10 1502
01 3582
10 3378
11 3914
00 1271
00 3246
01 820
00 2649
00 2944
10 1926
01 4297
11 4907
11 1623
01 3427
11 4334
01 2884
11 2287
01 2681
11 4336
11 4001
00 224
00 614
00 1420
01 1751
11 2380
10 2782
01 2454
10 587
01 1874
01 3079
00 2917
10 3058
00 2207
01 3126
10 188
10 2226
00 1655
00 3528
11 2346
11 4982
10 23
10 177
01 3882
10 3461
00 524
01 38
01 1770
00 1827
01 4772
01 1334
00 1295
10 4149
00 1012
00 2892
10 142
01 3744
10 3104
10 1861
10 276
10 3386
10 237
01 1736
11 1478
10 982
11 4840
01 1200
10 624
10 363
01 599
00 4706
10 4001
11 197
01 430
11 4956
10 1476
10 1752
01 3491
10 4371
00 1216
00 1251
01 3154
10 1908
01 2720
10 2435
10 3353
01 2923
10 2162
01 3979
01 780
11 4166
11 4995
10 1185
00 2608
10 3489
10 4336
10 4747
11 3691
11 1194
00 829
10 2973
11 1041
10 2942
10 4161
11 4012
01 879
01 1073
00 2088
11 1381
11 1763
00 2585
01 3406
01 4709
01 4769
00 1099
00 33
11 177
00 1063
11 2963
10 4246
10 4055
10 41
10 3151
10 3571
00 586
10 1044
01 3835
11 4266
00 3721
00 2854
10 2661
11 1067
00 3888
10 1259
01 2506
11 1138
01 4188
10 4649
11 567
00 164
01 3690
10 508
11 1464
10 2597
11 3199
10 3969
11 4875
11 1804
01 1489
00 382
10 52
00 1316
01 3083
11 2943
01 2489
10 2147
10 356
10 2945
00 4407
01 1942
10 2080
01 2690
01 4058
11 1346
11 1940
10 199
00 720
01 540
00 3397
00 3259
11 2109
00 4897
00 1696
10 2061
11 3584
00 406
10 2315
01 2274
11 3324
11 3103
00 737
00 878
11 2646
10 1555
00 4081
10 4654
10 1108
10 389
01 3855
11 4832
01 2587
00 3099
10 3656
00 64
10 3711
00 578
10 425
11 1955
01 2926
00 1751
00 1631
00 463
00 3277
01 1831
11 4167
00 1312
00 4568
11 1367
10 1359
00 2084
00 909
01 12
01 3451
10 831
00 769
10 2050
00 1695
01 3926
11 1928
00 320
10 2962
01 4639
10 352
11 4161
10 521
00 678
11 4542
10 3491
11 943
01 2233
11 566
00 1259
01 1306
00 2844
10 3622
11 3526
00 5000
10 940
01 2274
00 4865
11 2276
00 1335
11 1368
11 3137
10 349
00 4721
10 2341
10 2939
01 2527
10 3695
01 2806
10 4435
11 2583
11 3887
01 3391
00 2968
00 2730
01 518
10 4941
01 157
01 910
00 2551
10 4327
01 960
10 3206
01 1041
01 4903
10 2759
10 2425
01 3001
00 973
01 157
01 3019
10 667
10 4788
11 1328
00 73
11 3060
01 4058
00 3068
00 1288
00 1362
01 1596
10 1392
10 1013
11 857
00 3142
10 1672
10 469
11 822
10 4998
01 3544
11 2270
00 3079
01 648
11 4767
01 627
11 1640
01 1610
10 328
01 3923
01 2383
00 1289
11 3257
00 2762
00 3360
10 441
11 1887
11 3061
00 480
10 2704
10 3863
11 3977
10 3165
01 1691
11 38
01 2900
00 1723
01 3534
01 3993
10 4457
01 2039
10 3983
10 3444
11 4391
01 3983
10 155
10 518
01 4033
10 624
01 2198
11 4890
01 1094
10 1765
01 262
10 3142
00 1690
11 1469
11 3607
00 3383
11 1475
01 3693
11 1671
10 3355
11 2196
10 3137
10 947
00 1517
01 187
01 1654
10 1415
00 3778
