5000
10 4130
01 4951
10 2902
10 2018
01 3502
10 4626
11 1319
11 3662
00 2723
10 2312
10 3655
11 3439
10 1108
11 144
11 326
00 4064
11 4983
01 1292
00 397
11 2802
01 3728
01 3933
01 3213
01 877
11 862
01 1277
01 3320
11 531
11 4507
01 4739
10 4174
01 2884
10 4488
10 4465
00 1088
10 4649
10 2014
10 3344
01 2263
01 1876
10 1549
01 3425
01 852
00 4837
01 1351
00 2469
11 3697
11 4134
11 2788
01 2853
00 2078
01 1271
00 4183
11 4322
11 3740
10 3194
11 3623
10 4828
10 100
10 2951
00 2573
00 2830
01 4343
11 408
00 4460
00 3840
11 4431
10 661
00 1283
10 3578
01 4836
00 2151
01 2331
00 3927
01 3783
01 80
01 1975
10 223
00 3913
00 1713
11 3510
01 4650
10 1323
00 2066
01 1026
11 971
01 1167
11 1356
01 2052
00 1257
01 2509
10 4857
10 1308
01 558
00 2318
10 3153
11 652
11 4108
11 235
11 4294
00 4869
00 4754
10 1686
00 4008
01 111
00 4122
10 630
00 1800
01 2012
01 662
10 4782
01 2417
00 429
11 1925
01 1038
00 4705
11 995
11 665
00 2671
10 3531
11 1318
10 2971
01 1243
11 1303
01 4680
10 3076
00 2097
10 831
11 4993
11 2461
00 2028
10 1764
00 3628
11 2303
11 996
01 549
10 1840
10 4099
01 931
00 2286
11 150
01 4153
01 24
11 2717
10 4145
01 1524
00 4150
01 2293
10 952
00 3708
00 2597
01 2479
11 2557
10 186
10 3134
01 1555
01 2128
01 3390
10 3754
10 3242
11 572
01 4075
10 4346
01 1174
01 4768
11 648
10 4000
11 4944
00 4445
00 1928
00 4908
00 4104
01 3878
10 186
00 1407
11 719
01 4354
01 1993
01 3026
11 4887
10 682
10 4116
01 4255
10 296
11 273
11 3957
11 3878
01 324
10 2214
00 926
00 4464
00 3019
01 1827
11 3286
01 718
10 1166
00 3265
11 4407
10 3881
10 3879
11 136
11 274
00 1282
10 2311
01 4586
00 544
01 1043
11 1758
10 4960
10 2410
10 4716
10 1749
11 2114
10 1033
11 166
11 622
01 1330
01 4438
10 2731
01 49
01 2745
01 770
00 4578
11 688
00 3735
10 334
01 2030
11 3491
11 3623
01 3475
10 3287
10 1340
11 4767
00 1329
01 2638
01 291
01 2251
11 2419
11 2116
00 3121
11 3170
11 1321
01 3819
10 2056
00 502
10 2123
10 1754
10 2097
11 2400
00 516
10 452
10 916
00 4513
10 459
00 3162
11 3346
11 3505
10 995
10 3163
10 4901
11 1633
00 43
00 401
11 2917
00 4132
01 1878
00 806
00 3700
11 3201
11 3475
10 42
11 1562
01 3682
10 3340
00 3518
11 3441
11 4128
11 394
11 1132
01 3169
10 3803
00 2623
11 4627
00 3067
00 4253
01 3730
01 4214
00 1521
00 4223
11 2653
00 2365
01 4316
01 4505
00 425
11 921
01 3412
10 1854
00 2759
11 3972
01 2810
10 4516
00 3672
10 4357
10 184
00 679
01 941
01 4511
01 2310
11 1422
01 3575
00 2018
10 2478
11 235
01 374
01 3975
11 2632
01 1343
00 285
00 1736
01 77
10 4986
01 2500
11 804
01 4623
11 4982
00 1747
10 4446
00 111
01 4324
11 3053
11 2830
11 3021
01 4413
10 2970
11 3053
10 4858
01 4737
10 3202
10 3285
11 696
00 4250
01 2632
10 4293
00 960
00 2768
10 4891
11 4792
11 633
11 4126
01 4461
11 3974
00 4351
00 2531
00 3480
11 3080
11 3328
10 2032
10 3691
11 2744
00 3351
01 1800
11 2656
01 4213
01 1085
10 3746
01 385
01 4786
11 3218
10 4952
00 1973
01 1415
11 3656
10 2930
01 38
01 1422
10 4767
11 3394
01 2141
11 2774
01 24
10 625
10 4547
00 1282
00 3517
00 3528
00 3041
00 2722
01 1366
11 4751
01 1968
01 695
01 2653
10 136
01 2881
11 4890
01 4226
11 2492
01 876
00 2268
10 791
00 3340
10 1676
00 2623
00 172
01 208
10 1289
01 771
10 1722
10 138
01 2900
00 1641
11 3179
10 1698
01 2109
01 3538
01 3792
01 1258
01 3311
10 2848
01 4953
00 3459
01 2953
11 1482
11 2535
00 726
11 918
10 3859
10 612
10 4619
10 3525
00 1731
01 4136
11 3716
10 4977
01 4020
10 4421
00 2754
00 4049
10 805
10 2507
11 4670
10 775
10 1809
10 4876
11 2664
00 3205
11 1696
11 4160
11 1514
00 946
01 3875
01 1849
10 2252
01 128
11 2755
10 4151
11 3481
10 2200
10 722
11 579
10 2808
00 3571
00 4943
01 1015
11 1682
10 1490
10 2029
01 3435
01 1082
00 3814
00 244
00 3529
00 3919
00 4440
00 4510
10 4378
01 1803
01 1633
11 978
01 1565
01 4678
11 4682
01 3451
10 2454
01 634
11 2636
11 2633
10 1739
11 3784
11 4799
00 3941
10 3647
10 145
11 630
10 88
11 1827
01 4165
00 105
01 3292
01 3151
11 2742
00 2176
00 3433
10 4844
11 909
11 78
00 1040
11 860
00 2138
10 3986
11 3346
01 272
01 3431
11 3063
10 640
01 1567
10 1629
10 4492
01 3828
11 2869
00 2965
00 2388
10 4814
10 4272
00 3559
11 3246
01 694
01 211
11 3373
11 2132
00 2344
10 3023
10 1896
01 511
00 4090
10 716
10 2376
11 2241
01 935
10 540
00 4527
01 3529
01 910
10 1751
10 3630
00 1329
00 794
00 3902
11 4397
01 1538
00 340
01 2059
10 462
10 4453
01 2875
10 622
10 4186
00 3611
01 2114
00 2385
10 98
10 4357
01 1488
00 2572
10 3798
11 4724
01 680
10 3433
11 2416
11 352
11 963
01 4824
01 2057
00 3804
11 504
00 4107
11 4713
10 4696
11 210
01 2906
01 610
10 3668
11 4816
01 3766
01 3205
10 4475
01 4893
00 801
10 2002
10 1277
10 1714
01 572
10 260
11 1802
10 950
11 4087
11 3962
10 3765
11 2204
00 2171
00 533
01 4029
01 1883
01 4394
00 3007
01 4172
10 2006
11 2140
10 3073
01 1108
11 4838
10 4451
01 3892
00 2196
00 2674
01 2039
01 3145
10 1598
11 2701
11 1562
10 4216
01 4316
00 3839
10 708
11 3235
01 4301
01 2217
11 1014
00 1354
11 4419
10 2444
10 1258
10 1103
00 3511
01 185
10 3960
11 1283
10 666
11 3538
10 562
10 2615
01 4109
00 31
01 3401
01 2803
11 4849
10 2033
10 452
10 857
00 4303
01 641
10 1543
00 3634
01 1807
11 3025
00 360
10 414
11 4644
00 2336
00 578
11 72
00 1646
10 3793
10 2918
10 1934
00 1998
10 1564
00 84
11 1860
01 2172
00 4979
11 3165
11 1617
10 4731
10 2965
00 1699
10 3199
10 2058
00 605
00 287
11 783
10 316
00 4603
11 1961
11 4097
10 5000
11 2456
11 2354
01 423
11 3545
01 3677
10 3716
11 2666
10 2294
11 2395
11 4975
10 1050
01 865
00 2316
11 1061
00 2290
00 1012
11 1464
01 2430
00 401
00 3214
01 2296
00 499
01 936
11 1833
00 2925
11 654
10 1481
01 950
00 2297
01 1456
10 645
00 2502
00 4244
00 3721
01 4933
11 3730
10 583
01 1298
00 1537
01 3835
10 2939
00 1693
00 3492
11 826
10 3865
00 2570
10 36
01 2960
10 2339
00 4035
11 3941
00 2222
01 3784
10 4384
00 4574
01 4669
01 3339
11 67
10 225
10 4749
10 492
00 4012
11 1839
11 625
10 3805
01 3100
10 2504
01 1513
01 1773
00 3125
10 2350
10 885
01 3263
11 4544
10 50
10 3792
10 4739
01 2437
01 1708
10 2161
10 2138
00 2437
11 1678
00 1435
10 613
00 858
00 4089
00 2157
10 1382
00 3516
11 2806
11 3026
00 3725
11 1917
00 1837
11 2033
00 1211
11 893
00 3712
00 2324
00 2065
01 134
01 2503
11 2524
01 1016
10 752
10 2397
10 475
11 1706
11 3228
01 1809
00 208
00 2631
00 4988
11 3589
01 1029
00 904
00 2809
10 1217
11 867
01 4702
10 4987
01 3383
01 2091
11 3570
00 1859
11 1240
00 3038
00 1686
11 739
00 509
11 4237
01 4170
11 899
00 4014
01 1761
10 1895
11 4645
10 229
10 4482
01 526
10 1697
10 2547
00 2251
10 1808
10 4192
01 528
11 3732
11 1831
00 3276
00 934
00 1038
01 2899
01 3118
00 3094
01 489
00 2397
10 4774
10 1976
10 2248
01 1118
11 205
00 358
00 4570
10 3159
10 3117
01 3809
00 2674
00 3802
00 1751
00 3330
00 4551
00 2623
10 2018
00 4713
00 2996
10 3927
01 4290
00 4704
10 4160
11 2051
10 3005
11 1800
10 333
01 4436
01 2774
00 4681
01 3716
01 4204
00 3230
11 4021
01 2263
11 523
00 229
01 3045
01 4445
01 4194
10 4485
11 1266
01 2992
11 546
11 238
10 3028
11 385
11 2941
11 2641
11 4765
10 4009
10 2450
01 2848
11 558
10 2553
00 2324
00 3939
00 1903
01 1482
11 3851
10 1180
01 1234
10 1669
11 760
00 4515
01 1280
01 3106
10 4181
11 4386
11 1249
00 2124
00 178
11 4393
10 1423
10 1195
11 4087
10 4905
10 715
11 784
00 1295
10 2205
11 4846
00 3235
11 27
10 1083
00 3944
11 2991
10 834
11 2766
01 4867
00 1611
01 207
00 622
11 496
01 2890
10 3898
01 1733
11 143
10 1027
10 3924
10 1187
10 1426
00 3857
01 454
01 3306
10 1834
00 891
01 1066
11 4930
10 3063
00 923
10 55
01 1925
00 811
00 1515
10 4840
11 3171
10 375
01 4554
01 701
00 4886
11 2020
01 1218
01 4736
11 2854
10 1906
00 1460
11 4312
10 756
11 1403
00 985
11 4824
10 3394
11 3296
00 4602
10 912
00 3385
10 1249
11 2512
11 137
01 3760
11 2280
10 4948
01 3220
01 4627
10 2982
00 2583
01 4539
10 328
01 1524
00 2202
01 3222
01 99
11 2330
11 3846
10 4270
11 1858
10 4090
00 2339
00 3836
01 4216
11 4220
11 1524
01 689
11 1406
00 2907
10 4321
01 2847
00 4276
00 2566
00 138
10 4829
11 3683
10 4758
01 2474
00 134
10 109
10 3222
10 2560
01 2586
10 4843
00 2365
01 3879
10 4691
00 3116
11 1245
10 3574
11 4160
00 4860
11 3718
10 2656
10 588
01 2985
01 4731
11 4492
00 2471
10 4143
10 43
00 1212
01 4442
01 1124
11 3247
01 425
10 1375
11 1923
01 3050
00 2325
01 2285
00 4781
10 1035
00 1535
11 1887
11 1170
01 4635
10 2033
00 997
11 3803
00 501
01 644
10 3472
10 1378
01 3192
00 2905
01 2281
01 2935
00 2094
11 3433
11 3890
01 1124
01 1567
00 517
01 4163
11 401
11 4366
11 3806
11 1261
11 4760
10 3138
01 532
11 3673
11 737
11 796
00 690
01 4488
01 4174
11 1015
00 3792
11 2020
00 263
11 2306
10 2439
10 2621
01 2630
00 407
00 215
10 2572
11 3050
11 750
01 3243
00 106
01 3287
01 1985
01 4082
11 3841
10 1564
00 617
10 3007
01 3832
01 3002
11 1759
11 3689
10 2290
00 1275
01 4779
00 1467
01 871
11 799
01 3239
11 4932
11 944
01 2832
10 1636
00 2502
10 4727
01 1438
00 874
00 2314
11 267
10 1971
00 3443
00 2530
10 2071
11 3671
11 2968
10 4101
01 4363
10 1899
10 2666
10 157
00 40
11 3121
10 2817
10 1411
01 4624
01 2073
00 2959
10 2816
01 3619
11 3957
01 1284
11 3717
00 3185
11 2918
10 699
10 2147
00 4197
10 371
01 4035
01 515
01 1320
01 3680
01 4957
00 3957
01 1617
01 443
01 844
01 3236
01 2907
10 4855
00 2911
00 216
01 582
11 797
01 4592
10 4002
10 1027
11 957
00 1191
00 1522
10 915
00 1945
10 127
00 2275
10 320
11 4568
00 2583
10 2148
11 569
00 302
11 2632
00 4712
01 3913
10 2698
00 2157
01 2142
01 1328
00 357
00 4773
01 1449
01 359
00 1305
00 2490
10 2264
10 592
11 3254
10 1524
11 3245
00 2259
10 3606
01 4389
00 1130
01 3521
10 3273
00 902
10 1382
01 2139
11 288
10 32
11 3819
10 4258
00 749
10 4755
11 4330
01 4343
00 2129
11 4545
11 4556
10 2500
01 4284
00 1771
01 4706
11 3833
11 4887
01 4681
01 1733
00 1303
01 3316
11 1165
01 3758
11 3736
10 3315
11 3752
00 3014
00 4275
01 3750
10 2426
01 2070
01 1571
01 3437
01 3366
01 4007
11 2032
00 698
10 2611
11 3105
10 2083
10 2845
00 3450
10 279
00 4669
10 327
01 653
11 2713
01 696
11 1002
11 2917
01 1631
11 3948
11 311
10 979
11 2540
11 2761
00 2182
10 3976
10 655
01 3059
00 2960
10 2252
01 115
10 4032
11 3343
10 1681
11 4903
00 2419
01 1019
11 3943
01 1878
00 4307
10 2478
10 544
10 1159
11 4667
00 240
00 2021
01 3732
01 1643
00 3291
10 4599
11 3334
11 1773
11 4231
01 4806
11 215
11 2864
10 2965
10 3084
00 1438
10 1103
01 4823
11 1234
11 4877
00 2706
11 2766
11 3065
11 4173
11 1306
11 2930
01 2657
11 1895
00 553
11 4668
00 332
11 3852
11 422
11 4078
11 1386
01 1309
01 1748
10 3784
10 325
01 43
00 4595
00 2364
01 4382
00 3782
01 3044
01 2762
11 1054
00 2897
00 241
11 3515
00 701
01 156
11 241
11 1034
01 4726
00 360
11 1407
10 3373
00 2375
10 349
00 699
00 3871
00 1908
01 4326
11 3422
00 3872
11 140
10 874
11 2650
01 2538
10 2561
00 580
10 3366
01 4510
11 1635
10 563
00 2837
01 2163
01 2669
00 4930
00 1703
10 1133
11 3742
00 3080
11 637
00 4210
01 2519
10 2887
11 305
10 3565
00 1723
11 4968
01 2931
11 4135
00 249
00 4237
01 2667
01 1912
00 771
11 1037
01 4356
01 1306
00 3321
00 978
10 2967
00 4373
01 3174
01 1053
00 1307
10 3138
01 392
10 3503
00 1443
10 3547
11 3099
00 1185
00 2959
11 3512
01 542
00 3260
01 1184
11 4379
00 611
00 2001
11 4015
11 4916
10 3787
00 1784
00 3917
11 4069
10 3855
10 2164
01 116
10 78
11 7
10 2013
10 1580
11 4177
01 1805
01 2724
00 566
00 3574
01 4481
00 3041
10 4339
10 3046
11 445
01 95
10 2557
10 691
10 4994
00 4485
00 339
01 3445
10 2193
11 1406
11 3016
11 4318
01 2970
01 1393
00 3060
11 2094
10 4648
01 977
01 89
00 951
11 3753
00 533
11 4622
00 2369
01 4201
10 1607
10 2038
00 3270
10 2143
00 1273
00 3577
00 2198
01 3869
11 1466
01 4912
11 3315
01 2739
01 3756
11 4540
00 4341
01 3612
10 2264
11 1167
01 1925
00 71
11 1263
01 3344
11 4093
10 421
10 138
11 3530
11 334
00 2369
11 3194
01 2790
01 1775
11 4802
11 648
01 131
00 3636
00 2882
00 1677
11 387
11 2411
00 1649
10 2426
01 2608
00 3392
00 4097
11 2920
00 1434
00 3881
01 443
10 1767
00 2466
00 777
01 2832
10 2170
11 2698
00 4585
11 4392
00 2849
01 2017
11 4441
10 3877
11 1780
00 1218
00 2194
01 2768
10 4526
01 4381
01 4470
11 4441
10 1166
00 2955
11 2670
00 458
10 4887
10 2477
10 657
00 3164
01 800
10 3669
01 987
10 2408
00 2580
10 2395
11 1810
10 2390
10 490
10 4840
11 322
01 4992
10 4412
01 1973
00 217
00 4671
01 1787
00 603
11 4562
01 3891
10 3953
01 1020
11 2246
11 4846
00 1333
01 623
00 1957
00 1153
11 3745
00 2167
10 4696
10 3908
01 1734
00 4085
11 3481
00 4545
10 3245
10 4072
00 2592
01 3721
11 2471
10 1539
10 3527
01 1317
10 2149
01 1453
01 575
00 2773
11 2104
01 1017
00 223
01 3491
11 4768
11 1000
10 2298
00 488
00 4560
00 1297
01 329
10 3708
10 3360
11 2031
10 4428
00 4073
10 3193
00 3721
10 2581
11 4536
01 2307
10 2914
10 1764
00 3218
01 4425
11 4907
10 138
01 1991
10 1898
11 3235
00 1921
01 993
10 3161
00 2405
01 4921
11 3496
01 2125
10 2848
10 4964
10 807
00 1089
11 1144
00 1706
01 333
01 1180
11 3899
00 2677
11 4451
00 3376
01 2715
10 4157
11 4116
10 2150
11 3802
00 1956
01 3087
00 2728
01 360
11 2186
10 2334
00 2141
01 2542
00 2360
11 465
10 1807
11 397
00 5000
01 1394
00 663
10 566
00 3066
01 1122
10 534
11 2875
00 2024
00 466
01 3797
00 420
10 3427
00 2314
10 3125
10 882
11 2730
00 3260
11 4431
10 4382
00 1809
11 1
00 859
11 1618
10 4726
00 89
11 4252
01 4981
01 940
10 3591
00 234
11 4314
00 2812
00 4113
00 2014
11 1457
10 2286
01 4715
00 88
01 4140
01 3508
01 4964
10 2523
10 4242
10 4245
01 3454
10 918
01 2822
01 3637
10 2762
01 1812
01 608
01 779
01 3936
01 4316
11 1609
01 2216
11 3282
10 897
01 3010
11 1774
10 689
10 3338
00 733
00 2621
01 4742
00 2169
00 2697
01 1799
10 3257
00 4112
11 3057
11 3252
11 1572
00 4206
10 3485
10 2077
11 1495
11 2789
00 4767
00 1396
01 3540
01 4254
01 2358
10 4610
01 4932
11 3874
00 4933
01 935
00 3304
11 3386
11 1700
10 2772
10 4313
01 4663
10 2428
10 4955
10 3535
10 3042
11 454
01 3636
00 371
00 3636
11 388
01 433
10 72
11 3806
10 861
11 4018
11 877
00 1745
01 3548
00 1345
01 164
01 3069
10 3289
01 4366
01 2366
10 3613
10 1126
11 3642
01 3779
01 265
01 1466
10 3175
00 1861
01 2473
01 4688
00 2982
01 3773
01 1480
11 4048
10 4807
11 4083
10 253
11 387
01 4851
01 633
11 147
11 4835
10 940
11 4344
11 449
11 399
01 2186
10 4177
11 2274
01 2274
01 1263
11 2972
10 2077
01 3180
01 675
11 843
11 4796
01 2190
11 1904
11 3998
10 3360
01 1705
00 150
00 2192
01 1307
00 1407
00 926
00 2200
00 4996
00 168
10 4330
10 3040
00 1149
01 3245
01 3179
00 2216
11 4743
01 4855
11 1961
00 210
01 1355
00 4383
01 637
01 2263
11 3346
01 1103
00 2433
10 544
11 805
01 3407
01 4013
11 2245
01 2821
11 592
00 1451
01 464
10 4090
01 2067
00 4819
01 514
00 4455
11 2313
00 1502
00 35
10 2588
00 4620
10 791
11 2237
00 3362
01 444
10 2484
11 1353
00 2097
00 3618
11 3424
01 2447
01 3196
10 4023
01 4787
10 4018
11 138
11 876
00 183
00 912
00 4054
01 4875
10 1941
10 3221
00 3119
00 436
00 1348
11 1232
00 1896
10 1424
11 1640
10 2475
10 3352
00 3840
11 1879
10 1079
01 193
10 349
11 445
11 1164
01 4460
01 1273
10 4080
10 2429
00 2123
00 1220
10 843
00 2656
01 2757
01 2439
00 4591
10 3753
00 1828
00 979
00 948
01 3015
11 4961
00 2058
01 4627
10 3324
10 1677
10 3259
10 1214
10 1153
10 1361
01 4561
10 429
10 134
00 2022
11 1340
00 1778
00 1917
10 4221
00 2421
01 4357
11 1367
00 1375
11 1414
00 1536
10 4204
00 4972
01 4671
01 1219
00 3662
01 2047
00 1896
00 4816
00 2054
11 2088
01 1341
11 399
10 4189
00 711
00 2828
11 25
11 571
11 3207
11 2543
01 424
00 2962
00 2455
10 3296
10 3172
10 4403
00 4578
11 4519
10 127
10 2286
01 1791
10 2789
11 786
01 4797
11 2217
10 1291
11 3172
00 3577
00 4735
01 467
01 3128
01 4498
11 4115
10 4516
10 4191
11 4962
11 1943
10 3721
01 897
00 2058
01 202
10 3738
01 1040
10 3531
01 3622
10 4401
01 3612
01 4133
00 4420
11 3989
00 4022
01 762
11 4341
11 4689
00 344
01 3595
00 1682
11 765
01 507
01 1328
11 1676
11 1914
10 4806
10 2835
01 4588
01 4425
11 805
01 2037
00 523
10 412
00 46
11 1471
00 3722
10 4379
11 1261
01 3705
10 138
10 4191
01 920
01 4541
00 1667
00 4361
10 1914
10 163
10 1496
01 298
01 3852
10 4158
01 497
10 2156
01 1670
11 797
11 406
10 430
01 4905
00 409
00 2050
01 4595
00 359
00 2965
01 3452
10 4195
00 4161
11 480
00 2783
11 3528
01 6
10 3804
01 2778
00 657
10 434
10 4721
01 1560
11 169
10 4675
00 2354
10 1520
00 4152
11 1709
01 454
00 4156
01 535
10 3886
10 2582
00 2710
11 4544
00 1873
00 1125
00 4701
10 4370
10 4823
00 146
00 2235
11 2720
00 4712
00 2366
01 3161
01 4306
01 2397
11 1572
01 4272
11 569
00 3904
00 531
00 4057
10 2367
11 4057
10 3189
11 4309
00 1131
11 3370
00 2114
00 1205
10 2480
00 324
10 437
11 1850
00 3598
01 702
00 3005
01 2844
00 2942
01 3971
01 251
11 3998
10 3634
10 2852
01 2450
11 1768
00 4425
01 1473
01 3681
10 395
10 4878
11 3084
10 4178
11 943
10 3409
00 3165
10 1293
01 4823
01 3883
11 2005
00 3924
00 4306
11 4478
11 2390
10 1440
10 3067
10 4617
10 3744
10 3514
11 3265
10 255
01 2949
11 18
00 4047
01 2008
01 933
00 4290
10 4316
00 1469
11 1282
01 3755
11 3810
11 3464
11 2428
10 2869
00 4410
00 1952
11 1517
10 570
00 726
11 592
00 717
01 859
10 4301
10 4456
11 4349
00 3873
10 441
01 4993
01 2967
00 2436
10 107
10 3893
10 2820
10 238
01 1116
10 3604
01 4763
00 2391
11 765
01 38
01 3512
01 4002
10 4135
00 4510
00 2873
11 1582
01 771
10 4829
11 866
00 117
00 4210
10 794
11 2609
11 3431
00 1276
01 1136
00 4905
11 4342
11 284
01 3103
00 3491
00 563
01 4962
11 152
01 1495
11 2839
00 1798
11 1540
10 1439
00 1730
00 2963
11 3597
00 4571
10 4398
10 3024
11 4250
10 4220
01 4819
11 4984
01 1918
00 4316
10 4436
01 3474
10 2481
10 3555
11 1424
00 3585
10 3045
10 1283
11 4305
10 3092
10 49
01 3892
00 3471
10 2981
01 4104
00 2336
00 3612
11 3542
01 2114
11 1551
10 865
10 4454
10 328
01 2090
01 3031
11 1791
11 3099
01 2059
00 2494
11 1066
01 525
01 2739
10 2624
11 3824
10 189
10 3138
11 886
01 842
11 4718
01 769
00 1248
01 1809
00 24
10 4914
10 3304
00 1102
11 2861
00 485
10 4295
00 170
01 4324
10 4020
01 2885
01 3246
10 4232
10 591
00 1229
00 4515
11 4241
01 312
00 1342
11 2625
11 4992
00 1535
11 2233
10 1163
00 4870
11 3861
00 1064
10 241
10 2389
01 4044
10 1221
01 579
00 2909
01 4317
00 2142
11 3660
11 4951
01 4240
01 3791
01 1299
01 540
10 2830
00 3647
01 4491
11 789
01 345
00 728
11 555
01 4788
10 3025
01 3570
00 3206
01 2624
00 2928
00 1887
10 4979
11 4988
10 3894
10 2944
01 3564
01 2353
10 3397
00 4006
10 2603
00 4462
01 1621
00 1505
11 1711
00 4565
11 1767
01 35
00 3586
11 1992
11 805
01 2245
10 3429
01 2583
00 1472
10 2856
11 3713
00 691
00 1544
11 3276
11 4591
00 598
00 902
11 147
11 2056
11 1839
01 1876
01 213
01 237
10 2449
00 1050
00 116
00 351
01 2524
01 1626
00 1177
00 2102
10 3817
10 1452
10 2813
11 2997
01 3562
01 3626
11 1768
00 1372
00 2798
00 2892
00 2053
11 4228
11 952
11 4379
10 4426
10 4317
00 3920
10 4977
10 2523
01 1818
00 1911
01 1790
10 2591
01 1290
11 135
11 172
01 2104
00 2088
11 2791
11 1620
01 1671
10 331
00 4002
11 1181
00 748
00 2542
00 1200
11 4587
10 3073
11 1584
00 779
10 2236
11 3359
01 1179
00 986
11 2340
10 4766
10 304
10 2536
01 4673
11 2448
00 3345
10 364
11 4510
11 2822
11 2781
10 4601
10 1636
11 4600
00 4942
10 2632
01 1659
00 4721
00 2989
00 2424
00 692
11 2744
01 483
01 3372
11 3553
01 4718
11 4777
01 780
00 2802
00 2566
00 2232
10 673
00 545
11 87
00 1913
00 4908
00 4446
00 4018
00 2949
01 4502
01 3139
01 2834
01 4324
01 3841
11 240
10 158
01 4945
10 1389
01 2423
11 1936
00 3876
01 3963
10 4224
11 1200
00 3949
10 4140
00 3092
10 329
01 1791
11 4914
00 1685
01 529
00 2689
00 3733
10 2915
01 428
10 454
11 1989
01 4696
11 858
01 4173
01 2574
00 3077
00 4579
01 2233
10 1574
01 3273
10 1520
11 921
11 487
01 3024
00 4428
01 2695
11 731
01 1040
00 2854
11 3717
01 810
10 148
00 2992
11 10
10 2181
00 3877
11 810
00 4056
00 3093
01 2555
00 3279
01 3120
11 1428
11 2647
11 4638
11 1979
10 210
01 2963
00 48
10 3698
11 1263
00 256
10 4008
11 4718
10 2103
11 277
01 3333
11 4000
01 1104
01 4502
10 4377
00 1697
00 4612
01 4049
10 388
10 2378
10 765
10 3706
11 680
10 692
01 587
10 4047
00 566
10 3991
01 4991
01 931
11 335
10 3150
00 4307
10 3671
10 2203
11 1385
10 3862
00 4827
00 900
11 4064
01 3819
01 1752
00 2211
10 3350
01 306
10 288
01 4864
01 1370
00 3260
00 3092
10 2902
10 2503
11 3314
00 3651
11 931
01 1204
10 2166
11 433
01 3963
11 1612
11 864
01 1836
01 3805
10 2110
10 4873
00 880
00 4195
10 788
01 3714
01 435
11 566
00 1968
01 3004
01 3856
11 3870
10 3689
10 4225
01 1160
01 517
00 4585
10 4873
01 2139
11 2676
11 1
01 2476
11 746
00 187
01 2722
01 2646
01 4879
11 677
10 1413
10 3389
10 1171
11 4144
11 707
10 2132
11 3765
11 656
01 3501
10 3122
11 2953
11 1284
10 2508
10 4002
10 2269
00 1334
11 4160
00 2269
00 3332
11 967
11 228
00 4330
11 111
01 3055
01 2000
00 1436
00 2278
11 2888
01 3509
00 3858
00 2187
10 2099
01 2819
11 751
11 214
11 2553
01 1133
11 2036
00 4960
11 1370
10 1370
11 1688
10 1899
00 608
10 1653
00 3238
11 2583
01 2691
00 4597
11 3630
00 3278
01 4302
00 685
00 2929
10 4832
11 176
00 2924
00 1424
01 4463
10 4010
11 2580
01 4804
00 715
10 2671
01 2678
00 2487
10 2606
00 3126
00 3284
01 2769
01 1688
00 3201
00 3005
10 3219
10 3682
01 4584
10 523
11 118
10 1486
00 1221
11 559
10 4067
01 733
00 2729
01 3962
00 2092
10 3398
11 365
00 3741
01 625
00 1477
10 2177
10 3009
11 4547
01 3032
11 4599
11 4535
10 2123
10 1451
01 3952
00 3472
00 27
11 700
11 3700
10 2420
01 4674
11 3983
00 2462
11 3198
11 3299
01 1610
11 3940
11 870
11 2582
11 816
00 3802
00 3260
01 349
10 458
00 3127
01 1643
11 2567
11 888
00 4061
10 2458
01 2087
11 891
01 4277
01 3284
01 3381
10 3501
00 543
01 4424
00 4762
11 3750
10 1493
10 393
10 2695
01 1440
00 1640
01 1526
01 1310
10 3827
11 3249
00 145
01 126
11 3329
01 2688
11 3884
00 3114
00 1754
01 3439
00 4638
10 3138
00 327
10 4638
10 3121
01 608
10 162
00 2839
00 1998
10 539
00 1860
11 4035
11 1574
01 158
11 1709
10 3443
10 2954
11 937
00 2806
01 4672
01 1819
11 381
11 1777
01 1698
10 3818
00 1579
11 3798
11 4170
00 920
11 2973
11 3975
00 2091
11 4230
10 3634
01 3092
01 2532
00 965
10 1341
10 4831
00 799
01 1301
11 431
11 2400
00 821
10 2929
11 1911
00 4096
11 750
00 1225
10 159
00 369
11 2068
01 669
10 649
10 324
11 144
01 2192
11 4589
00 1553
10 1874
01 1905
11 4868
11 1361
00 2708
11 4307
11 824
11 1278
10 2183
11 1765
11 4768
11 3536
00 2596
10 962
01 2591
10 1937
01 3107
10 2097
10 1853
10 1249
10 1974
11 3876
01 435
01 2234
10 3614
10 2757
10 1394
01 1692
11 451
01 1235
00 3692
10 4952
10 1591
00 1392
01 1641
00 880
00 3379
00 1181
01 122
11 2109
11 799
11 2715
10 4824
01 3375
10 3269
00 4179
00 548
11 3511
00 1406
11 2214
01 936
10 455
01 395
10 2629
10 1108
10 2383
01 1708
00 2977
11 2753
10 4585
11 2939
10 2538
10 2952
01 1845
11 2481
11 2987
11 2634
01 3189
10 4894
10 1700
00 1409
11 449
01 1124
11 662
10 1989
00 2642
01 2196
00 1729
01 1607
01 2522
00 2734
01 1888
10 3976
10 2930
01 3029
11 146
00 3129
01 273
10 2015
11 690
01 3532
11 2387
01 696
11 247
01 1369
01 3359
01 1215
00 2404
11 2385
00 318
01 2830
01 1640
00 2869
01 3241
01 4358
01 4429
10 3566
00 2555
01 231
00 2692
10 2878
11 378
00 1188
00 4663
00 917
11 3665
10 1803
01 3277
10 1380
01 489
00 1936
00 1456
00 2108
10 1034
11 1938
10 1209
00 2407
11 4637
00 2771
01 2089
11 3540
00 3140
01 212
01 2313
01 4918
11 3055
01 4253
00 3354
00 1949
01 3984
10 2952
10 1149
00 4779
11 1879
10 4038
00 1851
11 3183
10 3062
00 3327
11 1916
10 396
10 253
11 2605
01 107
01 594
10 1934
11 4281
10 600
01 1202
01 1273
00 3348
00 331
00 2397
01 3063
01 2014
10 2799
11 3788
11 3058
10 2825
11 4908
11 41
11 2330
00 1430
00 3754
11 492
00 729
00 2613
01 3883
11 118
01 4224
00 3520
11 4137
10 592
00 4366
11 4600
11 4907
10 3332
10 4887
11 3517
11 868
11 4866
00 833
10 4466
11 2819
11 4306
11 4415
11 2205
00 4410
10 4360
11 4402
01 3698
00 938
10 4954
10 698
11 2056
11 3708
00 1250
01 3616
00 3585
11 2953
00 3554
01 1670
00 2014
11 370
00 2730
11 1533
00 407
10 4744
00 4579
00 4412
01 2926
01 3604
10 2398
00 1423
00 4556
00 2903
10 1637
01 4140
10 3466
00 154
10 888
00 447
00 3264
10 1342
11 2576
10 1310
11 3456
00 972
01 774
00 3708
01 1458
10 372
10 3027
11 2090
01 4409
01 4697
10 1001
11 1208
01 4724
11 50
11 31
10 4151
11 2293
00 4306
10 4752
01 3097
11 4948
01 4321
11 1500
01 2575
01 3067
00 1063
11 2717
11 3224
00 3667
01 2774
00 1434
11 448
00 68
01 2672
11 638
00 2693
10 329
10 2452
01 649
01 2835
11 401
00 2892
10 628
00 2440
00 4501
00 1322
11 2057
10 3967
10 4896
00 101
10 4575
11 3425
11 4609
11 79
00 3433
10 3166
10 3217
01 617
01 3031
10 903
10 4411
00 3156
11 1130
01 3102
10 1870
11 657
11 3148
00 4276
01 1052
11 4089
01 956
00 4176
10 2477
11 1269
10 1685
10 1574
00 852
10 2918
00 3583
10 4388
11 2408
00 949
00 2563
11 3341
00 3170
11 3442
10 2315
00 1506
00 3357
11 4120
00 3062
11 4891
00 472
01 2727
11 599
00 146
01 3301
11 3815
11 3246
10 1023
00 300
01 1659
01 244
00 2931
11 3447
00 858
00 2163
01 2056
01 1263
01 1151
10 2450
00 1094
00 1501
10 585
11 1620
11 415
10 73
11 1003
10 4913
11 4627
11 1573
10 3076
00 994
00 2756
11 2642
11 1446
11 2553
00 1442
01 3520
11 1419
00 2637
01 3807
01 4401
00 2826
11 2233
10 443
00 3286
01 4949
10 4901
01 2591
11 4896
10 3749
10 835
10 1373
11 519
01 2363
11 1626
00 174
01 3405
01 1024
10 1173
10 4473
10 2498
10 4141
01 4475
11 1786
00 1841
10 2795
01 3760
10 4280
10 3665
00 4587
10 106
00 3844
10 1508
00 4718
10 3435
00 223
10 4482
00 4572
10 4245
10 4868
10 653
11 328
10 1320
10 281
10 4718
01 18
11 165
10 593
01 4838
11 4282
00 4749
11 2261
11 1453
11 4443
11 3922
10 4013
01 2981
01 573
00 1867
00 4466
00 126
11 168
10 3043
01 4494
01 4835
01 1478
10 1218
11 4497
01 2075
00 2393
10 1962
00 2589
01 1816
01 4176
11 2626
10 3434
11 770
10 3854
01 3533
01 3554
10 1835
11 3978
10 523
01 1973
01 644
01 4134
10 3333
10 2796
11 1918
10 2787
11 2292
11 1049
11 3697
10 4474
10 170
11 1909
01 4167
11 3004
11 3766
00 16
01 697
00 4186
00 3187
10 4139
10 399
00 1325
01 1329
00 3656
00 1139
00 2006
00 2682
01 4799
00 1886
11 886
01 3909
00 3666
11 4577
00 2102
10 3125
00 2121
11 3092
00 4399
00 4034
11 718
11 3537
11 2402
11 485
01 137
01 2248
10 1487
01 4007
01 2651
11 948
10 2681
10 314
10 3222
00 220
01 4975
00 2566
11 1883
11 1425
11 2268
00 4380
11 2626
11 4494
01 3080
10 2557
00 3492
11 4514
01 1891
11 4594
10 4555
11 2895
11 303
10 1157
00 4943
00 3549
00 1142
01 2173
01 2754
11 1350
10 3711
00 1541
11 572
01 1171
00 1076
10 2598
11 4295
11 4645
10 2127
00 1151
10 1499
10 3556
10 1231
00 3851
01 4945
11 3754
11 3414
11 4113
00 2043
00 24
10 2237
01 2276
10 3202
00 767
10 4045
00 2316
10 2646
10 127
10 2543
01 4299
10 2928
01 850
11 3284
00 2792
11 466
00 1088
00 4141
10 734
01 2412
11 604
00 2867
01 3037
11 3912
11 1092
11 2631
10 822
00 3702
00 3572
11 3009
10 883
10 4184
01 4604
00 3916
00 2403
10 3654
11 1684
11 3888
00 1385
01 4225
01 1829
10 2381
01 3909
11 4643
01 250
00 102
01 1096
11 1853
00 2626
01 546
00 740
00 4134
00 2535
11 2156
00 1753
00 938
00 1586
01 355
01 1935
00 992
11 4523
11 1482
01 2745
01 3833
00 3636
11 2232
00 1808
11 4358
10 3734
01 1079
01 2019
01 4674
01 929
10 4737
10 605
10 123
01 3647
11 1893
10 646
00 1484
01 761
10 2549
10 1895
00 2222
01 4343
00 3002
11 761
11 2849
10 3316
00 2669
01 2005
01 4574
10 983
01 1839
01 3765
01 167
00 337
11 2273
01 3137
10 1532
10 477
11 108
10 3282
10 1623
10 2682
11 921
01 2033
10 2536
11 4665
11 785
01 1856
10 3537
00 4397
01 3628
10 3454
01 1194
00 2077
01 2253
11 4318
10 2813
10 4371
00 284
10 3056
11 2898
10 3871
11 1465
11 2061
01 3930
01 4212
00 3463
11 1743
01 1239
00 4185
11 1342
01 4174
00 2297
00 711
10 1710
00 4962
10 2218
10 2209
00 3625
01 487
10 3155
11 4046
01 1513
10 4227
11 35
00 2751
11 3453
00 352
11 3654
10 3655
01 928
11 3080
11 1554
11 4797
11 2833
01 1163
11 4770
10 3283
10 2930
11 3106
10 1927
10 4770
00 3732
00 2342
11 1561
10 2762
01 4768
00 345
00 41
01 1253
10 3143
10 3307
10 4513
11 4491
01 818
00 2933
10 4274
01 183
10 1218
10 1232
00 3220
00 800
11 2328
10 3309
11 2576
01 688
11 1093
00 2837
10 4784
01 2591
01 354
11 4810
11 1764
01 383
10 2904
01 972
11 1357
10 3273
01 656
01 3404
11 525
10 4070
01 1810
00 4036
11 3013
00 1246
11 1249
10 523
10 4117
11 3619
10 3020
01 420
11 4870
10 1190
01 1614
10 3815
00 1018
00 3751
01 951
01 3917
10 4306
01 161
01 2863
00 39
10 1022
10 4586
00 4096
11 4943
00 135
11 4454
11 4204
00 1381
10 1775
11 3340
01 2826
11 602
10 1694
10 2934
01 2420
10 2159
11 3677
10 461
00 2940
01 2517
11 4286
10 4201
01 3401
11 894
10 4450
00 4308
11 325
10 1170
11 3929
01 3735
11 4817
10 4554
01 2588
11 1818
00 38
01 3791
10 1533
01 808
01 373
11 1170
11 4189
10 3031
10 1687
11 2605
01 2907
10 1227
01 2877
10 4327
01 1123
01 3259
10 2008
11 107
11 2875
10 1761
10 2929
00 4426
01 694
01 446
11 3104
01 3059
00 2917
11 1402
01 3664
01 3425
01 384
01 2591
01 4273
01 2932
01 889
00 550
00 1355
11 2589
01 2224
10 352
00 1401
00 4581
01 574
10 4685
10 282
00 21
00 973
10 2527
01 2633
01 4487
01 3805
00 2238
00 4277
11 643
10 432
11 917
11 4185
00 4186
11 1862
10 1787
00 116
01 4301
11 1161
01 4457
11 2576
10 893
01 1369
00 2994
01 4815
00 172
00 4048
10 4397
11 168
10 874
11 1982
11 3884
11 1013
10 3432
11 4380
00 3047
01 1727
00 2959
11 3228
10 3096
11 2943
11 153
11 1959
10 4152
01 2302
00 2197
11 1100
10 4264
00 2245
10 2062
01 3903
01 3808
01 3685
11 796
10 1895
01 1354
10 1247
11 4400
11 1885
00 2439
11 1060
01 1020
01 1114
01 776
10 500
10 1135
00 2281
11 4453
11 1954
00 3516
11 2552
10 3240
11 3286
00 4595
01 4602
10 2897
11 872
10 558
00 1848
10 290
01 3787
00 1244
01 2786
10 1436
01 671
10 1704
00 3057
11 1488
01 12
10 2322
00 3367
10 1966
00 3628
00 1035
00 3844
00 1472
01 2633
11 4148
10 546
11 2943
01 1042
01 351
11 3593
10 4340
00 802
01 1555
00 2003
11 4703
11 2752
00 2107
10 4160
00 658
11 518
11 3143
01 4025
00 965
10 2549
10 4569
11 1952
10 2835
00 190
10 3536
10 718
10 4371
10 2298
01 3783
00 2459
01 4814
10 4194
00 3638
01 2816
00 3151
00 583
11 2334
01 1623
11 1093
01 2618
00 1168
00 1448
10 4202
11 2644
00 4022
00 1957
11 3926
10 4094
11 879
11 2958
00 955
00 1513
10 3670
11 2693
10 1786
00 1742
11 4276
00 2106
10 4628
01 1149
11 280
10 1759
10 305
00 1561
11 1436
01 2540
01 4859
00 1073
10 1426
11 4810
10 2403
00 2000
00 3250
01 507
01 833
01 3470
00 3885
00 4479
10 3247
10 2371
00 4397
01 2408
00 4558
10 1105
00 2257
01 3790
11 2783
10 978
10 1372
00 2867
00 4130
01 3725
10 3710
00 383
00 3993
10 2396
10 3496
10 4236
00 1349
10 713
11 619
11 978
01 1294
00 2771
01 4977
00 586
01 4102
11 1348
01 1298
01 3758
11 2182
11 3421
10 4047
00 4943
01 3918
10 4591
11 2097
11 2469
01 264
00 563
01 3481
01 3873
11 4013
10 1338
10 4705
11 149
11 1478
10 245
11 1393
00 2897
00 987
00 4741
00 2498
11 2975
10 3878
01 3195
10 4189
11 3783
10 2032
11 895
00 3307
11 1547
01 4289
10 252
01 4430
01 2851
00 1779
11 3218
10 4422
10 480
00 1159
11 2153
01 3060
10 4644
10 605
00 3068
11 161
00 4096
11 3808
10 602
00 198
11 4803
01 1239
11 4534
10 845
01 3625
11 1291
11 2351
01 2118
11 1505
00 134
11 120
11 930
10 2020
11 489
01 2952
01 4010
10 3163
11 4877
01 1409
11 1064
10 1809
00 1603
00 4485
11 179
01 4164
11 1179
11 2459
01 3734
01 4511
01 2998
00 3709
11 2025
11 4947
11 471
11 3228
01 3589
00 216
10 741
10 4601
01 3644
00 4087
11 2914
01 4989
00 933
01 858
11 2927
01 473
10 971
01 4241
11 420
11 4126
00 1022
11 630
01 1571
01 4749
01 1136
01 3305
00 2597
11 1703
00 4768
11 1260
11 2330
11 2764
10 593
00 895
10 1084
01 847
01 4987
11 3428
01 4972
10 3208
10 2295
10 171
11 1163
11 3511
01 1782
10 2237
00 4689
10 1831
00 2081
00 2300
01 3384
11 4568
11 4714
01 2281
11 3273
11 1490
00 2697
01 2939
11 4108
00 4000
00 3679
11 2102
10 1779
10 4081
11 245
10 3584
01 2391
11 335
10 1549
00 1021
10 2888
11 644
00 911
01 499
00 201
11 4831
11 1659
00 4261
10 4936
00 1642
11 4517
01 444
11 4561
00 1278
11 2555
00 2160
10 331
11 1020
00 4399
11 3466
11 2640
10 125
00 539
11 1020
10 3897
11 2618
00 4703
01 2471
10 374
10 3604
00 708
01 3931
11 2834
00 4292
10 724
10 4721
10 4659
11 2963
11 4630
11 4027
00 2229
11 1562
11 1933
10 2657
10 1223
01 2802
11 3545
00 4724
10 2723
11 1884
10 2003
10 2990
11 2290
01 1392
10 4220
00 3888
00 2244
01 1921
11 4662
01 722
00 2587
10 4671
00 1400
00 4189
10 2832
11 466
10 261
11 4395
01 1275
01 4565
11 4158
11 3477
00 1886
11 2367
00 1442
00 4467
11 578
00 1866
01 3979
01 374
11 768
01 3160
00 3155
01 2384
01 2304
01 528
01 2498
10 3873
10 2396
11 188
10 3841
01 3674
11 956
11 1542
00 2154
11 157
01 4019
11 3525
11 476
01 587
01 840
11 2899
01 314
11 3828
01 2532
00 4209
10 4876
00 4385
00 2066
00 2832
00 4275
11 2748
01 1329
11 2513
11 161
10 1982
11 3731
10 2429
01 4781
10 3542
01 1841
11 4077
11 1586
11 4432
11 2971
10 3362
01 3040
00 3330
01 1627
00 381
01 1720
00 1272
10 3329
11 1446
11 4396
01 1768
10 2728
10 1448
01 2587
00 989
10 3431
01 1731
11 320
10 3880
00 4192
10 783
11 667
00 2721
11 3243
00 2055
10 3909
10 3769
01 4738
11 2666
00 3848
10 3930
11 4206
01 2795
11 4283
01 2884
11 1792
10 393
11 633
00 561
00 2712
11 2935
10 4050
00 1001
01 4744
10 3508
01 3639
10 22
10 4993
10 690
00 642
10 4896
00 4867
11 635
01 2858
10 4937
11 3648
11 2070
00 3690
11 1841
10 2761
01 4501
11 2930
10 1625
01 3503
01 1153
10 1492
00 3339
01 1186
01 3179
11 1943
01 1968
00 3620
01 3140
11 1862
00 2744
01 726
10 2773
10 4265
00 316
10 4496
01 1903
10 2545
11 2830
01 1444
00 3379
11 1079
10 918
01 3787
11 4666
11 4196
10 325
01 1765
00 1428
10 1290
11 4806
00 4204
10 4212
10 4889
11 4559
01 921
01 3978
00 3642
00 4603
00 1373
11 1678
00 3310
01 1107
10 2408
11 19
00 1831
11 2551
11 1380
01 2217
00 2668
01 4968
10 1129
10 3096
10 2632
11 2352
00 50
00 275
11 4491
01 4279
00 3614
11 577
11 1767
01 4151
00 559
01 1052
11 899
00 120
01 2605
01 1870
10 4730
11 1980
01 3178
10 3790
11 1516
10 2371
11 303
01 3254
11 2570
00 2062
10 2853
10 3223
00 3253
00 295
01 252
10 26
10 167
00 4639
11 1062
10 3856
00 4391
01 1270
00 3092
00 3858
00 1472
00 1069
01 4086
00 3521
10 2170
10 142
11 1558
11 4238
00 623
11 3209
11 709
11 506
10 542
01 4104
10 2436
00 3982
11 3250
01 1675
01 2539
11 2307
01 3363
00 2452
01 3316
10 202
00 1330
11 67
00 4031
01 4491
01 4376
11 2234
01 1247
01 1449
11 4127
00 2313
11 4571
00 508
01 343
00 2473
01 4708
10 4436
00 4505
00 1268
10 3661
00 3420
10 4390
01 3250
10 2493
00 2507
00 2399
00 3141
01 3526
10 2539
10 3414
01 421
10 296
11 1286
10 4843
11 324
01 630
01 3771
00 1750
01 1626
11 2326
00 2492
10 2659
01 1521
01 4820
01 2443
01 960
00 1289
01 959
10 1199
01 4024
10 2219
10 2290
11 2146
00 2122
10 2721
10 4851
01 957
10 3201
11 4028
11 4910
10 705
01 3286
11 4540
00 2866
10 1287
01 48
11 4930
00 2249
10 3608
00 4442
00 1736
11 3731
00 2421
11 3555
11 4910
01 4211
00 3943
10 4782
00 3942
01 824
11 1183
11 4059
10 3976
11 1099
10 229
10 1324
00 2230
00 2255
11 1716
01 2424
00 208
01 3363
11 1228
00 282
10 2631
11 1000
01 701
10 946
01 637
11 4681
00 2482
01 3402
00 3243
11 4965
00 2010
00 2041
10 3352
10 2782
11 248
00 2762
10 4632
11 3741
01 4819
10 1916
10 2130
01 882
11 4326
01 3290
10 2991
11 2319
10 4208
01 1301
01 2617
00 1157
00 419
01 4284
10 32
11 2788
10 4425
11 4906
00 549
00 2086
11 3121
11 463
10 2554
00 3516
10 341
11 4540
10 3600
00 4439
11 1318
11 4242
00 4831
01 911
00 3957
01 242
11 1480
00 4918
00 939
10 4510
10 1221
10 1844
11 1913
10 2542
11 2942
01 1852
11 128
11 707
11 725
00 973
11 3769
01 1742
11 4186
10 1480
11 1837
10 441
00 4191
10 1312
01 4260
10 3763
11 3476
11 3812
00 353
11 2063
00 947
01 3854
11 2484
10 1149
01 668
00 2174
11 3421
11 678
11 2448
11 1215
00 1743
00 2036
11 4353
10 2656
11 1130
01 847
10 3352
10 2762
01 2342
00 4704
00 1068
00 1144
00 2174
10 2400
11 3489
01 561
00 4889
11 880
00 4477
11 4334
11 81
01 3337
00 3124
01 2354
00 1368
00 2477
00 2324
01 1212
10 1045
10 4980
01 3768
01 1222
10 3594
11 1079
11 3537
00 2193
00 2504
01 1943
01 1895
01 4829
01 2744
01 3606
10 2883
00 1868
10 443
11 60
00 4967
10 167
01 3194
00 554
11 3548
11 3406
10 4326
11 713
10 3306
10 3147
10 32
11 3634
00 3674
11 2351
11 3513
01 2831
00 774
00 2378
01 4122
11 903
01 1430
00 783
01 2260
10 3941
01 3643
01 1332
01 5000
10 3865
00 2800
00 925
01 726
01 3581
01 4499
11 2057
10 1369
11 3416
11 551
01 1690
10 1353
10 141
01 1013
01 4985
01 2558
10 1324
10 4772
11 3871
00 3275
01 4110
11 1848
11 2772
01 4831
00 2460
11 1136
00 290
00 548
11 3072
10 629
10 4481
10 3124
00 2314
00 1689
10 4107
01 2446
00 4451
11 1068
01 137
01 2076
10 2372
00 479
00 2940
11 3008
10 966
00 3276
00 2652
01 2489
11 3795
00 2180
11 1563
11 505
11 51
00 1511
00 1842
10 961
10 631
11 222
01 1033
00 2610
10 3936
00 331
00 1827
01 1541
11 1535
01 3535
01 4503
10 155
11 318
11 4193
00 4382
01 4397
11 1229
10 1501
00 2818
01 3116
11 1029
01 2041
01 2004
10 4721
01 3631
11 1961
00 813
10 356
01 3556
10 4819
10 981
00 4704
01 4950
11 4282
00 2990
00 1173
10 2421
11 2079
11 2465
00 2915
00 2546
10 562
00 3503
00 4693
00 3294
11 1980
00 2536
01 3290
01 594
01 2535
01 3726
01 2173
01 4672
10 283
10 1321
00 2517
00 3544
11 1146
10 996
11 2597
01 323
01 3804
00 3214
11 3444
01 3946
00 4531
11 600
10 3900
10 102
11 863
11 901
00 4159
01 4625
01 4050
01 204
11 956
10 4331
00 836
10 799
11 3997
11 693
01 1750
11 446
01 1491
00 2848
01 2114
01 3972
10 1119
11 2470
00 1209
01 4575
00 2314
01 2118
01 4059
00 4931
11 4309
10 4387
11 1305
11 255
01 3801
00 1581
00 4317
00 2045
10 3751
11 3725
01 1759
10 2974
11 256
01 4317
10 2857
00 155
01 2484
11 1061
10 1371
01 4908
10 686
01 973
00 3470
00 3235
10 2910
00 3656
10 4180
01 1336
11 3396
10 1655
01 918
01 573
01 3955
00 1689
10 476
01 3627
01 1027
11 857
10 2431
10 403
00 3884
10 3911
01 4025
01 4621
00 321
01 2124
10 2498
11 1267
01 3713
11 417
00 100
01 3246
00 814
10 624
01 1383
01 4967
11 4482
10 4752
10 653
10 4838
10 460
01 3748
11 1478
10 997
11 2534
11 1268
11 2979
11 3460
01 4465
10 3346
01 2302
01 1830
11 2286
11 2765
11 4016
00 3706
10 1046
10 56
10 4817
11 1001
10 1226
01 1691
11 4434
10 2862
00 3787
00 175
10 2261
10 304
01 2210
01 3341
10 2658
00 937
11 4816
00 2655
10 4035
01 641
10 4406
11 237
00 504
10 2842
11 85
11 4463
01 2227
01 4541
00 206
00 1305
10 4836
01 2971
01 1513
00 3185
11 3797
00 2164
11 2689
11 2250
11 1318
00 1650
00 1390
11 3435
01 2040
01 1710
00 4296
01 375
11 2141
11 3792
00 1706
01 2718
10 4269
01 1370
10 1227
00 2786
11 1218
11 3981
10 4541
00 978
10 4836
10 3322
01 370
10 3809
01 4589
11 3617
01 1145
11 3967
10 2541
11 3060
10 3596
11 2789
00 3382
11 4780
01 277
11 3245
00 4104
00 1673
00 3747
01 798
01 661
11 1429
11 3512
10 4355
11 1892
10 3569
11 917
10 1092
10 2689
00 3205
10 3611
11 1418
00 2699
00 443
00 2203
10 1230
10 27
01 556
10 4022
11 1938
01 4219
10 145
01 2837
11 4798
10 3387
11 2034
11 3177
00 3475
01 2157
00 1049
01 179
11 778
00 2929
00 2471
10 3243
00 2980
00 1233
11 4380
01 1484
01 1387
10 4093
10 898
10 2918
11 319
11 2222
11 1354
11 257
10 4865
00 4790
01 3012
00 2808
11 2234
01 2406
10 1635
10 4962
01 3499
00 4246
11 3926
11 522
10 3854
11 1191
10 350
10 1063
10 4099
00 4563
10 2237
11 2748
00 4011
11 1746
10 196
00 936
01 1855
00 4414
10 4740
00 3645
11 2561
11 2391
10 22
11 2605
11 2832
10 3742
01 2058
11 4695
01 1367
11 3381
11 2314
00 2165
11 2206
00 3781
01 4358
11 4976
10 4606
01 3302
00 2664
01 3785
10 577
10 1217
01 3409
00 2801
00 2262
11 2136
10 2690
00 3009
10 144
10 1219
10 587
11 2578
01 447
00 2724
