1000 1000
558 784 527 5273
862 938 1433 521
266 677 18994 499
263 314 2154 624
411 773 662 18038
657 818 6706 266
70 519 22458 457
358 963 231 26246
243 978 11797 772
40 965 39092 242
641 899 88 11956
242 254 802 1174
594 818 671 8511
116 161 369 414
118 849 441 21640
104 638 161 22055
378 716 200 4932
158 358 529 5729
606 877 372 1185
33 153 4171 811
140 311 255 1110
381 420 137 1736
522 722 305 3505
145 300 2873 858
164 814 24581 531
446 584 4334 608
36 482 5591 239
78 848 32456 116
578 633 717 2697
379 494 343 5403
395 624 575 575
94 656 4576 642
389 978 982 13351
103 987 14 30954
710 764 2641 265
289 292 800 764
315 876 23388 948
863 963 692 5392
271 485 557 1841
66 984 33 17475
143 673 575 20715
378 703 3917 667
108 189 3711 147
59 364 8245 315
403 617 673 7521
298 844 18699 681
232 913 6555 426
110 155 1696 976
105 802 112 15446
801 961 2943 703
203 992 164 11210
115 352 5945 257
67 345 10900 614
841 948 365 579
578 718 4651 31
626 737 5187 414
747 782 193 683
148 858 16415 795
567 944 7431 268
224 729 23507 782
126 585 130 589
539 586 2743 769
655 762 2436 403
223 519 707 9587
2 6 160 344
680 724 2146 958
796 842 11 1897
197 813 955 28675
464 748 11449 941
449 856 115 1743
181 320 1574 462
26 586 431 15551
531 904 16646 607
216 941 584 5659
268 603 5572 882
415 590 5946 871
123 561 17639 119
282 941 429 14268
407 765 15160 840
249 636 195 11805
100 612 109 2157
296 584 626 6674
339 936 672 13209
184 315 234 2854
408 774 9029 977
463 520 70 1723
125 647 969 4623
260 580 11894 694
182 994 17154 914
98 908 23378 698
680 721 797 1904
533 591 669 2989
693 950 818 11869
19 952 110 11306
16 256 9362 722
28 954 7880 472
150 987 7175 479
5 242 594 5808
325 757 953 14777
356 450 759 3297
314 761 714 15465
815 970 958 2043
79 663 362 7954
24 902 985 41373
217 821 523 15623
335 370 585 1040
710 983 485 1031
56 212 64 3496
530 578 1097 89
468 477 989 1403
274 876 10505 873
785 880 4589 314
299 970 262 25760
28 947 784 9055
439 803 8184 904
211 465 304 7670
90 246 136 5752
540 831 443 443
337 664 7133 920
10 916 3448 730
505 989 416 17356
384 686 886 3000
692 990 1276 978
233 589 671 2095
385 798 16084 390
560 745 512 3842
204 674 22177 557
605 849 849 9389
422 732 12221 441
255 954 787 32941
66 731 747 30672
16 156 3122 182
637 643 579 531
127 472 485 1175
76 810 27792 634
478 866 543 8303
139 902 24882 466
222 584 279 8243
212 726 564 19068
287 388 452 452
280 636 191 8023
179 326 6091 505
536 1000 16727 487
114 523 989 17349
36 870 418 17098
299 362 3334 562
298 720 16461 3
311 374 2194 241
145 369 467 10323
51 68 815 628
65 917 490 39682
868 960 3198 898
485 568 3634 314
206 696 197 10487
775 916 3210 531
128 329 1369 766
43 200 451 294
776 893 2922 582
136 549 525 19936
890 956 3270 630
506 945 20378 184
120 907 37532 543
403 693 12881 121
263 777 2082 26
22 488 11768 584
265 830 1998 303
238 801 359 14434
231 370 409 2355
435 761 54 13420
64 458 880 13488
130 926 9582 30
397 765 10197 997
674 946 338 6322
326 637 56 7520
243 488 10530 240
567 689 2122 780
122 309 843 9258
214 549 152 11542
125 236 3475 811
157 536 8686 727
241 620 9757 282
391 882 20344 704
356 454 760 4288
768 833 3742 622
87 333 679 3877
244 826 56 18680
8 21 535 1120
274 674 6216 616
459 940 538 5829
789 870 168 2760
274 689 808 7033
474 675 943 1144
378 634 4259 675
144 893 239 14470
536 868 3079 755
618 722 777 3273
506 858 785 15569
894 936 1334 494
339 780 679 10381
866 897 847 2025
580 603 358 1140
150 848 13771 509
665 676 845 1340
585 639 2401 889
53 399 72 5262
436 736 11748 948
212 570 5041 29
156 192 423 1215
164 968 136 8980
181 908 32830 115
220 221 359 380
246 496 136 11136
570 804 77 5459
486 911 281 8356
210 500 4641 291
340 427 1558 166
753 786 961 2017
12 67 615 2705
470 881 16861 832
358 457 247 1732
263 379 386 1778
533 963 757 757
151 546 144 6464
126 455 909 580
278 615 1307 633
38 673 27577 907
105 814 21463 193
250 271 285 1209
491 495 506 326
72 261 9574 313
122 989 23050 508
191 598 537 10305
97 369 5769 57
762 1000 4428 382
436 558 320 5566
261 553 578 11090
161 283 2490 538
510 631 4974 860
564 868 5767 599
388 835 15412 214
783 914 6047 152
303 896 12910 457
241 799 191 24743
24 903 14 42206
219 861 108 2034
806 866 734 1154
360 475 969 6604
865 891 998 322
145 993 9494 166
8 863 475 28690
5 11 1187 989
883 982 617 4280
447 576 742 3193
642 803 937 615
225 727 435 23025
60 488 805 7653
238 824 3608 92
126 779 19136 852
780 814 923 1229
129 629 3804 804
263 577 3529 703
23 965 19806 24
267 789 964 7750
585 614 599 1556
754 922 809 3497
72 430 12448 276
19 692 26958 711
654 656 254 312
373 926 20252 344
57 357 872 10472
279 395 540 5760
966 981 425 560
506 540 1099 725
510 648 395 6191
799 953 211 3445
149 795 18823 735
79 147 1872 104
233 586 143 849
648 943 5253 828
451 663 1722 450
213 948 624 34434
151 744 28184 906
85 981 310 4790
114 498 16584 456
366 492 6040 622
280 986 285 1697
431 560 530 4271
879 901 1240 690
645 866 9326 707
581 903 104 7832
408 743 976 14376
733 814 1497 768
30 872 293 26395
693 863 818 5918
501 924 13193 80
42 782 65 20045
231 968 34314 412
145 170 895 445
70 479 818 18405
230 822 12719 879
752 772 1726 986
80 968 7343 239
79 462 998 11722
18 133 3070 80
656 810 3467 541
513 955 9193 353
805 874 2457 387
686 746 1165 445
534 782 143 1135
129 309 67 3127
433 531 474 3022
103 289 4784 878
51 357 14418 342
92 563 20107 325
498 641 755 5474
556 779 10191 602
141 370 11001 467
567 841 8231 559
401 868 806 16684
54 637 315 24801
402 541 5050 741
596 730 1942 736
357 358 334 314
263 920 543 10398
69 799 54 5894
86 228 961 1955
695 794 233 4490
626 1000 847 13937
794 1000 404 2258
127 184 626 1367
269 974 297 26382
227 448 8772 595
389 718 424 5688
403 750 43 2819
356 555 763 2952
251 319 835 4167
235 644 7789 18
402 944 172 19142
685 937 9167 95
157 331 566 2828
68 962 250 30646
21 709 21572 932
410 998 26628 756
243 331 1654 334
97 126 999 2304
35 588 16689 652
315 953 19902 124
639 794 857 3492
153 442 355 2667
551 845 164 13100
486 701 805 8545
394 753 16867 712
34 407 10827 756
69 163 900 1746
534 959 11521 896
176 525 403 13316
509 510 499 483
238 956 524 22064
196 621 11199 149
126 238 833 3185
568 997 120 120
81 98 187 782
913 927 706 524
219 951 12 31488
119 725 266 1478
641 889 659 7603
291 711 500 16880
350 568 6404 954
626 994 1763 659
459 741 9392 650
460 810 55 5305
69 853 900 9524
335 977 8851 505
92 840 28141 465
334 742 467 20459
402 737 5705 10
37 785 15053 93
39 800 31929 728
944 957 489 1087
229 711 411 6195
173 393 311 2291
812 918 718 1778
42 208 2810 320
43 192 713 5332
411 471 759 2139
280 906 317 5325
59 181 2770 330
83 886 2440 834
410 758 68 764
774 987 651 3420
640 873 93 6617
608 765 55 2253
106 694 327 9147
175 840 745 7395
397 993 531 13047
137 672 24 19284
68 503 3173 128
391 660 9191 583
807 877 538 1238
153 305 117 1941
108 637 18753 767
274 788 3760 676
379 770 2 12514
232 250 627 285
325 804 23635 164
144 168 978 162
118 955 613 18190
414 635 5133 50
368 524 927 8571
544 560 623 687
245 282 458 1790
355 803 19362 994
261 286 231 1281
3 468 18884 284
314 854 1744 664
27 704 8946 822
256 715 549 7434
163 481 10705 529
260 328 528 2772
578 979 4006 798
51 474 777 13890
635 829 3877 773
651 919 602 7302
150 841 657 18623
3 696 179 179
225 354 138 4782
620 967 742 1783
239 816 14570 145
102 677 6017 267
770 931 302 5132
192 918 995 14063
600 742 6318 212
148 498 3708 208
135 789 234 2850
398 958 426 18906
695 748 1246 451
616 804 75 4775
272 411 5495 630
353 988 23602 107
577 790 10961 950
295 316 826 532
412 948 138 25866
535 914 1524 766
142 972 27420 860
862 992 5875 675
385 451 366 3534
87 240 1545 627
242 472 647 4557
201 699 312 24714
8 358 985 11135
550 609 570 1160
718 812 789 789
221 455 7300 514
50 317 1365 564
345 626 867 586
449 639 943 4363
812 922 747 857
808 871 3088 631
733 963 10082 652
220 481 6384 381
192 803 5529 641
293 576 10438 250
119 914 320 9065
698 887 87 8781
188 647 3893 221
12 647 3388 213
503 965 13878 942
145 715 124 14944
487 503 1454 846
244 731 599 16183
9 89 910 1710
562 611 366 366
144 210 102 1752
188 684 697 2185
416 546 551 5231
484 608 859 4579
120 547 13338 955
81 944 571 38543
534 944 18457 827
237 477 10108 28
367 718 966 1668
425 960 23346 341
152 930 760 12430
138 245 2569 1
583 890 4320 943
499 820 1393 751
233 938 247 33382
13 877 529 3985
120 825 710 10580
714 930 7744 184
935 951 959 751
96 125 1458 646
45 974 443 12520
163 908 34608 338
601 962 6602 826
140 305 3523 718
766 938 2205 485
26 575 107 21518
201 851 32584 734
458 611 914 6422
30 913 41591 973
182 275 564 2889
2 309 12598 932
265 857 26794 746
289 712 548 19583
112 752 333 20173
198 438 660 5460
167 784 709 9964
579 667 623 95
257 678 10381 277
284 671 15891 798
46 900 581 29617
559 839 49 11249
453 950 2034 46
200 583 3378 314
3 217 5806 456
188 964 857 30345
69 305 11386 766
784 835 635 23
749 983 327 7347
258 410 3390 958
336 784 8702 638
158 878 190 10990
809 954 130 565
321 523 241 7513
234 367 286 5340
766 920 4551 239
252 253 113 148
164 913 546 6538
441 462 709 709
587 808 1816 490
445 848 1623 11
362 904 649 8237
71 702 781 15925
484 902 551 20197
237 419 5430 698
300 956 3149 525
168 688 14516 996
158 839 9931 397
309 972 12850 916
583 651 823 2047
133 158 211 261
293 397 1845 805
531 567 1014 330
91 892 776 32816
126 919 290 5048
81 657 12871 775
336 696 124 12004
716 977 6076 334
658 979 160 7864
490 634 155 1307
57 821 641 33493
47 424 937 2822
842 946 1895 23
905 968 3045 273
752 978 331 9371
159 180 1085 875
308 885 15599 597
363 958 8504 769
42 163 2220 768
552 666 426 4302
292 329 2247 915
587 768 162 2515
76 721 28488 753
73 874 432 31671
31 809 449 19899
360 415 290 125
61 345 12046 118
276 860 603 28051
21 869 3583 191
252 938 682 22634
37 79 2982 966
392 694 868 13250
166 643 11549 101
327 634 10708 577
756 822 699 1491
531 957 618 7434
731 732 281 266
47 174 2299 521
33 124 675 1676
241 890 6585 95
676 705 487 1096
311 549 6994 92
398 825 87 8200
433 985 14849 497
184 800 18860 996
624 718 2820 376
82 270 4079 319
121 298 7796 185
139 168 105 1207
705 745 606 6
331 517 363 8733
739 916 391 3046
403 576 702 7622
74 672 182 9750
472 639 322 5833
225 845 9631 331
858 969 3370 706
184 940 631 11971
441 459 824 446
544 687 6398 964
301 877 23670 54
10 846 235 16955
449 462 589 628
342 748 3436 188
115 571 554 554
245 394 4033 904
297 584 12719 952
47 81 145 1709
45 268 886 2447
114 751 855 1492
303 811 2547 7
409 704 60 14515
354 770 2 5826
97 644 376 12957
389 516 457 3378
375 742 173 15954
506 778 421 4773
696 900 235 5539
161 614 19237 664
811 920 4275 787
493 567 545 2025
700 833 6981 863
168 940 10050 786
569 850 864 5641
54 651 16779 660
124 253 878 2297
64 615 568 20955
100 427 914 13667
172 306 5673 983
181 699 7634 382
576 713 1257 298
886 992 762 4684
481 649 6594 714
27 431 3208 784
40 729 511 32205
101 762 19990 160
115 168 716 1352
151 319 867 6915
257 1000 353 15213
735 970 724 2604
74 490 759 13239
836 872 113 473
552 614 2746 142
222 865 301 9946
675 992 15614 81
343 951 800 22080
333 590 759 9240
567 881 11208 532
80 664 427 23787
203 254 3026 986
107 651 788 17108
9 946 521 39875
529 820 5995 757
939 973 1483 837
375 889 949 6089
101 284 524 9491
450 950 5274 774
132 756 17170 322
442 934 17221 985
770 935 669 4299
726 836 4800 840
122 611 15006 336
60 914 13020 210
321 324 498 420
729 937 33 6273
943 956 877 825
871 926 385 110
657 689 312 280
136 424 5778 18
335 628 891 12611
454 914 13670 790
327 651 11690 674
99 219 3443 83
253 602 2581 487
358 957 578 12558
127 847 4026 426
113 193 2332 572
272 397 1879 629
289 612 25 14883
207 372 112 4567
170 691 380 16531
518 608 4961 821
611 905 717 10419
522 793 884 5491
358 480 884 4300
157 709 16190 182
381 638 373 116
371 635 149 6749
193 365 996 9252
41 271 2553 713
423 889 7871 415
175 532 16384 676
333 575 1678 468
882 903 591 1410
480 868 2922 982
232 412 313 3013
29 325 900 8004
603 761 733 7527
94 769 17683 808
125 609 156 8868
217 829 596 3656
36 78 534 1836
321 831 823 5413
672 963 10200 597
80 488 995 20987
354 360 723 633
441 799 737 12909
899 928 51 1037
239 883 19526 850
40 694 749 30833
265 741 47 2903
261 633 13148 128
32 545 321 834
694 966 243 11123
259 368 5434 529
288 443 3195 250
683 861 888 9076
460 977 12923 515
129 814 943 32453
365 438 298 3291
368 916 14143 991
377 495 421 2663
125 509 464 13520
3 218 775 1205
369 695 485 2441
95 462 2954 385
256 906 6192 342
415 555 2735 355
333 621 115 12499
347 419 2046 822
98 487 823 2379
292 638 636 16552
429 949 65 15145
821 972 110 714
164 555 4394 484
53 791 16021 523
745 785 871 111
236 427 6909 415
12 985 29054 837
172 581 16 11468
640 784 3293 989
440 631 3703 74
245 923 713 19697
402 567 819 1809
234 811 7591 667
633 945 6238 622
392 986 9270 954
425 665 7068 348
329 911 680 680
416 895 493 14863
283 903 17082 342
531 749 746 6196
59 111 85 1697
517 690 365 3825
430 668 518 8134
418 765 230 2659
1 298 258 10653
274 816 215 15933
112 592 3474 594
154 159 89 239
546 785 287 5306
647 872 5754 579
266 594 929 13065
440 990 6258 208
394 662 1495 155
62 209 761 6053
844 907 13 580
167 758 25715 302
150 158 808 984
137 745 377 5849
349 740 2057 884
375 464 3612 586
630 714 604 1528
522 669 330 6945
85 629 823 2999
473 683 867 4437
777 944 2340 336
440 991 14779 453
77 604 478 18923
39 612 13197 18
748 910 684 1332
76 701 674 8799
242 684 809 2577
616 989 943 16236
138 398 703 5123
582 769 201 8242
171 567 15879 831
156 525 8167 418
508 850 987 7827
273 445 6378 874
699 778 2156 418
163 853 74 21464
41 602 27118 190
247 401 156 1234
552 919 7492 152
483 855 15993 369
11 546 353 6238
396 786 984 10734
705 998 12165 738
371 395 1301 653
199 279 740 4580
162 475 478 11746
698 756 440 2354
361 964 831 19524
232 359 71 1341
113 439 924 598
867 889 873 1621
223 552 10990 462
491 866 3888 513
353 460 512 1582
282 949 487 23832
2 177 524 6299
179 448 1591 515
124 512 140 140
529 785 11520 768
327 443 2048 192
593 654 2793 109
434 620 9233 305
414 501 3356 485
292 711 18127 529
68 757 47 17272
397 686 672 4718
216 795 12752 14
11 116 2000 320
430 861 3601 153
63 139 1181 41
303 579 8850 570
171 939 17741 845
287 443 7447 739
183 381 436 6970
882 981 739 1531
532 995 8988 191
405 620 7141 476
311 442 976 6609
44 671 47 20738
29 446 432 20865
521 677 997 5209
339 612 855 9591
72 621 751 16672
713 753 286 1446
168 658 2800 350
99 423 895 6079
77 705 19779 939
453 542 594 2374
623 837 2571 431
264 382 385 857
68 802 11 12489
109 402 14588 524
77 704 32 23858
666 995 16830 709
258 642 318 11454
533 608 60 1110
605 960 10756 816
509 706 4033 290
23 418 14412 982
103 399 41 9217
206 229 1573 952
88 508 18190 130
521 619 977 4211
274 687 61 3778
15 200 3583 808
223 483 11075 675
720 782 894 88
169 951 12488 758
46 53 552 881
396 568 2318 254
70 969 43651 499
59 574 165 165
703 982 112 11272
722 782 1043 803
562 932 17 387
110 870 3266 226
380 714 456 13816
598 905 7975 914
915 986 1157 92
120 803 420 21593
76 137 927 1171
16 481 130 17335
511 770 7240 506
275 305 1325 365
392 531 561 422
143 486 15307 901
524 849 596 7421
440 567 2651 619
256 775 13876 901
616 907 4400 617
679 744 2433 938
495 582 3839 359
442 609 4024 684
152 629 399 9462
12 451 731 3365
920 966 585 585
265 668 818 2833
453 844 16814 783
199 527 929 6833
690 847 4661 265
371 506 6342 537
618 869 9353 568
578 890 3066 570
762 900 4158 294
564 833 12600 495
197 412 9608 363
292 348 471 2095
7 352 961 13036
280 890 253 18553
479 821 873 15579
558 669 440 440
733 797 3026 146
71 928 12841 843
320 427 224 1401
21 288 973 9784
91 477 5845 441
183 306 3797 968
485 871 9 1939
201 244 561 389
179 366 2901 470
491 1000 6610 502
344 704 563 2363
242 994 12074 794
587 889 257 861
177 498 15763 355
8 759 29681 392
170 552 17386 578
133 668 6135 785
180 990 7906 616
677 763 1788 670
426 860 1080 646
326 507 4107 487
259 436 3333 501
237 918 8218 46
417 639 478 2254
330 347 723 1539
126 589 18180 586
164 373 672 6733
10 968 817 9439
294 588 1223 341
828 850 190 1004
385 777 340 2300
223 347 297 2281
559 836 6797 149
213 746 562 19750
203 610 41 9809
28 949 15797 140
163 514 14242 202
202 853 438 13458
281 947 896 23540
140 842 31619 731
177 890 805 22908
235 308 642 3197
124 601 13260 858
186 432 2160 438
315 856 18707 854
213 887 878 16380
196 924 12445 69
212 272 3648 948
236 945 10848 213
774 953 810 1705
45 425 15545 345
449 845 191 3755
28 535 874 2902
296 401 637 1687
227 348 784 5019
397 489 645 4601
211 264 2535 468
179 472 4443 48
631 835 5908 808
316 824 735 20039
141 456 669 12639
288 890 155 14001
560 976 2234 154
694 979 12636 381
270 340 155 3445
96 593 622 24478
49 447 9084 726
366 799 807 18127
37 389 2295 183
689 804 2823 753
307 464 340 7248
384 591 348 348
351 709 0 6086
459 982 931 21851
507 542 996 2326
494 946 21010 670
495 515 720 1280
237 311 749 3931
133 236 109 3302
364 723 331 1767
425 801 5285 773
139 458 775 3008
2 602 18249 249
20 106 3508 412
196 296 960 1760
562 977 10290 745
181 445 206 9974
68 358 3991 801
665 680 1412 737
780 966 883 139
77 389 453 8565
89 988 905 9895
