1000 1000
176 959 25161 888
626 717 339 794
591 962 186 1299
16 338 9769 109
667 700 719 2303
715 816 968 5816
56 371 11136 426
19 776 700 7513
208 254 874 1150
535 555 755 1235
122 137 946 1486
675 722 2861 981
400 788 65 6273
621 983 3298 764
550 748 561 1155
370 416 1352 248
207 681 1221 747
192 640 499 499
574 906 985 14265
643 695 837 1513
57 370 354 354
693 906 7567 751
555 705 944 7844
600 708 235 19
425 916 2523 68
790 900 506 3696
15 552 223 26536
330 607 12735 547
246 887 19528 298
236 658 778 4998
721 959 990 10034
510 803 2264 213
127 652 604 13729
231 861 344 15464
387 949 941 18925
879 948 497 3050
265 944 417 26219
232 406 700 2962
306 749 3488 387
62 562 21291 791
148 768 147 8207
741 981 7317 357
508 864 8769 937
357 450 2115 255
73 863 30078 848
222 411 1928 605
249 447 3231 855
333 820 72 9325
32 81 2092 769
752 787 42 1442
618 865 6222 541
716 746 1245 315
919 953 806 1690
396 618 805 1027
181 607 13069 715
137 661 8 12584
281 494 1468 190
127 926 870 17649
811 913 561 663
276 484 967 3463
240 645 611 7901
435 732 460 8776
54 140 3614 518
736 932 8439 991
42 758 251 27459
362 385 1227 169
383 633 459 11209
82 146 3418 922
648 763 135 2895
697 888 8609 587
472 579 5025 424
29 824 374 36149
39 101 3011 159
811 976 2900 755
355 483 4109 13
52 318 1222 956
346 505 851 3236
121 949 873 26541
376 454 778 1246
124 181 428 998
828 846 82 136
298 411 886 773
65 229 1118 462
674 801 3103 309
21 737 406 10430
342 535 150 150
136 621 11845 690
941 978 921 1513
605 917 4357 301
242 959 15266 926
174 780 26288 230
754 812 342 3068
31 501 19614 344
160 768 59 29851
255 285 226 796
454 545 781 1964
330 843 511 511
598 922 894 894
634 828 630 4122
451 857 4982 110
520 916 353 3125
438 502 783 1871
186 613 10 7696
778 969 705 10064
445 485 1104 344
30 508 325 9885
29 729 901 9301
798 974 5437 509
433 838 10980 450
200 819 306 15781
185 939 1698 944
89 487 388 10338
203 871 16760 728
708 714 1130 884
205 677 13851 163
834 942 500 716
791 933 106 4082
246 582 580 8644
132 425 12718 998
56 801 18478 598
94 303 63 1735
210 275 3651 986
24 46 496 1266
779 817 466 732
462 653 385 9171
297 744 414 1755
556 962 13125 539
350 669 655 3845
733 980 2176 694
359 648 311 600
448 918 8475 485
385 603 975 8823
50 212 391 4765
287 936 9853 118
80 251 775 3340
8 520 8752 48
183 330 420 1743
122 857 380 21695
204 668 12625 561
293 938 30033 363
299 935 93 10905
357 515 854 8596
218 744 74 2704
177 831 19296 984
340 382 677 425
323 790 399 3668
632 852 9708 28
334 725 11697 358
433 833 522 19322
745 970 5059 334
297 940 27899 893
417 521 463 3167
173 202 382 1426
290 471 74 2427
275 777 5412 894
257 450 185 1729
50 521 22551 414
180 902 436 15598
244 830 1819 647
184 855 61 16836
77 386 762 6942
191 445 6666 316
124 169 1974 984
835 962 6089 755
640 872 577 4521
301 940 866 22592
514 733 960 3807
267 875 17803 779
310 330 189 469
79 235 478 1258
179 470 904 10798
640 794 524 986
340 690 12568 668
147 346 671 4054
68 782 969 24531
42 918 41579 407
598 662 783 2447
197 829 9014 166
648 656 664 1024
657 887 333 4703
103 1000 446 13901
210 737 395 9881
200 525 408 13733
461 470 964 1126
112 162 907 457
477 840 270 17694
445 988 23389 40
814 827 524 1109
323 424 927 3149
494 964 431 6541
345 891 999 7551
69 165 2655 543
408 579 505 3754
820 998 469 3851
309 919 26964 734
517 664 779 6512
136 882 447 28049
535 558 999 562
460 768 245 2093
194 585 905 11071
127 224 5400 841
65 289 1620 276
5 125 892 892
533 670 17 5908
269 733 319 19807
516 661 476 1346
469 555 2803 51
449 710 12225 219
185 995 769 25069
361 924 21955 561
239 460 801 6989
89 780 34474 615
260 465 654 10289
22 556 25983 885
80 853 967 28022
181 376 2790 60
174 678 20471 311
12 941 718 23943
392 774 958 6688
305 679 100 4962
176 411 4810 580
128 475 15238 317
260 898 15573 899
582 944 11087 589
432 560 1013 885
68 820 962 37058
216 835 649 8077
316 930 26762 360
400 467 617 1957
157 427 885 13845
598 826 239 5711
315 422 3658 876
206 959 14308 754
386 472 1632 342
783 980 681 484
205 953 339 10811
636 882 12604 550
307 763 996 15588
80 678 161 27669
306 756 11 15761
496 749 12255 870
78 264 545 5381
11 507 934 20278
540 645 349 3709
503 620 410 761
574 883 667 6229
516 761 483 4893
153 845 945 17553
87 809 370 17698
273 740 19173 26
354 961 24168 495
515 612 447 4521
17 298 701 8850
208 428 9564 984
31 289 500 12626
366 787 18385 703
433 555 5690 444
753 853 2940 940
230 445 920 5435
263 999 872 22952
785 787 647 695
223 788 20340 565
668 696 944 132
581 881 11699 299
35 384 886 14846
184 866 7602 100
278 607 704 1691
192 217 568 1193
427 758 305 6925
422 510 265 3785
301 431 869 219
371 826 415 13155
52 506 3198 928
93 539 11642 492
135 618 87 2985
524 602 2048 800
625 968 506 10453
266 542 7552 100
325 945 498 12898
266 806 346 6826
15 619 432 5868
497 520 1013 507
467 638 493 7846
500 968 830 12998
237 301 2314 138
641 956 5020 295
256 498 336 8080
88 228 253 1373
402 903 512 13538
259 274 945 945
247 610 395 1121
137 501 6404 580
23 631 129 8641
13 737 25 5817
10 22 321 309
171 616 254 19834
391 596 503 2758
153 865 926 27982
360 365 756 751
33 82 266 1491
381 768 595 208
604 733 938 1970
16 994 21068 530
174 487 855 7741
668 899 861 5250
195 391 2751 595
46 879 21628 803
634 751 854 4013
631 999 598 3542
153 653 19514 514
145 853 25353 573
595 782 8677 823
202 915 16025 339
561 788 303 530
167 278 95 2648
97 954 27545 978
12 614 547 28841
196 930 35369 137
935 973 1760 392
25 326 438 1341
248 566 167 14159
860 918 658 2688
37 84 329 376
640 719 2233 21
465 871 807 15423
231 626 712 5452
400 644 8786 490
152 449 1649 461
744 977 2771 907
703 763 316 1816
31 1000 5264 419
525 729 439 2071
376 721 283 7183
704 790 694 3446
289 336 4 1132
85 943 10193 755
57 94 743 1964
486 558 654 1878
293 538 10870 580
39 215 72 2360
441 619 302 5642
405 664 563 3153
261 673 12384 436
869 942 1199 688
184 439 7702 817
307 406 791 4652
363 624 11604 381
640 986 12445 681
179 247 1092 72
320 935 23036 896
241 542 556 13499
586 737 748 7090
293 565 12763 251
641 735 2705 919
386 863 13808 452
176 583 993 5470
47 667 345 11505
397 631 10814 284
874 887 1512 940
315 723 5784 72
143 481 9336 548
721 1000 10433 110
215 274 363 3136
139 628 880 18484
38 631 25740 834
660 975 3479 959
412 731 2618 66
225 875 15699 99
538 805 2970 300
758 784 741 845
233 770 12070 793
19 328 6526 655
379 583 178 9562
485 927 11983 49
317 801 5168 328
794 842 133 373
362 832 596 9526
63 598 283 25963
404 772 958 12366
730 918 5661 21
52 406 161 16445
704 856 3707 59
646 827 5926 677
183 304 2987 446
217 670 11778 906
315 723 12872 224
283 732 6545 259
678 850 2926 690
104 379 999 2924
95 144 539 637
621 833 33 1517
738 810 159 2895
445 993 320 17308
206 684 573 573
328 417 1292 847
808 946 670 4120
241 959 477 18427
242 382 5103 763
186 555 164 1271
292 408 543 3443
617 816 6880 910
335 537 3584 352
254 264 440 50
93 858 737 31337
615 785 234 8394
266 385 627 2531
225 709 6455 647
219 578 11129 718
913 956 402 832
182 442 2391 571
104 549 14889 204
40 295 4755 420
9 936 21487 166
452 941 13419 705
23 228 193 8598
137 353 4148 260
84 992 94 8266
292 856 765 21069
694 993 12019 358
681 976 790 9050
174 991 729 12984
429 573 7015 247
79 491 546 1782
340 406 1550 98
464 798 665 665
578 920 10461 543
536 643 3153 478
288 317 1908 951
116 216 324 124
356 913 27353 60
286 821 75 20940
592 739 582 6756
632 937 651 2481
488 890 215 7451
44 413 846 10440
30 374 2888 824
799 911 382 2510
9 801 19072 856
653 969 514 3990
49 326 3986 939
236 643 6248 957
58 971 12068 199
97 817 33014 614
356 793 9848 671
281 408 887 3935
260 934 23312 396
308 985 233 17835
198 584 262 11456
220 397 5 5492
184 322 454 6250
35 755 21964 364
403 957 20774 830
352 551 335 932
390 630 743 6023
13 505 927 6831
205 954 19979 505
138 946 23557 125
156 885 869 3056
217 747 522 19072
300 531 6107 101
29 883 79 933
692 750 407 1
301 436 6615 405
408 802 290 15656
79 131 661 3105
356 688 586 7558
49 483 31 19561
638 994 330 17062
128 442 766 6104
141 164 354 952
266 605 729 12933
506 574 571 3767
314 889 23754 179
97 839 20855 79
402 438 148 1768
103 500 3567 391
123 510 18003 588
48 427 18867 675
498 661 1643 13
367 994 836 836
738 843 1994 209
225 479 8612 484
784 925 231 372
607 842 427 4657
46 651 585 2400
571 988 11589 330
627 711 65 3929
120 652 635 18191
474 768 4436 614
687 779 927 2399
442 692 4420 170
70 252 6304 662
66 466 8558 958
156 554 13375 241
103 776 603 603
885 981 3378 882
56 658 11464 26
267 779 3458 898
393 407 972 1560
235 913 17590 640
722 910 810 2126
101 595 19922 656
470 593 133 379
843 983 7452 872
508 849 142 2188
469 912 819 6578
350 598 12373 717
609 897 6986 650
535 785 805 9055
659 872 685 6436
167 794 486 6129
536 900 654 10482
268 326 3208 424
53 424 349 13334
202 834 454 30790
93 461 6243 723
339 375 631 1567
476 670 274 4542
721 989 13306 174
74 503 922 9073
642 903 138 138
189 612 7093 325
100 234 798 2540
535 677 1573 11
237 882 905 905
93 550 19615 878
159 527 6813 557
340 525 3279 134
502 894 7316 652
782 913 941 941
36 46 869 1319
377 920 363 19368
776 918 10 436
78 89 329 758
278 329 916 2701
193 763 15011 761
53 627 220 12274
12 756 500 1244
367 555 211 5663
127 298 249 7602
404 779 12034 34
504 828 620 6776
340 464 2422 314
307 557 6428 428
422 977 316 20296
166 182 426 1146
92 224 529 6997
132 766 911 7885
599 789 497 6957
385 428 1084 998
211 784 21344 143
107 380 4282 733
703 761 211 1197
212 414 9637 143
661 699 549 739
175 743 8597 645
87 723 15620 992
124 524 3751 151
418 538 2828 68
281 383 1054 238
119 725 497 12011
30 796 908 908
76 922 15325 97
33 77 641 2401
198 886 630 32966
689 757 1663 31
514 741 879 1106
159 182 542 1163
141 901 24815 495
176 420 192 192
20 555 429 3104
822 945 725 4907
812 843 723 1374
157 425 158 10074
1 605 28730 946
81 339 1159 901
98 369 323 12247
31 619 25371 675
169 857 183 183
196 439 24 24
135 943 607 5455
382 474 949 3985
665 734 464 188
634 978 220 10196
803 852 2282 959
443 478 1735 405
246 795 22148 737
846 859 1562 938
302 680 67 823
519 894 12466 91
49 929 326 14406
951 993 938 2828
368 780 643 16299
169 594 14513 63
321 872 22171 682
188 342 3820 740
184 921 742 16956
288 348 741 321
162 581 11572 678
935 959 1567 823
330 915 9701 341
729 736 639 464
452 920 1615 211
230 991 340 3384
97 622 24558 408
145 942 541 7714
178 830 566 17518
228 723 2510 35
31 265 879 879
467 796 2798 824
355 847 23382 258
454 669 9472 12
883 933 225 525
516 903 785 10073
11 184 2810 734
717 989 223 3759
81 292 2638 528
108 221 959 1411
308 734 737 11387
209 235 1609 387
53 949 13898 458
300 510 492 2172
108 452 2924 172
22 282 714 2534
527 598 1674 112
609 941 5890 246
632 829 1075 287
830 992 778 3856
649 838 722 4880
191 956 94 36814
209 807 5194 410
227 572 7543 988
238 274 952 2356
265 835 3654 804
320 665 284 6839
152 851 824 26687
346 509 289 3875
537 991 48 5950
39 419 14507 447
161 705 141 26253
417 812 7185 470
142 424 665 9125
464 601 565 17
224 339 493 3253
779 815 847 1279
80 182 714 0
81 126 971 2816
597 859 3168 286
44 953 876 27237
87 330 294 9771
119 300 8422 277
391 735 297 7177
840 958 637 3823
670 969 128 128
227 691 54 5158
646 705 238 592
99 139 1418 218
164 427 953 7528
660 899 824 2975
312 787 17181 556
573 712 954 4568
32 514 14890 912
369 383 635 313
78 587 293 17599
486 812 774 4034
806 875 876 1014
465 766 14895 146
230 812 903 24765
415 960 14551 926
92 805 854 22957
244 520 3 6351
74 476 707 11561
299 486 130 1439
544 723 8923 510
18 887 27775 836
39 557 25455 73
60 270 425 8615
357 900 276 5706
451 608 932 1403
293 904 505 20668
9 858 29 10217
524 885 608 8550
150 959 8245 964
242 910 698 32762
326 403 4242 700
644 712 561 1785
54 526 861 18325
202 692 11064 774
602 797 519 8904
587 870 7301 792
288 355 13 13
427 564 563 6728
230 605 390 11640
129 624 613 5563
229 411 1746 836
339 743 514 2938
670 687 420 233
214 558 704 16184
221 582 14899 820
33 464 370 14162
783 903 159 399
61 773 473 16849
73 558 571 16091
671 810 653 931
127 343 49 265
693 989 10087 319
487 504 1076 906
387 698 897 11782
550 646 927 5247
70 950 9828 148
457 750 105 3035
623 875 424 3196
644 693 2293 529
488 618 574 574
200 229 952 1851
546 833 552 12893
252 625 79 1944
259 990 686 6534
165 990 1336 511
115 411 5601 865
621 626 681 886
253 999 30451 611
7 528 589 12572
145 739 18233 413
752 840 998 2142
372 572 1167 167
475 501 940 1720
156 872 10122 98
685 875 4081 471
102 658 17252 16
710 859 202 5417
105 494 2 1947
346 548 10198 300
769 954 792 1162
10 903 35943 223
400 452 543 283
182 340 4639 373
229 946 5 2156
342 969 725 1352
68 305 6560 398
714 820 681 2059
164 211 767 1848
339 657 875 3737
411 661 6048 298
386 926 19078 178
483 894 7491 504
400 927 3993 304
234 859 121 30746
392 793 12974 142
276 962 478 1850
272 321 837 3091
63 686 657 1280
524 829 679 374
279 966 899 14639
899 950 274 580
234 606 715 1459
366 880 218 2788
628 643 293 428
679 993 695 9487
132 834 239 3047
619 672 802 1544
161 963 3749 541
300 795 7508 83
550 831 2114 709
61 857 149 9701
33 51 1018 730
908 983 504 1479
149 227 1297 205
562 878 644 4436
107 850 13780 406
264 582 900 900
211 706 710 1700
514 790 807 1635
813 964 4717 791
495 841 10810 776
482 515 441 936
21 354 6456 462
9 440 894 9514
426 870 988 15640
418 910 590 16334
539 610 857 1283
206 221 531 681
272 887 12411 111
29 583 221 22381
280 657 2149 264
26 230 270 8838
890 923 760 331
246 878 782 3942
200 692 58 17278
24 694 1474 134
161 255 902 1936
164 707 312 12258
934 959 248 923
489 871 4855 653
603 848 6734 609
413 415 773 685
146 436 11790 770
175 501 14517 825
325 704 17147 92
439 653 803 6153
243 905 656 15220
658 881 9171 251
432 861 695 9704
763 818 682 1122
331 726 985 5725
538 955 963 7218
443 617 6177 609
309 493 300 6372
203 715 695 9399
367 826 352 3106
56 529 147 9134
284 326 112 1666
257 991 28642 16
364 675 60 8457
762 843 406 1783
364 961 357 17670
314 375 21 753
625 816 7782 333
134 298 4560 952
135 658 2899 284
660 822 782 5804
264 430 76 4890
492 893 449 16890
56 320 12653 509
128 472 17211 355
484 512 81 1453
361 928 675 16551
415 987 11816 376
130 419 19 886
37 608 15833 987
322 805 8140 412
668 891 452 4020
565 836 1493 951
194 591 36 6388
231 869 181 26977
413 761 3127 691
125 446 63 6483
819 877 1226 994
73 655 28270 334
172 828 4467 531
173 703 371 12561
104 185 606 2145
563 823 4291 391
481 563 877 2763
752 812 43 643
502 558 16 72
138 785 560 11559
404 488 1433 257
234 848 311 12591
199 892 816 13983
37 566 15925 584
404 825 655 5286
96 464 70 14422
65 100 794 654
237 556 5425 321
242 536 278 2630
108 391 10041 985
84 628 433 6961
318 776 2785 953
548 765 6530 671
462 791 7806 568
345 757 6250 482
371 798 560 9100
70 653 226 809
708 778 2657 627
464 760 489 13217
149 295 4454 512
164 451 47 8370
291 842 529 11549
448 627 4389 630
299 433 5250 24
480 974 7658 742
147 376 5096 516
72 129 2198 32
458 770 447 4503
481 830 9286 910
91 461 12644 434
205 789 785 16553
861 940 726 726
939 992 3166 993
473 610 5798 44
17 804 95 37084
921 933 709 349
221 509 1725 573
111 837 690 18114
236 720 18575 667
529 968 13342 172
7 908 395 395
41 956 500 16055
164 336 5717 557
110 549 178 7202
457 519 2571 835
224 661 193 10244
670 713 1705 845
337 579 1875 665
802 868 2568 852
503 819 226 6230
441 796 17135 450
590 996 15255 639
423 488 80 80
154 533 47 16723
381 937 757 7429
583 777 3423 125
44 463 501 501
44 102 958 784
183 490 9307 711
368 724 9655 43
76 677 9860 244
422 798 453 13989
111 736 11897 22
293 627 504 3844
18 641 13361 901
669 895 1954 598
367 856 1756 778
497 553 278 2462
365 962 807 9165
115 519 794 5642
683 719 421 1933
312 777 21888 963
380 712 7772 468
408 840 690 16242
183 513 16219 709
181 683 304 12352
345 428 1968 474
133 304 1319 806
51 77 841 763
244 690 213 6903
467 942 9387 362
128 423 590 15045
286 645 183 9158
678 964 928 642
173 738 444 2704
14 418 361 16117
758 947 4876 529
42 675 646 28498
690 798 5432 464
100 796 865 22441
656 856 665 3665
75 299 1226 554
53 423 10847 117
386 797 6628 52
501 551 2024 174
136 502 17101 631
293 429 637 5261
280 580 931 8431
263 466 9403 65
320 980 395 10955
72 698 10800 158
245 883 758 12242
818 839 970 298
493 804 3173 374
185 686 177 8193
194 577 6293 165
139 265 4497 969
842 900 3262 826
382 494 5125 85
341 742 903 3309
485 652 4849 6
831 961 5 3905
740 976 6968 596
146 761 29886 981
473 536 296 2942
158 851 664 22840
136 352 4524 636
252 710 711 6665
199 853 17 32063
441 744 35 5489
236 402 5339 359
185 390 477 4577
318 579 87 3741
30 273 942 9933
150 617 12585 443
559 987 199 15179
79 586 23482 667
133 263 6547 177
108 461 576 10107
47 798 5 8266
34 665 861 5909
252 268 363 763
7 864 816 41095
63 415 654 1358
531 829 788 1086
845 868 710 1078
703 953 714 4464
333 569 1951 771
26 405 833 1591
234 648 704 20576
820 967 933 6078
617 826 6617 556
57 337 12413 373
280 970 21397 697
337 503 330 2322
647 914 11877 129
757 802 1830 750
731 925 851 9193
247 553 33 5847
298 754 9 14145
772 915 3224 364
731 978 365 8516
38 109 977 4385
