1000 1000
108 846 749 2963
35 277 92 10740
750 963 5137 451
86 286 493 2293
141 265 1541 177
843 914 879 2086
682 744 687 1989
285 346 3090 162
72 135 2510 431
421 559 248 1904
25 951 946 29652
84 209 521 2646
66 484 873 1291
59 290 9270 30
296 668 1069 325
67 834 22333 857
278 324 735 1241
708 859 4469 241
403 610 3632 527
214 936 242 21180
643 785 2759 487
526 717 2856 946
392 780 40 17112
125 604 428 17193
218 331 751 299
212 645 880 1746
338 902 809 5885
86 375 5322 120
377 537 227 5827
17 215 556 5902
374 708 1999 329
193 258 3486 301
441 939 8985 21
340 765 18799 524
30 164 48 1656
896 939 803 1018
643 650 747 999
807 868 1222 490
30 49 891 359
273 451 467 3493
461 942 19668 428
695 809 517 4165
287 355 637 2133
275 980 612 35157
513 998 65 65
77 864 430 430
297 970 1852 506
617 794 4555 838
357 587 1557 177
38 439 16549 108
246 707 702 4390
411 503 965 505
443 997 444 12632
194 499 375 13490
125 440 6459 474
196 646 4216 166
642 667 1194 194
559 705 5132 168
121 614 637 17892
271 283 1176 636
365 465 484 1784
203 265 54 674
737 917 4556 416
778 779 145 116
850 916 1583 857
401 441 609 529
185 609 9177 273
116 142 1917 773
520 692 4505 721
656 761 185 3755
46 415 258 1365
285 796 5828 207
408 799 157 2503
686 885 5517 343
393 467 2371 3
461 619 770 4246
125 739 5580 668
35 682 12791 498
721 937 1402 970
662 772 887 4957
568 990 13234 574
109 525 882 12530
432 918 559 73
67 762 885 26600
348 670 7348 908
846 849 395 344
319 623 16 3664
391 715 2021 77
158 661 277 9834
609 742 3273 347
631 998 645 4315
725 748 1847 789
454 694 769 8929
436 716 332 13212
338 351 10 75
271 585 9691 271
409 975 633 6859
585 738 57 7554
435 728 3653 430
345 761 666 8986
33 201 316 2668
93 411 3042 180
1 546 6340 890
730 843 4969 223
54 853 8688 698
119 207 4452 932
436 540 4541 589
579 759 3025 325
377 663 1657 227
334 919 24187 202
12 294 5079 567
651 766 316 1121
589 839 6350 600
399 448 1054 221
161 257 4464 720
655 657 195 117
144 662 384 2974
77 205 813 4141
789 851 2719 673
339 847 303 10971
206 213 212 331
461 745 147 12643
65 74 209 335
324 690 12308 962
290 742 115 3279
152 820 813 13505
662 702 9 1329
304 891 142 18926
280 474 429 6249
751 949 726 6666
435 912 663 14973
335 675 4828 748
287 443 186 1434
685 752 131 2476
281 286 741 876
477 709 475 9987
168 671 18032 427
125 636 10866 646
120 314 4077 3
382 798 10500 516
316 918 3103 695
41 908 24842 566
351 482 5256 16
190 698 918 5490
16 994 334 334
853 903 1487 387
152 278 596 3116
421 696 801 6851
537 647 289 1059
812 927 998 998
223 243 1447 887
456 475 795 453
514 881 11632 255
552 917 294 5404
546 783 10014 297
3 352 16281 227
379 563 528 8992
47 97 923 2773
631 665 83 1307
233 932 458 11642
159 869 11271 621
184 733 23419 910
185 787 14065 821
617 688 90 2504
56 368 6332 716
434 770 414 2430
784 909 189 2439
402 556 2662 44
773 798 72 1047
701 815 395 1763
464 956 21201 45
452 514 3580 790
336 354 1352 758
511 919 4742 662
12 749 700 2174
20 162 3075 235
207 785 152 4776
130 215 878 2663
552 707 5973 83
4 268 4544 320
280 698 17259 957
344 950 809 203
198 572 440 11286
161 283 987 255
417 714 2749 670
467 961 350 14182
702 762 698 278
816 833 959 1588
771 791 225 1165
703 773 645 4005
124 343 666 9426
85 411 713 8537
94 520 12086 584
253 922 987 7677
62 374 15982 694
80 489 13164 76
334 698 859 2315
167 979 16073 645
229 781 24401 665
551 860 11724 600
399 816 8 15437
178 677 437 14908
794 860 19 1075
353 774 3752 805
797 927 1501 721
368 677 5170 226
444 868 581 20933
253 967 17316 180
796 866 3004 134
529 589 412 1012
530 661 3803 790
23 980 404 404
364 562 45 5787
792 839 740 1163
238 294 2038 470
206 230 437 893
398 877 296 5086
105 826 10647 553
527 824 7235 998
346 421 960 2385
335 431 279 855
830 843 817 635
474 700 477 2737
313 754 17185 868
475 957 632 7380
30 682 35 687
111 901 939 34119
50 430 13957 657
983 999 813 61
135 345 728 1358
361 863 536 8568
714 750 576 1476
222 876 5191 613
759 779 1398 738
716 717 5 25
84 124 888 8
17 211 7057 849
208 214 420 162
70 401 681 8625
310 629 10163 593
547 625 2368 184
399 732 12566 911
662 837 981 1856
681 735 772 1852
299 429 6148 818
3 391 7041 57
316 409 360 1011
110 223 4682 840
310 725 20903 983
245 909 12537 585
370 483 186 1768
359 981 997 997
756 952 880 880
834 866 1909 853
345 921 24275 83
107 475 13059 179
54 596 444 10742
134 963 8490 200
120 404 13236 172
424 912 331 18387
40 245 987 2832
6 72 1463 143
520 597 2617 76
252 857 18541 996
536 910 17986 782
432 653 4523 324
474 969 331 8746
247 396 5568 55
69 616 15749 980
38 200 3352 598
461 930 314 12508
321 337 322 338
205 540 733 11788
331 389 2577 141
299 980 32286 960
338 625 1723 575
213 799 994 21504
51 914 226 22664
537 926 18065 949
234 500 12498 262
481 506 1238 338
477 844 172 13384
163 640 402 23298
137 513 990 5878
148 244 477 4797
62 259 3540 979
620 946 4594 30
129 344 3290 495
208 331 324 1185
572 726 7790 552
285 960 953 16478
221 483 1035 249
574 982 14870 590
320 956 50 50
244 286 771 2451
9 200 2846 172
278 324 491 1227
223 890 868 201
892 969 3622 773
519 549 89 449
170 884 26084 380
381 521 958 398
87 391 671 671
519 801 208 5002
124 427 927 1836
22 783 368 7217
16 397 4039 991
353 925 471 28499
22 568 23658 726
214 944 20149 439
141 243 689 383
229 674 776 16351
338 665 737 1718
496 849 923 12219
431 731 886 11386
270 586 242 5930
116 713 311 311
152 245 3646 205
254 434 4412 452
304 378 654 4206
249 956 15554 0
97 882 588 35128
755 867 522 4442
526 625 827 5084
303 436 436 5623
381 453 1289 929
684 988 815 5375
19 786 897 6266
264 278 516 1160
637 743 699 3349
715 813 2805 355
742 847 496 3541
14 105 574 119
175 463 9626 986
190 415 9713 263
602 837 697 6102
287 454 2711 373
725 998 5648 734
575 890 570 1515
38 948 32637 787
64 305 671 10793
123 902 264 264
373 916 972 25407
254 689 20240 230
142 861 676 8585
143 841 12087 919
575 929 2440 670
504 966 787 14185
337 937 364 28564
585 800 7985 675
87 909 24979 319
749 912 689 4601
886 985 4993 736
170 586 37 12101
404 426 1635 975
140 411 6555 864
445 701 4414 62
231 674 916 21737
958 983 1046 471
553 937 1785 249
300 782 7351 121
135 736 360 11779
413 677 7022 158
309 882 579 10320
437 979 6854 350
170 724 6416 322
105 404 14924 572
229 529 10166 566
261 398 7084 919
280 720 5041 201
67 474 5653 769
434 476 531 741
3 841 10211 155
929 961 445 125
272 363 3590 678
122 677 5783 233
270 589 2580 347
146 197 2452 718
235 411 3834 314
558 613 1719 344
201 366 989 3299
321 373 2373 813
196 844 31806 702
86 946 792 792
407 466 371 548
255 638 19009 625
341 561 624 8104
397 730 18 11340
139 654 389 14809
306 396 1471 931
399 507 42 2418
948 979 1061 69
86 416 1136 146
109 165 2370 746
43 562 20582 860
41 224 250 3910
42 511 1084 146
342 672 318 7908
63 293 6938 268
449 580 3983 839
312 977 53 19338
135 486 727 14065
88 121 852 1842
271 811 382 22522
188 299 492 2268
164 465 510 811
733 952 708 3117
327 689 159 7761
770 784 689 661
85 369 5210 98
409 531 1278 58
486 490 832 760
70 654 27451 587
132 693 23420 419
119 820 928 28968
16 203 4034 107
44 567 171 22137
646 992 146 16408
253 698 429 6214
676 882 504 5860
27 844 5621 719
863 886 630 906
621 803 9056 866
395 616 621 6146
566 572 502 628
382 383 552 519
349 914 350 3175
340 638 700 11130
148 453 12850 345
155 596 934 14605
354 786 7145 665
43 432 10711 597
479 840 271 15433
512 690 114 7412
130 636 963 10577
575 798 1155 486
494 708 7600 752
684 787 1112 803
370 499 1599 309
417 656 10775 737
402 496 812 3256
52 329 433 8189
264 492 9246 582
275 876 22770 533
131 270 3409 212
154 724 6603 333
189 593 431 1239
427 922 1960 475
133 344 9400 327
354 437 678 1010
88 983 11386 646
619 691 2433 561
157 474 614 3784
679 875 8305 269
3 267 5877 597
714 806 4378 514
104 630 9151 735
187 421 473 3515
326 507 660 1927
376 948 963 5539
11 152 946 100
189 481 362 13794
50 841 2743 370
44 917 214 16801
923 994 533 2734
846 953 4182 544
239 931 29130 758
1 7 82 226
263 918 384 15449
212 229 732 902
131 908 34102 691
421 581 6223 463
132 278 831 1999
97 827 869 7439
10 496 614 6932
431 829 11646 502
155 162 553 497
800 930 2931 331
449 592 49 4339
136 888 17806 510
794 845 488 335
219 334 4442 647
240 487 540 10420
289 605 751 10231
475 906 9802 320
61 524 352 4056
126 468 381 15087
421 744 9982 938
76 382 5680 172
263 644 678 18585
726 749 582 720
263 302 1237 574
470 557 1089 132
411 940 50 15920
115 839 534 2706
892 940 67 787
729 746 527 102
556 968 867 13639
240 542 854 8706
516 929 5110 154
161 326 3300 165
308 639 6869 249
15 986 44 36942
244 318 177 1287
388 502 3332 254
678 901 2723 716
100 428 994 1322
754 895 1052 347
259 472 6740 563
71 759 9181 925
431 558 808 3348
10 793 469 34921
710 779 219 2289
423 691 4059 843
445 914 14728 189
523 778 1431 921
321 516 462 852
314 501 2117 247
198 770 24201 177
360 410 694 3144
216 846 405 13005
857 917 752 1532
179 595 14020 708
305 575 2762 332
113 196 1799 471
234 892 422 20820
200 642 527 21301
383 920 236 14735
268 893 11302 52
483 974 809 21431
645 998 921 13629
796 980 821 6709
89 178 5 2942
310 719 506 11549
734 764 1912 682
448 867 4918 728
672 778 1491 113
29 101 1960 304
386 772 219 5623
483 700 6600 307
440 799 392 392
539 631 519 243
402 671 370 8978
734 759 16 716
403 560 939 7062
887 908 116 872
191 313 1656 314
95 830 559 2764
410 617 2860 169
756 777 749 266
76 466 592 12682
535 808 8942 206
478 875 642 15331
15 522 13328 653
187 446 8552 782
415 818 19505 967
206 367 3095 358
218 645 438 11113
293 492 547 9502
542 568 1835 977
4 363 182 15619
328 390 2024 164
153 863 14298 808
443 552 3339 69
356 993 16254 329
173 682 111 14363
369 626 516 12852
219 624 13341 786
32 154 784 4078
97 328 871 4336
384 581 9957 895
369 604 600 10940
464 925 23121 993
658 780 1015 893
608 907 14417 65
273 414 824 6182
112 212 3175 575
267 969 14814 72
412 661 947 7919
56 868 11068 512
610 800 815 7465
242 481 441 11196
354 505 918 12
529 537 442 266
336 917 18742 731
189 584 4520 175
47 588 7269 236
41 473 3574 550
513 829 14878 658
676 995 778 15452
235 349 204 1458
792 892 2939 139
238 366 796 6300
909 974 3685 890
356 368 59 83
254 889 22487 897
53 644 586 5905
170 832 13496 256
667 762 1396 921
124 304 16 4156
38 756 811 12299
744 753 99 504
288 651 16742 407
394 888 761 17063
749 796 1962 975
238 452 555 8901
707 788 1986 852
351 699 7819 859
381 657 10990 502
346 659 14397 625
548 741 1592 48
398 950 24126 390
417 736 4812 665
223 963 28732 612
395 725 15773 923
87 488 835 7652
22 555 16802 279
215 785 508 10198
374 455 790 4273
280 885 23103 113
511 728 2629 25
222 433 282 7456
586 750 336 7060
231 804 16492 448
421 797 12254 974
24 777 372 6396
181 691 15646 346
582 853 808 11919
60 607 17619 662
270 765 853 24118
593 941 3643 859
395 713 1430 794
126 660 23413 985
283 429 178 4120
413 772 1854 59
248 336 821 1349
74 356 4084 136
374 929 773 16313
361 682 13731 570
60 993 18569 842
554 830 5990 746
623 647 133 157
255 994 13140 577
117 943 688 21338
207 209 24 46
895 952 619 1417
221 449 407 10439
305 715 18799 759
725 760 368 928
189 902 805 5796
4 788 940 26028
276 306 1361 311
170 494 4704 492
68 427 494 8751
197 539 5191 745
543 794 393 2903
56 72 812 508
319 511 27 4059
322 530 4237 285
37 241 9424 244
767 815 774 1638
453 721 5842 214
101 898 56 2447
327 542 9940 265
58 800 804 26032
154 821 26035 22
117 339 1679 347
52 729 278 6371
569 842 6941 662
121 849 35 21875
581 681 4169 69
143 361 3307 37
331 839 506 24890
368 759 574 8394
347 374 142 1465
204 311 705 598
264 919 25651 106
724 802 616 382
1 130 7160 839
578 887 10801 295
531 782 21 12069
383 399 483 627
20 646 183 17711
343 832 10 21526
408 553 1760 20
63 825 862 16864
207 863 15942 854
695 721 590 616
775 847 126 1638
466 657 9023 237
165 596 300 11937
104 490 212 4458
295 386 3975 699
168 176 827 1147
472 936 8706 354
487 495 203 579
418 807 811 15982
497 605 5681 821
229 377 831 7639
741 911 787 1977
465 799 14751 55
417 566 141 6548
198 691 6378 955
426 777 404 1457
32 52 622 1062
117 339 3820 490
384 770 13667 543
437 918 911 11012
312 478 504 5318
32 580 205 8973
8 961 290 23162
808 821 755 1392
557 608 504 198
197 628 1123 692
328 772 245 11345
535 914 681 5229
499 727 8763 327
86 562 457 5693
70 312 9044 574
459 595 296 5056
338 930 555 10027
57 775 28 7926
116 473 7323 183
378 524 7434 280
90 954 923 26843
98 728 30732 492
160 530 784 7074
643 812 1719 705
838 851 811 798
234 380 609 3967
489 500 871 1245
424 913 444 13158
71 470 2911 916
308 830 515 22961
718 751 726 1683
606 719 16 5214
225 301 3130 470
854 955 3491 259
202 609 7587 668
275 800 15177 477
397 415 1683 963
465 697 5104 928
548 857 9291 330
268 550 616 52
387 406 842 747
61 335 13384 506
454 512 1141 967
202 601 124 6109
489 545 1998 150
240 928 361 15497
581 712 1926 747
11 130 2552 53
49 825 37229 757
441 876 830 6050
40 242 5750 902
899 991 863 2979
162 341 5611 599
307 425 633 3583
544 636 2881 305
83 821 12741 195
51 142 2272 725
647 894 688 9827
85 374 443 9980
141 697 25276 256
404 446 1548 750
107 972 117 39907
139 829 757 6967
320 351 207 951
230 842 1418 194
99 384 143 14108
364 623 77 2926
420 966 487 1579
613 919 257 11885
191 482 239 10424
311 348 1537 501
504 855 7515 144
125 344 692 9233
482 629 603 6777
85 509 3037 493
299 865 362 362
268 640 978 12138
111 785 717 20937
79 894 267 22272
159 717 3126 894
276 444 3395 875
407 619 6273 549
263 999 409 17337
214 727 883 15760
789 829 32 352
67 259 6546 210
257 531 13173 295
22 578 937 14837
146 743 88 20386
526 766 556 11836
101 204 5202 979
190 647 21511 489
146 620 8211 627
155 688 395 5725
716 839 423 6204
150 668 7534 282
339 599 873 9713
720 740 1120 520
120 323 6535 851
169 209 500 1380
286 468 3575 299
336 798 15568 322
417 760 61 5892
78 981 288 1191
123 126 1050 993
475 487 713 1121
181 487 439 439
109 705 173 18649
338 426 841 1633
255 753 1167 669
250 450 648 10448
95 924 15349 427
515 691 5797 869
425 854 17101 799
842 864 1189 617
523 893 5407 227
76 472 1064 668
182 490 671 11143
31 551 592 11512
118 970 23980 124
631 954 846 15704
74 833 26920 355
241 854 1425 199
108 214 1676 934
459 585 5626 460
391 976 773 11888
438 465 390 957
533 624 4366 89
784 916 701 2153
641 852 7781 396
231 669 900 14040
223 827 20830 294
28 262 514 2386
303 654 257 13595
376 582 5887 737
743 936 8404 684
504 548 1565 377
392 725 11146 490
365 937 989 7853
459 684 236 1136
1 60 276 2046
800 857 1758 105
528 587 17 430
455 939 28 1964
494 998 467 17099
589 735 6 736
710 945 6768 188
153 964 222 3466
320 912 516 22420
238 861 16247 672
327 617 12926 166
679 698 187 130
531 798 4115 377
234 664 5129 399
25 261 11576 720
693 698 634 599
537 831 2442 90
16 555 91 26502
273 809 5616 792
425 430 412 237
333 425 4821 773
116 674 333 26001
94 558 113 7073
649 728 548 3234
187 349 4496 932
323 727 20115 723
88 475 488 18290
245 415 6198 588
62 154 222 2430
106 623 18812 200
9 935 647 34909
146 528 12434 974
59 491 204 3228
418 758 15321 361
8 419 45 18129
139 821 658 17708
20 781 461 20247
617 872 6432 312
303 580 867 8346
384 576 9318 486
391 779 905 17589
97 779 588 2634
98 479 384 5337
354 712 452 5106
198 611 15750 56
110 852 942 29880
502 895 796 7477
50 691 26339 699
40 462 12341 947
627 981 501 10767
56 894 36817 783
90 152 220 2762
506 645 5147 977
208 607 409 16768
331 825 13860 522
264 377 2833 686
108 722 11828 162
36 725 914 5737
347 942 27003 228
823 826 193 268
320 644 255 7383
125 479 14085 633
454 901 317 2552
271 628 8382 885
161 405 575 4967
313 480 7189 509
793 818 166 366
200 398 43 9349
16 743 3302 394
704 919 2030 95
444 539 2325 710
24 35 434 830
779 875 3777 609
817 830 1025 453
498 720 45 5373
21 165 2930 50
391 858 963 6100
54 491 785 7340
277 606 812 11011
439 732 7045 892
126 412 3618 472
310 805 491 12371
114 495 583 202
30 879 295 8785
778 791 577 980
840 841 817 769
152 668 271 24007
122 646 435 8295
364 618 629 9011
137 702 437 17952
239 623 915 915
45 753 10329 417
66 862 14532 204
168 631 335 1261
134 847 543 33341
266 690 11056 880
116 340 6 5830
21 651 10311 861
316 949 26804 218
70 223 7751 560
431 750 3921 412
506 706 665 8265
485 830 813 5643
114 813 14086 106
458 494 661 769
332 764 6738 690
814 815 52 47
510 565 1224 949
762 807 474 1059
2 710 12205 169
271 394 304 2149
327 705 89 10673
99 308 1882 210
242 542 253 8653
385 891 14682 8
552 744 542 4766
168 779 533 27417
477 876 12623 254
34 108 784 3374
208 768 21613 893
347 929 24409 547
756 801 1816 556
542 805 279 10536
180 911 20598 861
440 476 769 445
389 421 800 1568
61 754 16067 821
234 693 7834 31
78 890 690 35606
23 370 4952 441
315 878 16295 531
122 138 89 57
130 977 594 37862
784 849 472 2097
742 899 672 4754
509 982 21970 685
206 797 18983 662
519 812 907 7060
213 576 292 7552
683 873 227 8967
30 795 4790 965
402 901 21343 884
850 998 536 2608
131 939 713 20913
353 851 6665 191
137 410 6320 587
188 916 4107 467
414 916 11733 689
501 584 341 2831
364 406 246 1758
67 507 9677 437
291 613 4485 299
344 755 37 8668
125 958 463 37948
151 858 31803 695
459 476 141 600
