5
200 500
46 169 717256
125 143 358492
126 17 431896
60 109 934186676
195 99 885140372
68 159 232217
135 127 215245
186 142 63904679
62 115 761922165
181 158 725692
99 160 695975124
80 7 113664501
19 196 667088
191 50 662129
41 133 361732
186 188 737713364
126 192 22302720
42 40 17587
163 176 947126
3 138 596572
42 50 782765948
186 181 115126
200 117 920922409
48 123 851277216
115 25 33267
57 181 747843613
149 85 62839265
82 154 55328
153 30 369311729
18 103 519530267
63 103 104685
125 146 377369
161 94 25105817
159 135 30544
196 14 856044249
195 16 656241928
182 59 431853
22 101 869246
194 170 174605
33 26 129600
162 18 271183799
132 93 14500489
94 160 235391
60 53 692197
122 198 689120
172 152 449688
32 27 39875386
7 89 148190
43 29 384634592
119 13 395481108
19 89 817386
119 57 65729548
154 160 441815
17 65 348088011
95 35 235637
164 102 60769
124 36 59677386
196 109 506108
194 80 12339863
42 2 458565
119 77 779669
66 171 927848
93 63 841543
197 147 650096
121 67 594535
27 67 329288
7 183 882965
145 183 145213
189 43 406684
109 158 906728
63 6 174062
180 163 896166
49 62 870377
193 35 397499692
71 81 991556150
44 82 656561535
127 128 238360676
161 108 267851376
187 6 299018338
82 189 537980
9 70 903333
38 54 466887
91 2 943507802
117 133 223540
189 42 902445
172 104 296791
45 175 76888785
31 87 27077399
34 68 325819260
119 54 955983081
142 137 279462574
47 199 892857881
117 138 810809656
127 19 272926998
82 38 517349
112 166 737807067
145 87 226921
112 6 492093
63 180 447877
60 196 859199739
25 66 495033
128 13 943774
165 18 67509
25 132 851108820
89 94 866098
182 138 155036
168 164 710265
171 188 478081
197 104 272461
191 84 632715
119 172 747021
2 136 770281
76 189 12755
94 147 432558003
179 74 279266624
122 15 529325
104 138 536247
195 41 472002281
140 28 175444
125 117 488840
95 62 133309297
20 156 805054
21 136 567153
154 24 893482
116 147 152605
24 33 329591
34 184 907228324
16 21 901447690
86 147 313013
167 44 500279417
198 21 343453
8 36 979661
124 177 110764
13 48 435494
83 123 260311
48 100 318277519
101 118 20833896
155 51 755689598
85 76 268088
72 8 948473
183 58 7735126
5 180 445818
91 24 686663
122 94 207136
190 60 275689
42 200 324603002
52 49 278772
138 110 445514
181 125 393904617
97 131 602236807
195 144 932599
54 78 218745937
122 133 97074226
52 130 586882
58 183 328591
34 162 928966461
4 115 349028
30 172 146711150
162 106 811666025
90 120 393492191
197 143 418340
124 101 904647
35 64 83071985
200 192 320869
25 63 344856970
21 129 169189097
173 35 264157
127 46 135740
25 114 461582362
155 178 248192
157 173 293927
171 163 472447
187 122 713929
15 168 35422415
68 191 635251882
77 24 876732
156 46 549545
76 124 737896
156 8 210769
112 130 996841545
200 89 937983561
123 75 624837
136 176 336331210
91 156 719715191
19 169 755214
84 189 256913
21 104 693717852
27 61 359180
145 11 767599920
95 122 848649
56 28 516068
165 24 629435
117 194 553995081
23 115 875588
65 12 266149
89 43 730616
180 164 330450
21 117 124087
196 90 723217
131 171 469060
79 152 828199
41 1 988161
31 195 25135473
150 191 862941
7 109 416820
102 164 186840610
138 91 255982
82 77 54440873
148 175 355867
153 44 423205
162 126 598918931
161 149 610392
194 26 106549854
145 161 203204
143 185 978880544
64 171 503220
130 82 85510
63 60 544353969
46 66 360630716
44 112 727493432
79 95 757133
200 197 837994023
148 142 438880
55 134 964515
47 84 234443
119 122 838666881
1 107 624383776
189 161 787267
54 153 438582425
195 102 46589823
22 144 838698
39 139 796789
181 136 986800737
89 34 30285080
137 184 679503
47 126 253940
43 86 104761853
3 60 329983
110 192 252328
167 105 187664111
87 89 74816
199 193 662782
84 185 459494
102 144 715316366
37 35 105708
103 71 924688260
145 59 32567195
37 198 454154224
164 76 818691106
135 147 107352
60 53 98465285
175 84 274140837
171 111 890550
166 113 653348
105 132 544894
28 73 1942087
167 168 356287
29 55 228077
108 61 539768
190 152 726058768
31 186 26608616
193 175 727839
52 115 269498
4 78 162183
31 134 558212660
66 43 368568
45 15 854379604
1 45 134105034
59 178 720703
23 61 604914424
6 153 653455
103 39 808191149
42 183 13543
186 124 137141488
155 190 58883963
1 90 62665978
92 72 393887346
93 133 866180
59 76 48838
145 183 653034
188 141 995706109
197 88 261316535
199 27 585807
169 44 665794
54 180 685829995
171 166 154685
134 172 737768
85 103 764804
30 151 521161
18 143 432442306
62 52 138195997
29 22 220003
25 83 166674797
116 172 325591
16 38 757570955
143 184 896705
17 56 891618
101 110 941363
31 182 413148
132 42 44428035
41 132 886438
119 70 143699424
57 155 911266987
25 95 337256232
82 158 202920091
160 35 526525
171 138 721258
143 181 62853
51 102 650981
158 92 347316587
115 54 617678
124 53 312734
154 174 192289
21 111 662774521
175 183 755708
15 40 815588
25 119 698274867
145 4 84380
83 16 75369
185 134 655992
183 47 456719224
51 98 803149453
46 75 748062179
31 187 463074856
122 150 282672
1 25 595829294
81 138 644749
40 24 300692867
125 155 659856
31 5 445969525
137 115 28628
117 116 839408
83 148 857354073
81 113 105427
82 65 967554
28 40 636792843
180 17 308126
10 5 874302
62 50 470086
194 179 411498956
161 46 586855048
80 101 920671555
32 147 548296
9 75 594519
194 68 32589
111 182 69882185
102 55 162000
129 12 440493725
36 160 113835
44 37 33748746
147 150 546350
27 170 106396
17 127 843501181
152 193 86069
139 65 921841
168 98 682766
4 190 632806
190 154 6626423
50 177 356475
96 113 74339808
68 167 315006335
200 150 658763929
109 66 217521
24 153 945943
195 135 609423419
74 187 583975
92 99 617764
167 38 244342
127 79 589565554
24 52 474311
178 105 697775
99 178 907746251
102 193 450525773
111 111 189199
10 12 9980
8 145 79167
145 105 725800
181 163 27414309
89 149 307724
182 126 121658
82 97 607746941
85 8 256740643
130 68 725323
148 198 532029
179 106 363351
57 108 151609
42 116 477897960
98 175 555225
192 91 656431
134 23 119576547
166 153 769924
188 134 750442
71 86 770862
136 169 270073472
175 175 78224
99 4 359406856
15 10 57596936
113 52 884138
63 146 68210317
79 2 565182
108 133 708574
89 140 868171018
159 109 95302
111 56 871859332
153 140 209552
117 151 617988975
149 91 685096805
149 9 46948708
43 164 81891
36 134 717075
169 110 846048101
79 122 210854
19 47 288083
158 155 627605
180 195 676104
95 17 729160865
178 13 641440
101 32 862462114
164 20 158901879
2 85 516950
157 2 217143
17 29 789439
152 155 219358
99 107 315018
169 49 395598773
8 170 444799328
1 142 173651
184 160 642737
141 84 815256
41 108 529785
125 27 856359
56 72 707160
158 68 805104
160 171 84490
17 130 9890
50 177 662108
105 111 10236
142 98 411324
55 167 405155
128 145 635508202
45 177 138557865
115 98 605180
64 125 144043
93 83 428289
51 73 24398
140 165 697647879
166 186 798195
102 96 247067625
162 92 503679
7 93 729822
155 33 185508628
198 136 729713
161 88 779567
45 55 569323485
136 182 185803
73 61 641356
96 3 625672870
123 45 899867
132 171 24909374
177 166 218414
175 173 224882699
143 160 599642
96 8 956341
149 28 551661673
42 159 59441259
47 67 775251
42 37 305634
1 149 206327995
31 96 897176
181 48 291340916
160 32 427685
99 82 890579
153 158 766886
104 139 138488
191 6 255372
114 157 433742292
136 174 594912112
106 150 909529
93 67 475066385
149 44 321041
49 63 667943
63 49 771239
80 69 725874594
87 20 524052
197 22 957790666
62 3 358548
126 195 879801
65 161 538957330
155 78 40879
136 62 427864
84 183 227882387
74 110 107989
56 45 478862
149 195 346904
1 31 834702105
65 139 247054064
199 57 858761
45 43 336948153
102 61 497079
155 121 975394699
