6
500 1000
429 224 553
416 11 68593517
228 92 44563748
197 460 969
89 170 41643232
468 452 421
101 28 350
488 326 870
457 500 472
168 445 853
291 141 20350508
224 496 111
37 381 63228517
378 113 39383384
203 426 32601416
249 187 77151833
8 112 72089131
76 30 25637094
289 43 26703036
258 86 86
42 398 31923358
154 148 916
209 477 467
459 59 47089657
132 419 22768868
339 5 94542626
73 300 50672189
230 87 85116968
124 450 24878415
151 260 953
48 425 279
80 289 250
165 470 68573022
93 132 11443041
398 169 375
325 479 50
306 17 626
360 156 79227414
235 386 355
485 265 348
59 195 83897519
359 330 43
397 17 11083523
377 142 208
139 243 60739992
377 15 600
424 119 450
25 128 259
255 8 711
46 41 50347777
341 407 556
328 195 24671115
27 126 530
209 264 702
297 463 57030959
481 269 48262988
475 406 7
472 107 372
335 150 13343855
254 44 29092920
12 253 66102788
363 9 71556082
269 262 148
403 329 645
328 227 284
363 447 118
216 240 18487546
492 70 69642765
484 335 85701150
486 461 768
327 75 32965145
166 252 947
242 74 61539246
215 17 40755117
220 88 448
314 296 485
131 307 61655693
262 287 25252203
292 373 258
200 436 343
398 173 65089737
381 336 13395749
146 292 59268334
443 348 32472770
152 22 4400334
4 61 88875114
69 209 48754308
304 268 927
344 358 74060153
52 146 530
407 123 671
252 75 469
11 480 24535810
427 349 914
96 61 170
210 142 78680380
267 111 73126741
268 485 72084552
163 229 993
488 416 62924964
236 168 360
349 487 53144876
28 454 167
148 314 784
282 101 563
461 272 3294726
355 396 177
333 195 98413044
360 358 89465098
221 207 14456133
207 471 27192832
78 297 41006342
365 89 843
340 467 49528393
12 187 505
475 354 830
476 127 87684335
323 89 645556
440 473 318
54 468 900
9 87 29610723
274 285 102
108 1 45467183
403 98 152
370 173 49
55 476 865
348 471 948
349 424 17795358
141 135 69660275
141 47 290
52 343 680
154 177 36664792
240 177 281
117 138 62556178
491 145 252
65 314 17120433
419 370 632
191 175 612
295 358 110
129 277 26160824
465 110 80221625
196 406 2432774
337 56 273
426 468 53998738
254 439 53490980
152 420 248
432 187 95950159
182 481 42582505
323 160 53430872
302 407 38619092
316 106 31076182
98 443 67239755
396 242 36316879
259 202 6856894
431 80 448
484 208 723
89 66 343
100 119 54152231
246 274 202
137 16 711
123 20 27
86 250 937
246 170 964
157 83 686
477 276 1000
351 416 72
267 100 822
382 464 18236076
344 489 848
440 267 95811237
252 332 228
141 38 115
100 416 21786282
319 242 81
89 452 555526
121 279 52824827
320 169 60623378
328 116 49808460
380 49 474
138 115 896
178 494 249
294 379 11490711
109 466 94
495 104 49670283
227 27 287
137 76 37277538
352 397 22
487 418 584
156 374 16846589
384 37 5602719
322 345 194
14 309 938
466 57 17359274
407 199 83900992
361 393 146
402 421 143
183 465 87446128
330 219 265
103 442 247
319 205 78259394
403 363 41219257
56 327 592
218 111 119
315 289 14512264
362 412 86317811
72 257 285
440 184 38
335 357 57834412
422 247 58
439 72 28533500
132 158 28207794
221 205 576
310 251 14242904
241 71 33625507
314 301 73249091
194 5 128
73 308 356
54 314 56017711
272 480 54621621
71 204 15447628
337 321 27831793
206 311 40370280
66 209 14381363
100 383 70953358
102 453 61917605
214 4 328
414 234 11819493
187 77 57793304
87 424 58378912
444 415 34907258
86 26 545
73 426 194
76 245 740
65 320 49057098
35 163 717
291 222 92096924
490 436 23181654
341 405 282
113 30 141
8 316 74330297
440 117 514
321 91 702
425 67 84563883
262 253 20301778
138 429 619
434 24 28904729
135 59 406
123 183 352
400 76 29980960
174 22 507
377 322 975
84 344 457
279 201 38
475 144 622
354 4 52566490
147 433 97725480
104 130 37809599
215 455 928
77 438 777
278 193 34293795
336 19 761
39 463 386
188 398 62280758
293 451 89844631
86 442 66631760
206 198 294
364 32 856
441 270 110
82 182 105
56 30 788031
161 325 50486193
493 355 588
411 217 96625612
311 319 261020
165 69 87503490
483 249 937
424 337 30449265
288 280 521
115 468 55746609
237 334 247
360 145 13915930
162 187 1888670
371 60 538
487 360 54919737
128 328 583
222 254 38314533
350 366 79873142
175 453 73830359
8 214 82151621
88 459 466
138 58 67777018
136 378 920
87 107 64790993
463 178 79600869
379 467 93577073
295 65 167
443 150 602
298 63 78634022
21 500 60952730
180 123 45989081
426 361 57200433
445 283 633
413 37 95314439
97 240 554
486 432 91296069
329 356 124
148 365 65826677
346 286 500
267 255 307
104 302 61
186 482 239
281 440 216
101 307 560
282 34 23140922
136 243 23165024
319 376 229
140 472 69626048
88 483 54834960
224 151 915
405 43 4967912
320 3 53806729
24 14 333
128 288 79630931
399 415 19222696
452 144 59750666
48 149 281
79 455 46296439
346 430 21786441
92 295 56927954
369 83 77040118
266 286 18726602
333 15 47619486
251 464 305
235 391 2806079
47 315 48282692
252 73 60244055
68 197 560
141 12 61326143
26 454 70679476
277 297 476
77 182 4813023
465 214 21856785
12 155 41214013
351 352 73628050
427 80 29814434
321 226 498
376 154 490
299 498 12699195
309 230 44300700
250 217 97806140
331 486 316
193 278 487
455 107 69969708
79 409 84544837
347 328 9717786
275 434 164
491 453 835
254 363 72
376 225 51910366
140 83 18993610
212 69 659
469 239 887
19 23 378
252 108 968
211 14 23734036
231 63 575
351 12 55724417
72 485 98861837
481 266 274
268 52 34929206
46 333 212
133 62 45221747
322 124 42579620
280 235 977
244 97 231
27 485 887
56 410 74748941
122 353 90936435
371 444 42622410
465 360 417
219 384 640
130 332 17443953
417 243 231
242 256 618
225 348 34860930
178 368 59725042
351 475 99825577
20 354 66753513
226 18 864
443 181 43708481
57 337 416
450 484 24124032
489 225 128
432 118 971
164 261 140
165 53 437
248 387 520
320 472 280276
306 495 31
319 450 77547392
37 207 122
309 497 74814390
252 72 51330534
189 180 606
230 150 49255348
259 162 660
235 130 60
149 431 358
192 53 18042600
80 8 87584532
376 399 811
137 390 816
16 188 450
101 152 4751241
314 62 589
371 23 48335259
446 494 21480878
131 327 88961114
410 488 61629142
187 419 793
10 312 486
430 109 14446094
306 400 155
178 458 513
231 424 424
277 372 166
141 288 776
205 162 49890500
141 181 596
375 183 33727792
26 433 7316158
210 199 9276033
299 316 186
357 474 877
458 123 26653504
231 359 5938030
292 25 715
257 476 4860059
21 277 628
167 288 11983113
358 408 580
260 351 90858922
157 418 79509953
171 401 16483530
81 303 396
228 36 411
306 448 666
131 265 25373205
431 284 78
492 313 59625125
384 33 799
238 166 820
61 394 54870441
414 46 61080053
148 343 97926707
266 323 213
398 106 576
326 325 659
317 361 86
440 109 15290245
45 462 75454073
340 125 51399942
352 189 26024486
347 155 210
251 470 630
294 358 80862150
389 73 49427613
489 87 333
60 121 73636401
467 95 59417328
65 243 38374628
39 437 57666678
387 450 674
302 292 21062956
138 385 844
23 142 78932580
79 310 746
314 29 90524118
316 164 260
154 369 45186332
84 124 746
279 80 43758948
339 254 97853667
155 435 484
293 395 458
99 180 34295039
310 156 337
325 13 69153949
162 112 626
264 404 459
386 231 82350759
491 427 349
115 97 13484456
29 116 211
12 196 88
479 300 46708934
448 337 10141053
184 299 99340133
309 389 104
306 293 291
415 193 81033263
88 331 303
225 359 893
130 202 44394844
418 50 426
405 411 68596772
491 251 46850150
465 380 44000002
18 82 619
325 434 12676328
78 365 978
138 270 88356823
232 248 175
236 132 841
74 370 11145078
237 487 2602691
274 371 380
159 161 221
192 95 42836169
79 357 377
238 125 22215197
3 48 588
243 446 99196209
132 357 79801451
86 291 753
169 316 88907711
325 137 787
486 60 84229009
270 398 885
66 212 51267162
68 234 207
286 76 387
210 336 550
96 271 67149787
105 260 73421543
164 485 46980068
420 165 7530648
110 299 21274116
276 72 17
357 176 447
428 68 981
200 234 16781208
454 375 112
323 140 650
278 387 77311836
466 174 93866666
39 220 185
231 404 72775615
238 241 358
435 351 84
394 157 250
144 350 768
31 145 40051296
100 117 55026973
48 29 44219235
260 184 33331762
168 175 62772258
299 2 649
340 369 31605777
485 437 791
269 114 592
240 221 335
197 41 342
292 270 35541062
309 144 73058424
231 495 27382009
23 339 590
397 213 818
160 403 855
276 98 71150986
300 439 635
129 294 7991433
204 212 53979335
235 497 794
408 313 814
332 171 484
234 102 703
304 115 42790670
194 500 56905751
251 290 253
18 343 25512453
290 359 782048
17 456 90149228
264 169 25876498
330 366 571
40 236 412
349 159 98879145
430 413 73651002
305 40 920
437 303 22934954
382 23 22964690
412 365 75286858
182 491 60
2 9 499
233 319 15
173 121 136
20 279 892
170 99 772
324 495 65530198
318 58 386
98 344 17200937
140 417 7
241 243 67720198
101 451 179
328 279 45701231
192 475 933
270 153 679
198 133 445
266 312 30215858
15 356 27575976
72 408 76198812
401 428 925
424 285 829056
305 223 645
434 110 33838345
192 223 30833550
363 287 829
308 371 10436883
125 479 18090036
45 29 72546154
247 216 4037733
495 312 73762996
390 410 66709973
312 81 648
111 317 991
58 210 29
173 97 73840251
271 386 37236164
110 315 184
25 369 66
171 45 23418255
334 21 866
324 131 200
26 217 600
358 37 861
476 66 84113300
10 479 55721096
5 228 963
197 14 66929827
144 51 920
455 191 180
10 402 750
440 405 52114067
47 129 873
143 113 190
439 275 465
403 316 62969576
80 7 52021698
271 443 977
136 44 428
52 481 82
422 353 6643524
191 127 622
17 90 80
224 456 831
413 4 82962464
114 99 43168284
311 206 675
224 427 49864966
95 389 22636456
288 426 54956993
36 355 53173231
34 400 31110337
1 353 152
354 313 98645146
128 324 9776868
41 166 67128904
431 64 940
427 443 31551360
487 174 135
258 449 67850262
291 359 23971971
399 205 67922284
305 380 503
157 340 507
321 124 35980419
54 499 35235073
250 172 8665705
374 353 15779738
417 67 596
395 335 512
496 30 90041193
303 454 85480670
422 68 96881625
279 319 89542415
27 198 48874808
189 199 64838388
385 110 83464081
85 487 566
497 282 544
460 429 12973812
188 141 97030830
200 152 895
236 421 96461893
127 203 629
445 251 604
201 368 531
332 122 990
419 343 73464604
83 364 29369277
341 383 35766234
341 415 735
200 125 487
340 352 637
321 310 32442750
497 144 56131878
62 232 573
374 469 560
378 185 515
154 316 8366785
252 386 59172405
374 10 80046805
304 218 73229735
240 249 34366433
372 417 67076003
5 103 914
309 95 472
144 478 565
232 347 878
267 204 149
500 485 17229748
310 379 683
363 78 844
218 259 884
88 120 497
21 223 56526174
50 3 503
150 248 50775934
378 320 325
208 39 996
131 92 594
397 322 91797982
252 310 35908848
78 406 14147347
229 110 66946120
141 387 48328714
304 446 143
20 346 32303706
151 83 90570276
40 96 566
309 299 94727716
131 311 625
45 413 953
112 186 522
95 271 558
229 159 54
321 342 610
104 242 85449535
475 245 87693539
409 231 219
110 442 76582221
476 416 59523248
388 292 82
117 467 331
496 300 49673558
246 276 83078631
142 11 268
103 300 723
83 224 61365477
396 54 358
430 385 44161711
316 381 12
110 441 324
144 105 10982434
299 104 116
492 133 94813118
141 109 787
487 190 970
250 475 4162886
325 466 52918671
292 44 31572258
352 194 405
205 412 205
28 273 473
253 165 887
476 346 756
239 238 149
244 472 357
101 189 139
356 29 430
192 422 601
202 121 65822206
396 422 77420673
263 211 974
496 110 269
378 254 81558954
254 197 63371537
53 136 882
446 457 49
231 178 664
274 24 541
459 216 329
9 120 85093960
176 46 15884422
118 120 46372333
327 382 113
76 244 720
352 230 918
202 298 79298703
263 411 278
200 427 85573387
13 159 84272829
185 160 351
495 120 80444769
163 105 547
250 263 153
370 85 955
73 74 42044938
178 138 220
89 401 210
2 171 78379942
57 21 73068132
335 267 819
314 392 552
23 493 41
325 492 402
25 70 151
43 209 793
227 498 659
303 225 33110352
16 60 97895025
426 79 256
497 112 79829339
391 315 17123744
411 6 342
49 366 3750565
202 52 67
303 200 255
55 158 203
118 55 371
363 34 96681582
302 417 13494099
186 57 94
357 233 223
25 301 857
106 166 18705659
313 499 476
451 328 63269670
269 462 350
353 10 454
467 374 600
414 269 797
199 392 55193107
63 278 93908306
121 482 434690
27 71 202
221 430 346
345 219 60990390
421 88 94801338
466 383 369
100 444 571
271 149 77072975
188 369 9027556
113 483 176
443 147 300
461 394 879
86 304 83
109 105 48654537
284 498 64194600
96 134 47963835
18 384 49646040
248 480 852
428 12 14897011
277 141 498
416 193 65
201 253 381
452 334 4041778
327 86 39152496
438 115 45008233
412 484 154
356 410 257
85 46 257
300 94 735
134 34 745
414 254 23
203 341 673
243 77 770
401 222 827
408 194 16387031
431 215 273
369 173 94041920
199 409 866
437 83 54824397
476 187 27257968
73 477 58368373
301 476 99228160
272 305 291
396 298 171
485 433 925
222 452 54248491
28 436 57382771
113 362 382
170 289 18120394
35 13 363
92 43 956
238 350 46467017
281 199 13147491
429 139 457
164 272 487
68 92 148619
103 225 18380958
337 7 344
205 98 23244543
317 435 42508206
44 234 8853378
271 299 824
446 307 29070148
442 280 41323596
455 126 51621443
151 321 83273225
284 283 72177601
384 51 21785494
125 199 63
217 2 62823076
50 31 322
116 388 239
36 146 27323777
287 278 68579329
481 472 42953888
378 348 836
46 367 511
122 74 811
265 477 63453138
159 84 905
463 391 288
335 259 18935537
438 295 809
149 465 35189609
219 192 868
168 132 16648792
470 12 52
112 45 551
327 306 375
348 266 57444840
33 345 40845203
208 465 547
403 474 35679919
457 377 577
202 369 7794780
195 436 28545913
236 286 88227101
55 62 3513416
110 48 98056899
435 347 40370618
173 135 39471608
269 111 32250723
377 318 204
428 488 9614486
51 73 804
454 93 99
147 358 10053249
58 42 94089621
108 167 110
499 143 499
94 338 751
32 321 498
104 172 520
273 423 11
418 322 82311262
231 443 86903394
272 440 9948217
182 180 42115615
219 72 80794561
29 7 51031485
483 237 5
493 488 626
40 446 35608905
84 134 388
378 490 976
232 329 58320174
84 215 15806079
40 135 336
438 452 60614001
253 179 514
334 407 66534642
83 243 2964877
466 116 58983838
171 414 467
39 290 52050504
405 419 45808925
434 202 129
485 218 554
451 35 423
496 214 511
141 398 31143679
234 364 769
116 294 864
439 295 28774041
257 432 404
106 324 447
114 195 331
416 281 69
32 415 21791125
199 449 706
427 246 243
141 191 86754137
314 212 694
8 42 381
42 258 199
164 356 8741839
