7
1000 2000
632 917 791293498
807 920 528644
726 978 50047724
797 196 771332
263 593 624639020
878 665 562947571
804 506 29224
898 919 370999
194 246 257597
744 687 760920096
544 288 641235
457 991 15981656
801 987 291982
119 279 245914
334 871 576506784
540 908 480750
601 176 889064
740 118 859772
982 789 264172
717 354 244924
949 196 716118
156 684 457811236
421 956 731566068
784 302 396100608
829 670 952179
685 681 552023782
599 157 43706
233 634 495749
141 776 134381610
309 459 124935996
648 264 161417
363 402 32997804
476 534 821645030
302 210 616501982
595 522 172043383
321 74 262009
462 465 466124
454 398 649962
108 104 856863563
129 512 547130472
351 335 201892018
412 353 324838676
529 370 189315
639 711 285004
464 892 114129
615 481 571843
897 517 618389
424 200 746718
756 188 554294179
655 418 626048
941 556 207727214
467 393 904162924
770 444 498656
351 82 869586
411 204 557443409
261 395 482154
492 743 696978494
472 855 122863
487 3 801949638
830 360 725398317
305 988 258408221
172 587 580228
82 650 79706
791 638 128052476
893 513 168179622
812 256 600506753
754 808 461646
649 826 385658
84 289 443814436
994 824 495679326
109 325 612712512
598 131 331587
738 44 937032727
663 28 102766
843 739 970560023
894 899 179879
591 754 754514759
529 623 704408352
106 729 837010502
831 762 935081750
460 710 695170
965 791 358083328
227 244 92581510
470 649 323452
998 603 714500205
311 109 109836759
602 562 772325937
498 936 948715
369 745 198354786
636 825 273590714
334 978 953718
263 571 800823
631 346 981356
894 16 515636468
490 884 342007
580 137 149101
421 734 672186203
928 709 42310303
644 440 979172490
696 834 987348
591 87 659209848
115 515 179443896
664 645 667493
342 666 263645065
758 23 821260470
756 835 907180578
200 664 604794
650 237 990761341
497 626 650415077
668 943 448977
209 506 590147
355 766 376171
941 922 632845410
824 25 819328391
71 567 239354
668 601 650490
804 899 877115
441 904 335246
358 904 910042863
19 772 374691
624 301 544360022
195 128 23315474
331 490 430395
219 453 479456
428 549 571132
209 781 269993749
689 953 275716093
120 207 861694190
641 774 124982
150 946 936842
507 16 579878
507 146 187518
774 44 520188
572 289 535259
954 712 503799446
617 133 479951698
804 471 106079724
978 409 561386
462 601 34307635
147 576 243177
278 205 988528144
876 802 319637
485 798 488768
758 629 65038016
503 898 264658036
220 987 779964734
560 164 70237385
793 531 501696018
812 196 318689
993 808 294540903
301 876 467388
630 629 473170
661 675 175206
76 859 815812517
139 594 140377111
60 473 905598859
541 794 552062949
903 79 454774
718 877 425497204
396 831 564288
752 153 147772
53 174 702021
479 590 269297
293 107 341133889
977 944 641246357
661 635 38894
238 10 365871234
160 334 981971565
484 654 764890
420 731 838998
815 431 500539213
490 905 321104
161 905 684924680
268 726 169064
929 225 977534803
942 968 7127172
752 120 290561
452 706 671510801
273 131 837654709
827 475 459002032
742 320 588326869
499 200 60110315
423 456 163796146
908 70 795063380
369 614 852886
674 246 451158926
63 202 603816740
632 5 453772
69 68 637983
821 69 446178
449 4 397056435
994 902 921656548
480 838 995685
449 908 593875
824 97 584770911
747 363 905539884
94 36 488363702
39 282 314975728
49 171 3289789
412 487 610686
373 507 608831052
322 831 30119966
389 263 95382
718 592 201978638
425 230 949652
322 418 371545799
915 292 514645
449 867 482398799
986 448 149862
940 536 811281737
112 106 62033669
41 837 12074951
136 230 142444
679 15 63793892
294 787 430944
955 843 142959
822 904 404741
16 12 700841855
386 524 291238275
458 139 475608183
723 140 509360874
267 467 135869466
316 194 392107671
492 102 560795059
213 292 860855
886 220 53471
102 322 950866
432 747 559958203
664 147 446596304
182 921 372116
581 599 725258560
853 308 282585
982 543 528906
278 491 303182
933 291 119021808
533 941 372618163
268 658 13278999
116 812 459018
343 170 792926
286 359 811802
335 643 699111915
14 884 672151
678 283 384895
363 795 197422521
127 845 187779314
713 984 277453
673 496 41974802
698 978 186855
350 13 687603997
313 927 586082476
560 20 341254
220 347 437630
584 898 889490
272 236 52776713
256 490 51781052
556 833 745392289
102 342 382981449
19 222 829132947
3 256 326816
402 479 832898
240 376 59237400
234 14 687538915
210 563 143420220
750 547 211341935
764 112 874438
468 173 363841
19 561 233449
991 672 496490
563 69 285043
373 947 216075
549 586 8621055
312 542 517280
21 211 515577
189 883 638937
505 797 191372
852 768 739862
656 805 646724007
910 294 556310070
243 608 342157636
384 197 114019786
400 729 194951
918 302 859868
714 65 500047962
506 204 194838
76 88 33658074
808 239 144895
739 882 33166
157 943 149415420
602 537 516370613
369 743 425298
114 591 44801519
115 334 87085
476 707 919437545
426 690 532016560
587 269 58443467
350 199 764708
695 415 814211471
697 899 368967
443 446 946143
909 157 381696
642 565 948202
641 499 963804
152 374 455042941
636 928 295139938
908 557 752234
140 314 68676
542 893 177379687
426 779 831009517
743 130 173310
737 119 599033
76 120 735625418
244 462 743174515
443 877 345733
129 479 934876
984 539 621950
820 728 686442207
326 59 347864832
87 173 812181763
426 113 114923362
553 461 665774
715 579 850911
577 768 313858150
994 655 392944
827 85 885648
130 19 579545
949 87 810503
902 797 598122991
722 925 522225
636 681 30519
647 597 161751415
820 993 684009650
653 599 844754
228 446 789455
955 772 984264512
78 778 145620434
642 583 21302542
759 702 467638
598 160 195610
312 105 772743
1 969 706738048
491 380 11914
427 145 47947270
742 683 372392
705 972 892004
361 771 33903
462 400 448209355
181 394 558898701
576 749 27927
4 966 175521
767 361 121975
885 253 419868412
243 838 938935039
350 718 442945
993 538 298875
369 719 221007
914 698 589586851
950 151 775270324
380 742 938612
25 351 735774758
427 306 736986232
919 899 650754
590 637 532490
96 422 958493821
187 95 986380
933 449 941654615
13 301 844799
988 742 441433
724 452 400285
272 613 844489
550 151 660892
878 419 28615876
80 178 703923853
220 261 259886
768 367 434858024
960 693 908552341
925 304 176497
556 348 305802863
674 846 918488884
724 601 454458
768 439 980668069
247 757 172490
592 806 39978793
711 673 498741
628 265 725750
589 161 280339
274 587 729137997
415 645 671839
824 636 266508
492 114 37620750
220 954 277193
594 863 166470736
56 908 66356
627 617 495890740
636 510 542076816
252 357 340964
723 409 80282260
262 843 651964450
328 828 607947
390 162 241365153
350 894 135751081
577 484 657004103
809 615 528406912
984 900 911054
840 401 595524651
923 700 975004883
114 901 457239279
91 307 721335
976 741 228097384
156 371 137169
652 642 327306743
738 221 623696059
407 47 352683885
744 163 308497102
673 310 514102705
980 228 992403449
706 121 559298
558 331 974318
659 784 379362634
447 41 388170
716 189 47172907
422 866 646175351
415 686 172502
794 79 449167
481 916 533504
25 487 543954392
844 725 460646
633 340 533766
636 629 684531
621 757 184196736
942 401 761094
372 484 297078
659 595 19824511
426 83 786996327
728 213 422210
634 847 516647
457 605 412274
759 539 723511
154 444 481223
540 461 958440
150 925 12449074
951 99 956152
122 131 29185
940 752 683243568
431 762 966692
17 662 456087168
80 950 158707
317 842 2798
502 241 588615
468 243 586625
389 425 380883
40 216 692052
70 945 263922933
724 343 636586819
745 968 740850
676 685 611969526
350 994 459069808
764 840 311976552
108 168 201995698
922 736 540325
227 646 336782345
161 802 847092320
640 333 400832
256 318 192689322
294 156 217485912
602 578 447521488
350 545 808686316
421 789 285762230
983 30 273593
92 347 84596
986 465 394328
184 810 347405242
487 882 710871
270 446 749578
530 939 73082644
631 985 154359
467 377 264142
353 329 120060
350 254 712681212
371 31 479839650
549 916 61746884
861 985 625844952
980 882 192579179
622 787 302885192
736 336 53367
576 223 433986763
674 122 965722504
350 815 896695561
960 732 894491579
489 574 77362751
607 607 597867
249 903 197895
297 402 865988
589 670 744093
931 819 771038
627 777 488306937
35 98 450862700
136 65 103531
619 312 418325555
461 785 740368095
717 619 831427907
398 886 111104242
544 900 927293773
176 233 947098132
530 915 14011994
686 515 614453
144 575 621195032
635 428 990985
790 241 362719
377 773 163866532
353 892 121741
890 872 438914
533 423 12150363
363 748 302939073
992 517 438453
877 494 310701101
444 257 243468
805 193 38641134
822 13 44264
427 579 44771913
489 100 743108278
857 245 302875714
330 821 665157
791 206 51082067
801 123 722758824
322 884 89521899
753 121 954614
154 271 316674652
757 703 40327
172 743 746642
389 153 817888575
508 137 66674284
647 849 708650081
179 27 718173029
311 257 113833
784 761 265658814
518 2 151536
396 650 119531
756 179 677115
571 973 587841
685 850 970501087
793 554 496479
38 957 488280
283 322 79266949
138 966 683570062
692 125 48660722
462 290 43614703
844 448 385099
718 384 172400682
144 305 683934744
102 68 171935
991 539 783811918
587 616 121089029
838 61 920693
145 421 286354514
925 540 134949127
91 839 706786
926 481 773448
301 240 591990
21 301 154692
196 511 966492451
901 138 426455
200 405 239355083
720 404 259226554
311 749 758643
187 149 147694
267 584 603525667
832 238 992489097
234 688 626183971
780 930 938372
243 287 78194
664 399 426155199
200 870 83549
76 975 559650184
951 804 998667
877 116 688503219
783 27 187997
418 721 55361
88 526 806138463
664 344 3716534
333 326 962612973
331 515 793400
562 700 924526
714 957 840552407
886 296 326553
43 436 728947524
377 911 572315
355 23 93975
389 820 406100
994 358 55357632
556 99 778141
889 781 298331
98 811 519012764
316 225 313513
985 651 311910392
138 117 431245325
282 523 573274247
715 231 242920
89 80 913184601
788 40 21183453
627 126 822934
723 892 623410043
17 836 63747379
126 290 620723
491 443 819364
514 353 144257
735 52 487522
445 374 745445
274 703 756792
839 287 435086
800 455 625568977
688 780 61131180
235 620 611920
454 713 464316
636 372 260986027
703 165 110211625
399 680 500367
353 622 327759
691 516 15578637
230 970 826578
531 610 21416190
437 34 320411540
100 495 982264
195 785 48115
906 668 32831711
989 331 570370315
928 832 327436
439 590 235333
870 377 129442076
804 870 721276633
15 201 814953093
941 628 699116921
627 382 373684
650 136 66816289
544 263 424817447
103 487 326240
456 615 852690
334 486 951271
17 317 864321805
786 721 559175212
781 560 865397725
624 371 12297307
772 183 608950310
465 529 757021958
633 45 131273
171 120 456061
809 569 244679
323 561 463035729
278 260 477499
457 434 736074938
117 437 64544567
797 488 700678
872 56 340625475
667 922 545912
3 651 441902
617 400 283086
432 965 386598907
8 998 344627105
924 608 932031
553 703 69302
207 432 868729
844 73 6508051
193 779 896719
486 277 936416
347 689 127217192
581 654 541929524
586 268 136502
485 984 429770
859 518 237490193
737 845 897326
277 161 641676908
210 203 894471955
375 568 36026
868 817 132709395
542 396 240390401
557 790 773323076
662 340 940247506
7 437 798269
759 743 741746
95 980 168179
697 742 367165464
587 464 482411284
787 300 34606816
176 406 360594
777 705 944659619
448 616 213128
443 508 765607
928 369 766403773
530 973 429145042
313 962 295207
829 150 934569471
801 319 988875400
1 632 710981771
910 965 784396
830 807 473499713
715 159 882399372
514 436 869679
162 498 649522224
54 839 922433
965 951 965188466
601 329 597970
580 413 514588
307 53 258332
732 733 861439
621 738 836361559
419 428 506960737
156 97 172923
444 193 121492
13 631 376394
692 303 605714
419 460 686452
960 457 840561828
775 57 734363434
359 4 581007
713 21 940457
527 155 908947271
25 94 520490609
426 397 820665882
695 195 137945
336 772 822676
41 314 287129284
934 496 35020
980 548 614341843
64 165 327329
54 501 960980509
279 825 231382
915 134 489859085
724 117 577828
293 316 485500205
151 630 333783
267 588 134198539
989 675 759955780
928 813 864472634
941 696 766583269
112 160 87756009
541 508 107398
445 5 231300
96 949 902980957
812 570 878865
124 430 68503
234 647 920341565
477 952 616486268
950 279 484888
746 79 186557885
973 190 177256734
987 106 586815
725 299 41935249
958 761 47190
908 304 731335652
649 436 177969
632 538 421964562
944 782 911211459
203 219 722515
374 997 436863
764 724 589459551
397 544 50921141
913 368 814417
485 720 985341
728 100 230410
193 284 729881
410 362 192728082
544 427 393611519
82 456 768339
744 245 101233
419 392 500973089
812 660 217220078
588 264 934756624
712 572 930426
151 62 484404668
333 564 371507317
309 841 987440
82 408 974441084
190 803 286126
558 265 993758098
631 618 414283035
709 61 16187798
595 932 891762588
588 861 68281707
365 247 528900
112 875 988531
243 460 211688054
350 718 853853101
297 871 824943
62 700 803389
1000 543 49904247
856 673 3223663
533 410 779393418
940 135 804924251
696 166 602443
571 407 129995157
623 601 731368
357 360 37927
692 639 50940
675 868 152018
311 633 355377165
994 712 918184
266 441 987869266
207 583 177083
950 365 409070
151 373 788121133
941 960 284165991
343 9 81408389
107 811 403774
325 38 486321610
572 756 226009
832 448 50837117
863 342 783341
674 974 780210037
670 81 63989
67 887 986886
690 120 327031
713 703 599515
678 759 35552314
572 31 401354
120 530 806563853
894 110 335472362
831 488 893726406
44 80 431491
184 796 194286793
256 119 990892177
572 71 240602
965 242 92834541
603 500 732869
125 958 870869684
175 644 189809100
827 473 691409
343 199 853254329
902 925 611284
746 916 22535
29 959 944949
96 407 96703
842 901 834278
812 241 604554305
25 105 933465431
180 668 98899
701 506 286564627
476 330 842262
941 704 477309
244 995 530869024
125 948 670705
418 431 97153
202 636 219990730
941 350 120271347
551 386 214137
421 572 466464904
720 400 521682
533 95 459728939
195 453 628329701
408 750 666911
108 479 866369
113 930 466869
955 433 868058
72 383 958220705
738 277 166301132
800 726 744801653
311 783 579017132
530 854 902728
48 570 546420569
795 485 286471208
865 292 90253669
221 803 91284
326 29 371840
707 330 548252
329 181 546809931
16 258 307980
158 482 285113
90 955 116895068
162 519 962722936
51 707 298519
700 721 241237
916 439 11490
432 63 772748285
97 296 764524154
96 839 477882439
761 623 970357
1 387 275337152
451 175 858079
488 651 477746
768 836 69260
114 401 405500
517 681 350054
315 268 153928
834 902 702164
815 465 624129962
452 96 17371719
396 429 715595492
757 730 673654
343 329 929765805
46 50 4614238
966 738 547251
550 740 462366798
497 857 87058
97 883 825398216
457 345 148343417
831 141 541690795
670 994 813397
76 722 197649087
174 96 977645
582 583 274321
545 11 646298291
285 755 273822573
355 375 12116
788 691 97945547
122 552 609639984
412 216 48938917
991 424 322168219
606 48 768250384
268 535 617560
211 799 678952
522 683 32723555
856 914 947700
869 381 862221396
149 753 310263
57 668 134919
470 2 940920758
290 687 750785
108 144 759070
932 444 982170524
326 803 519399255
278 532 899125182
582 863 309144
888 458 211043
920 234 997942
578 55 838917241
442 873 175277008
880 976 307427
829 774 644305926
998 303 309517024
200 641 11333775
843 856 918720917
279 848 397170100
935 985 442876
974 106 658802
400 996 714461595
875 249 914134
72 355 160132026
343 669 256302
859 976 258387
994 314 549046
859 389 154732055
83 872 833288739
32 512 817794
501 235 83427
755 933 616504
933 635 321470638
17 683 636997
606 714 688520565
972 62 494167
819 395 55556219
824 71 771394117
560 280 771257
986 1 685545
207 566 40756117
302 261 954112667
952 480 423244833
298 57 446057
192 85 634020618
378 43 960008
70 418 596335
692 881 603114369
813 527 257398
116 864 53155
587 826 163389220
967 287 791062
690 45 804645
422 775 913962575
789 982 643134
375 73 960456
19 765 423717960
883 220 997539
726 411 358147888
380 483 622646
88 994 816743
632 557 264500511
243 715 5800082
287 934 829319232
662 912 137825096
932 938 203456316
97 640 6702212
543 992 212070
54 980 219573210
911 72 654992
393 721 506668
372 887 517256027
779 436 238252
832 106 534195
125 539 614748
620 571 443423906
796 290 786110
662 978 109379
271 34 65428
35 247 974913103
927 548 47984
921 991 16817
911 416 985408
765 438 176458
939 63 918522
426 977 767038475
823 215 345880158
333 423 569443
549 5 586401032
697 276 269844342
306 577 552775672
344 272 974319
318 127 460460
658 270 718954
108 142 547490
649 517 857093652
219 258 741234393
433 698 336498
286 646 600744
390 567 444589
881 878 690402750
696 445 734346312
321 897 777315406
477 558 214266226
457 914 430955142
170 409 314382
74 514 59780012
162 827 993421615
857 24 108773287
734 838 568020
696 370 468324081
256 140 102772
503 118 433535
353 146 35389963
71 228 274525
944 670 749079942
125 656 883392896
222 656 501232
915 542 278027488
998 634 701461993
427 591 110421
972 371 212689
198 982 908427
223 217 370761463
632 64 891700285
796 684 930958
52 694 628573
634 858 513081214
739 856 847962
926 456 600526
140 127 853900478
677 7 407434290
846 833 792459
145 926 21337232
366 643 707545
924 478 189502351
536 559 417289565
658 58 87719409
281 295 767629552
152 31 166049
946 971 835748733
417 499 126270247
921 196 824677
852 819 177535322
724 501 620309
969 964 948479304
404 176 184416
839 192 791079044
797 733 980669
193 660 58984
284 976 950628495
764 750 123829
845 535 320332556
245 989 49893
861 187 745284238
933 279 255173217
957 298 519249048
539 979 554322658
430 466 571592
813 134 599331
339 989 481661810
413 787 752
435 403 862288695
665 81 531238973
645 671 710285393
558 923 472642455
383 364 56517
362 794 707602
919 439 853782
744 822 715906106
902 954 686767696
598 832 999917827
476 533 625527
994 281 20094745
818 171 385280
710 1 972823
979 680 845809693
341 14 27409
201 604 839545
100 580 298289979
872 846 892336
693 714 345549
626 407 394820
52 565 775924
318 767 921530
134 353 883970
597 96 108778
732 921 101261265
359 233 561692
450 858 633140
534 904 650805
588 424 762317
556 309 805246730
655 193 951087
565 948 997459
172 861 931716
138 617 29003
820 225 689200
584 425 413124518
674 167 536179569
503 730 379811274
111 492 875061167
930 211 373927122
872 557 483775
203 271 878434
360 642 606300
942 99 443265979
400 890 98943903
166 630 308628
427 315 966712649
536 607 458355
404 318 503692
311 24 448180
256 694 875313523
333 960 147612
228 177 776026167
773 729 68509
779 330 918414722
576 259 772607777
274 188 211126
999 23 967055
944 469 80486311
112 447 937174015
965 692 650902489
409 260 838772928
113 555 627420
431 849 731941
274 722 721102
267 39 620888991
266 937 580025906
178 924 461683
656 32 354246
922 283 323617202
621 924 804761
700 199 825866
812 642 757906
147 563 127007
238 182 294283687
930 499 971114
692 550 99838126
873 185 546403148
828 853 947025
487 417 531903912
522 284 428233
762 311 620661
859 528 536259445
682 976 257923
304 645 506945678
833 551 817399391
462 567 199848465
901 315 683514
899 261 57897
36 343 916593
1000 441 328234
185 35 858537
535 696 467944
711 599 283610
350 677 726218018
125 576 823807583
701 324 26704924
723 637 675522995
147 481 129761882
605 353 328634
544 262 835726738
771 386 975885
740 815 547939
458 394 653675
482 340 902990
74 838 780062
537 464 199172
342 157 840775
502 191 165615337
229 687 810593
214 113 867729
37 516 629261
109 146 427252
136 461 492567
246 416 799288071
36 740 361664
830 284 620980823
738 891 232583293
241 589 482052998
740 186 604700990
792 45 606311
175 138 328153130
435 519 223355
464 1 632643
535 51 332791
680 629 864987
571 735 572035867
434 538 468371
356 879 919344471
443 74 640244
765 921 995348
510 776 281347
324 222 579857
574 831 587958
844 361 501790
658 121 273286
569 54 19719
763 461 737122472
647 398 905193574
383 948 137941047
380 760 360795262
632 26 224792346
951 466 540862268
227 173 167864
759 426 528950
367 32 516480621
586 51 711221913
64 433 140305
461 164 526725
533 553 170240807
829 899 422116038
927 647 247978
840 395 834955
268 897 12936
635 924 110170204
458 265 806753
246 842 858762825
119 257 337285
885 802 522784
603 814 52250697
754 158 287162
772 609 378954
565 834 482596439
873 493 544775792
291 885 758297842
19 823 39811487
608 702 839608
106 992 100219377
779 664 842553589
896 86 280007
919 343 613283
944 27 116810
764 209 852935446
205 85 188963
543 166 482928
764 863 46524
669 624 182959
241 414 515871193
845 338 662857
329 278 78216974
868 851 354974
764 756 152983970
242 906 228550706
924 287 380211317
604 222 770421
117 807 522325
817 624 833574
674 426 251805872
756 890 571901
637 740 651140
833 676 333352
532 759 803212
272 667 416743
441 545 498718
595 174 561421925
269 683 11798
941 489 432831751
914 234 480223
1 432 160026250
857 602 257721761
35 274 664143320
11 724 166721
489 75 410369742
291 633 76946
343 195 529216287
435 442 68867311
598 286 385828218
800 804 84255166
176 612 107853335
227 613 157980674
723 489 448304
67 687 524290
511 491 382202971
539 479 952125
542 230 434324266
8 349 971896332
358 730 199321
670 600 617547
213 438 198755821
156 33 798485906
598 317 353018
607 609 364898992
732 496 758894
600 679 541713
292 930 178089
538 876 285608850
69 308 829371948
844 670 305489
561 45 202922
309 45 343674296
465 995 118919
327 329 413122
9 852 559257225
775 154 417199670
422 163 945067
44 889 726254695
479 288 931323324
498 857 633233
424 309 207023
955 275 109647870
701 434 138778
417 994 422168
922 390 602166
813 378 286897911
440 180 946620934
53 105 143509
522 702 13973359
491 225 344000
16 839 853763
610 170 76150
421 275 111833
925 831 112903
987 710 738561099
184 356 428002824
181 839 892004
432 674 38464729
116 282 270839
134 351 664036
612 581 392449274
674 443 649277596
663 425 795533
529 346 628064384
510 612 968931
432 676 435451040
139 742 154123
219 166 574329
843 723 991273508
656 500 943128769
962 257 474894434
938 796 924201
98 372 842059
175 91 870208424
777 376 331429
330 321 821502860
57 589 301663
35 22 388484
720 94 12984
985 825 666200
767 601 796399
349 879 155883
783 769 940341300
76 895 106933965
138 17 857765809
936 454 893286
273 272 919891522
208 713 258538
203 27 388883
829 859 239886
544 624 874873238
45 718 1448
955 355 369329
590 169 45224358
293 273 109311539
257 407 297340
852 620 897209165
584 66 895775612
134 854 713854
322 929 145254517
351 278 488000
656 231 97067231
587 941 261094
901 649 186154
512 611 760030
729 948 272182
130 548 802404
566 433 386915
927 455 63379
129 691 309332
955 279 526928
484 697 205329
220 170 296280211
457 8 315962957
592 508 499898797
977 307 21866
742 178 760497
607 982 681427809
101 405 555477
569 118 200820
567 52 903828041
902 390 471737630
115 413 777263021
187 93 67752453
868 248 696975561
865 104 897763
799 339 312754
405 780 551304
195 650 625415
574 940 286531853
340 450 437849331
499 468 289200
309 963 260508877
621 143 751218271
619 43 832296
883 54 616788
67 727 116118883
351 919 997343
725 812 191992859
197 761 461766
846 625 455975410
167 152 209090437
775 180 784263
52 673 20093
381 189 272100
826 731 932691
400 531 496849
867 509 678830
781 142 584152
420 202 18803
524 432 889430
991 224 601179845
710 346 96233
984 388 332013
202 482 658851
646 420 763363
991 868 171283798
212 844 329622
151 860 601942769
118 812 522907
212 771 194061460
446 958 55222
20 132 504864344
323 381 383863
426 54 438030951
209 874 863948826
779 470 727276193
828 766 350800934
764 654 304512
301 932 382457
632 452 123475891
861 889 768639
33 328 346685
236 967 642274399
635 708 181737584
452 216 338105
387 764 860745014
162 713 112062070
913 285 698519
974 605 730975276
348 199 691911
97 655 990453689
374 280 14039053
884 919 832270
927 339 67774678
831 297 54622027
83 830 394276881
137 201 867463
315 984 745565687
492 652 893747294
179 672 39035
696 420 321152978
981 68 623513
406 736 778404172
20 961 423762553
1000 847 984248339
915 631 347153101
632 648 441476713
318 766 482533
763 572 612107
424 629 530450
830 252 376147649
755 708 472314
812 568 36093305
432 590 783782731
39 758 353632524
843 112 780218917
478 844 196738506
631 69 215310511
50 357 352547816
412 175 64553
753 741 81175
72 388 53449754
335 175 861869203
856 111 127375298
707 877 756199
552 937 596638
665 653 892575557
258 953 278982
674 533 606910314
604 423 879568
622 716 716229842
955 862 127283696
998 749 60862672
296 424 436555
230 207 395789
977 947 554452087
994 479 24793936
438 187 854406
472 380 832845915
246 492 463628
533 364 346503344
763 819 663938
894 495 452400683
888 219 342774222
540 811 707739
5 623 222736
50 250 426098157
624 249 740966822
267 821 87497795
542 853 236533284
383 117 575504
963 45 113725
779 673 162802
786 931 645561704
25 30 241326754
122 731 66471528
975 385 274154195
827 462 429956
307 824 867603
261 830 517224
250 990 357725738
372 235 541754327
980 565 862805203
720 198 506106
580 675 711642
730 972 651409
689 29 54711046
159 33 326065
598 474 160018413
203 893 436918
720 30 881105
321 899 601526
397 46 311714
5 22 14376053
1 19 374498884
352 403 2281
641 515 805166
922 800 425823142
959 907 275203146
67 846 189481
677 924 152590
961 103 345858673
700 795 229611
55 465 57830
800 368 438166083
246 366 554814
337 267 451271
514 332 877789609
382 338 912854141
280 908 915189
18 647 99707
151 333 723149449
8 285 830745635
304 938 245556
888 446 770560817
359 542 334
349 313 350408097
365 736 800947
770 509 131133617
94 468 966378456
100 911 787979617
260 765 495484
687 20 243469355
720 8 742063
330 941 406226
991 614 876118924
336 43 720694
874 35 243289
987 829 824084108
47 166 990347981
763 755 692301
31 463 230035673
599 711 822315077
912 792 951372
595 792 88334211
824 71 782939
580 226 250155601
327 505 924158674
530 644 167021
706 194 608265
210 67 947553544
41 400 16968
311 744 543477367
487 930 822519323
606 694 267656
525 254 104752
177 201 306486
784 604 264854147
950 798 916813216
347 41 464983420
876 855 137215937
724 243 872559857
627 885 630695
347 193 841922
621 211 633712
797 480 631878
736 967 434544
184 527 400218456
499 429 295635
485 985 112358
244 801 263671
811 83 92352
544 933 754889538
800 594 908650
83 606 398520660
825 95 77407
983 16 705825
35 148 211368745
26 525 791479811
145 516 136938
384 46 781389093
352 43 424835165
306 591 607392
123 867 294285
191 168 859186
782 187 444921
838 157 769677307
642 6 448415
393 198 60631132
313 553 707672
815 818 977295491
972 101 487375754
780 619 40580
108 472 209282
753 213 115497
36 688 973278
31 6 366414361
51 846 451011
603 15 924566
1 659 705414682
849 691 528667
257 297 467760
412 719 784279
140 483 842260647
427 704 45627808
945 520 773310
423 873 377250
590 676 8901
833 682 724695023
363 679 41158820
261 799 934499976
721 25 863568
349 622 160265168
6 328 686804169
649 699 922625893
412 439 74078
393 581 438405
245 394 153310
221 981 451321135
285 753 31568
334 950 250836
615 288 834635
606 267 962368531
237 996 275235
588 115 287999887
715 743 952077
867 630 837801713
995 751 140124310
542 556 268347
952 176 606029
674 611 928460619
685 352 439966005
31 650 314089760
62 697 929475
605 888 473707868
396 315 971558
489 72 796875951
557 913 806753101
704 546 573896030
335 649 245792668
760 892 885055
470 454 721740279
65 650 427364
370 528 772266
883 379 879641123
794 17 460583
516 852 387698
353 164 541776
776 279 63573
835 519 733480
611 83 824650
881 809 176811006
99 269 188582
227 936 714434960
115 607 832965733
122 65 37124
585 841 963408127
875 21 374314517
338 962 360625983
852 92 716516
723 341 538487098
304 663 394234545
163 669 483997236
589 607 993922
343 4 703105
791 337 431703055
798 582 665773987
426 293 124711366
97 539 513376
994 144 508877624
799 782 837605
861 540 15257
756 196 668085717
227 435 874906145
666 16 976151
267 540 741289
789 826 412670
267 908 526612064
114 339 459348
765 869 334430035
595 554 8925172
889 445 94025
692 236 376548
450 119 418494
677 240 36988536
941 406 914041534
709 421 614458
315 108 5497871
442 252 162203
614 998 775981
898 883 247702
365 25 622707
344 100 780121
57 175 622958
631 284 995490
351 469 786311
160 103 15257
315 130 19022769
228 672 176790833
318 336 203158729
572 661 173324917
552 757 314145
476 910 407817741
878 844 167816
974 270 291631875
377 960 828370
452 76 5697147
606 35 560506036
14 54 561545
812 453 418314
759 919 172433784
350 366 920293247
202 237 921707
821 83 9304
362 752 285100
43 262 175812
637 74 973422138
620 632 81786
664 657 710519371
380 361 49163991
299 709 372632
294 226 25486
228 667 543271973
231 198 146265
165 854 37944583
470 875 109627369
882 354 263057478
137 622 9949
772 284 505972
403 585 903201094
428 889 330273
838 305 923800
83 942 554274974
789 531 611066
71 635 621816
631 208 683428952
244 327 400786536
922 68 244528032
338 991 301858
624 311 925737699
458 508 445213
676 652 387955
391 653 941394
190 711 958291
178 4 880536
556 212 911326329
686 583 855738
525 955 303048
478 239 863065638
261 354 623763
325 572 923397
380 220 498515142
120 763 891902347
969 13 370757
522 691 850781
729 504 218867705
993 214 951552123
517 972 815716358
790 4 873108
404 124 98767006
65 251 608113069
575 908 717763
242 126 154189962
923 52 261216
544 347 938704525
167 952 413895
618 541 283881
601 477 503949
176 386 261577365
922 382 631886453
549 229 348288625
892 897 989415
673 935 428093
644 997 441974542
207 118 545980443
674 950 154406548
494 864 861815586
627 49 627400723
767 270 964737
844 391 584054
725 555 77098776
197 297 364524
152 677 253871
744 983 6190811
603 695 142478522
276 458 366788332
120 970 822668256
432 227 722037150
899 269 115636
183 839 198340
83 746 198795886
488 503 779971579
859 753 853817
902 331 404629
387 737 562679963
122 53 918448293
951 857 685109657
783 596 866540326
320 914 714880
335 82 482392942
97 569 479819928
697 502 301134
584 791 758220
868 851 22963129
831 573 151145532
549 946 922932119
19 195 84421
922 266 232254444
170 880 470746480
252 18 938918107
595 848 668481
271 495 277086
663 391 846978963
933 430 954005150
873 451 615091977
293 84 810159320
331 732 537945
546 975 242317
652 359 955230695
238 865 835423147
897 482 37209546
337 518 622909
602 323 458370
470 697 265864659
411 499 891427
147 607 77863
557 218 104012936
602 182 886500
717 723 328422
397 378 33378
292 121 458304
555 785 143592
43 719 463622621
695 60 813451332
697 846 777283
999 553 455874
139 307 520372643
554 903 448835
270 501 388314
601 786 708513852
47 686 445443121
635 502 255649659
851 472 24307544
750 706 330902
426 598 9435373
419 703 586647310
709 693 955788
521 701 476964457
628 820 540554594
564 836 837874
340 577 95916
405 724 986865
664 935 158799764
238 172 495477510
430 986 396573840
952 89 482335351
178 372 505324
497 705 64918
379 165 127110
465 149 132742375
151 412 770615579
714 389 430298
877 35 18862
138 912 370434
65 483 208415
262 158 174397193
36 678 806017710
351 549 523793186
905 679 14946
970 959 33128526
127 42 249556098
500 301 815509
490 301 193269
167 639 949790088
406 232 900973931
515 116 49248
64 697 638864
459 700 615640
227 801 112396570
739 788 160919609
769 755 212971
175 697 170692
856 184 317870418
833 222 3778
219 581 8248
136 572 568379
586 365 272987805
16 596 838040
281 90 669089
432 828 141600749
725 477 489744507
284 1000 897987933
616 86 816623478
924 652 84866
707 638 867701
416 118 506221
314 282 550271
486 201 376745
102 668 840780
702 705 538991
662 595 881855
341 84 311112
763 234 593516107
772 900 271651
40 327 109175
629 16 376762
293 255 765793802
533 753 66037128
603 720 615766508
322 918 515101208
497 705 549591
393 238 80853
339 78 363947965
138 323 566597123
122 621 92214861
193 767 833700297
689 311 408346
180 102 706551
448 816 814315172
336 781 610366
472 697 560954
164 770 962722223
634 911 957050
601 28 85120963
917 999 156194663
682 896 298721808
244 121 273160419
229 627 109157562
189 142 862513325
299 497 465339209
578 428 957208
320 489 799091
668 753 362981
167 90 753127780
643 77 967521579
951 412 154587
525 268 267717895
262 176 35240883
409 541 860703964
620 464 956502
652 273 986669
289 989 385061
544 129 946394248
941 725 163770613
790 37 164397786
219 213 430263992
207 409 302718
461 433 69905185
950 717 383678464
494 624 542980
292 291 570449
783 92 385325518
673 540 110661
641 909 412151358
679 750 418920737
847 903 269868215
294 920 72387388
890 756 615239
284 179 185669662
577 520 860746649
109 600 96134574
915 521 930670805
105 281 222642
672 486 202364808
301 227 165597
426 476 939369786
333 793 811439656
