4
50 100
44 6 119
7 25 209
29 21 399
22 4 254
43 13 313
39 33 473
38 22 976
32 45 638
25 39 677
41 31 695
10 1 45110249
21 50 13259010
13 39 6712795
10 47 982
7 17 505
5 30 935
20 41 163
2 10 424
45 26 26672730
47 20 80972069
26 4 53752602
19 32 65357449
14 35 44
37 30 6968448
19 5 202
34 27 83
31 42 51713507
1 31 53297102
7 24 942
43 38 67391627
18 38 27240570
16 6 1438726
32 36 997
1 34 63181415
6 21 87822492
1 34 235
13 50 43357026
34 26 77505627
17 45 1953847
11 8 25157828
2 38 7632478
28 15 95090809
43 23 367
25 42 568
50 30 23182062
3 28 25104498
45 15 398
46 46 7450162
50 10 16410557
32 29 735
2 36 97789882
48 44 39130792
37 13 87886328
3 43 387
14 20 120
7 16 18
24 19 233
8 50 87270329
12 3 572
8 38 718
10 9 552
39 30 88485380
35 42 61251014
44 27 22252722
38 7 354
49 28 849
18 40 698
46 12 68076151
14 50 157
18 8 109
17 47 75498677
41 47 53652166
29 32 45530604
44 32 939
25 27 31464399
35 4 74501830
2 15 31370774
49 18 681
37 2 314
18 26 94137294
5 4 79296831
30 7 53365102
10 49 383
28 10 36128147
27 45 20633273
45 9 57118524
47 28 54708218
27 12 786
13 14 890
46 37 484
26 21 65969361
48 46 717
29 48 785
49 36 87027694
25 41 81444585
3 11 201
44 39 68724590
41 44 607
39 26 574
41 6 60303810
